1500.000000000 0.548672565
1503.526547071 0.539130433
1507.162542457 0.561525130
1510.907781993 0.552901025
1514.762061516 0.580101181
1518.725176859 0.565789474
1522.796923859 0.581583200
1526.977098350 0.564263324
1531.265496168 0.552995391
1535.661913149 0.572496264
1540.166145127 0.562408224
1544.777987938 0.575322812
1549.497237417 0.565585331
1554.323689399 0.584362139
1559.257139720 0.573351277
1564.297384215 0.588466578
1569.444218719 0.575641025
1574.697439068 0.594257179
1580.056841096 0.584766586
1585.522220640 0.593787335
1591.093373534 0.581286549
1596.770095614 0.598631699
1602.552182715 0.587248322
1608.439430673 0.596300326
1614.431635321 0.584845251
1620.528592497 0.598540145
1626.730098035 0.587512794
1633.035947771 0.596211365
1639.445937539 0.584555228
1645.959863175 0.600190839
1652.577520515 0.587850466
1659.298705393 0.598173516
1666.123213645 0.586917563
1673.050841107 0.602451838
1680.081383612 0.591573517
1687.214636998 0.602854743
1694.450397099 0.620065789
1701.788459750 0.606596942
1709.228620787 0.620853080
1716.770676045 0.607418856
1724.414421359 0.626423690
1732.159652565 0.613382899
1740.006165498 0.625364431
1747.953755993 0.611546686
1756.002219885 0.626396648
1764.151353010 0.612704918
1772.400951203 0.624916276
1780.750810299 0.610602094
1789.200726134 0.624358974
1797.750494543 0.611424984
1806.399911361 0.623384615
1815.148772423 0.609873570
1823.996873565 0.627659574
1832.944010623 0.614583333
1841.989979430 0.627551021
1851.134575824 0.614317426
1860.377595638 0.629146275
1869.718834708 0.615753060
1879.158088870 0.628779978
1888.695153959 0.614678898
1898.329825810 0.629370629
1908.061900259 0.615835777
1917.891173140 0.628051700
1927.817440289 0.614232210
1937.840497541 0.627576729
1947.960140732 0.613524406
1958.176165697 0.626643295
1968.488368270 0.612157534
1978.896544289 0.628248114
1989.400489587 0.614344262
2000.000000000 0.626602564
2010.694871363 0.611893584
2021.484899512 0.625860750
2032.369880282 0.611360239
2043.349609509 0.624862888
2054.423883026 0.610575205
2065.592496671 0.624825175
2076.855246277 0.610940171
2088.211927681 0.621196924
2099.662336718 0.606991179
2111.206269222 0.620204604
2122.843521030 0.606060606
2134.573887976 0.616559731
2146.397165896 0.602747909
2158.313150625 0.614327485
2170.321637999 0.600972540
2182.422423852 0.610473257
2194.615304020 0.597587719
2206.900074339 0.609395973
2219.276530643 0.596583443
2231.744468768 0.605717229
2244.303684549 0.593789447
2256.953973822 0.604311199
2269.695132421 0.593142023
2282.526956183 0.601146405
2295.449240941 0.590290807
2308.461782533 0.600415034
2321.564376792 0.590610116
2334.756819554 0.597811523
2348.038906655 0.588739828
2361.410433930 0.597180043
2374.871197214 0.589002995
2388.420992342 0.594343605
2402.059615150 0.586788914
2415.786861473 0.594110379
2429.602527146 0.586978637
2443.506408004 0.590589182
2457.498299884 0.583896620
2471.577998619 0.587020649
2485.745300046 0.580852306
2500.000000000 0.581583510
2514.341861506 0.581488550
2528.770516353 0.576101343
2543.285563520 0.572981075
2557.886601985 0.567873723
2572.573230727 0.563673169
2587.345048725 0.558635783
2602.201654958 0.553183791
2617.142648404 0.549012567
2632.167628042 0.543137255
2647.276192852 0.539674106
2662.467941811 0.532394366
2677.742473899 0.529411765
2693.099388095 0.521156190
2708.538283376 0.518537768
2724.058758723 0.508451190
2739.660413113 0.506442192
2755.342845526 0.495893224
2771.105654940 0.493865031
2786.948440335 0.481160896
2802.870800688 0.479127937
2818.872334979 0.465914829
2834.952642187 0.463806971
2851.111321289 0.448965977
2867.347971266 0.446804979
2883.662191096 0.431874484
2900.053579757 0.429251477
2916.521736228 0.412628487
2933.066259489 0.409886548
2949.686748518 0.392822658
2966.382802294 0.389687101
2983.154019795 0.372347165
3000.000000000 0.369073783
3016.921274854 0.365743622
3033.922108164 0.348898135
3051.007696704 0.345490615
3068.183237245 0.328700906
3085.453926561 0.325310211
3102.824961425 0.310252996
3120.301538609 0.306937939
3137.888854888 0.293180831
3155.592107033 0.289948454
3173.416491818 0.278289194
3191.367206015 0.275210084
3209.449446397 0.264856628
3227.668409739 0.262025490
3246.029292811 0.259219089
3264.537292388 0.251106640
3283.197605242 0.248407643
3302.015428146 0.241497045
3320.995957874 0.238955302
3340.144391198 0.234212219
3359.465924890 0.231797352
3378.965755725 0.227725268
3398.649080475 0.225452277
3418.521095912 0.223430549
3438.586998811 0.221324520
3458.851985943 0.220106718
3479.321254081 0.218122822
3500.000000000 0.218437351
3520.889690743 0.219572660
3541.976874443 0.217645682
3563.244369506 0.220262272
3584.674994335 0.218512549
3606.251567335 0.222285714
3627.956906912 0.220821980
3649.773831469 0.226221370
3671.685159412 0.232910540
3693.673709145 0.231791778
3715.722299073 0.239875389
3737.813747600 0.239050893
3759.930873131 0.248534454
3782.056494072 0.258748206
3804.173428826 0.258462896
3826.264495798 0.269010359
3848.312513394 0.269040009
3870.300300017 0.280136760
3892.210674072 0.280508007
3914.026453965 0.291546802
3935.730458099 0.292193391
3957.305504880 0.303235850
3978.734412712 0.304318715
4000.000000000 0.315217391
4021.089673671 0.316922037
4042.009194740 0.328195830
4062.768912748 0.330367328
4083.379177231 0.340838599
4103.850337729 0.343363037
4124.192743779 0.353098789
4144.416744922 0.355792933
4164.532690694 0.364550077
4184.550930635 0.367373689
4204.481814282 0.375075039
4224.335691175 0.378254026
4244.122910852 0.381394213
4263.853822851 0.388662970
4283.538776712 0.392190997
4303.188121971 0.398719076
4322.812208169 0.402816544
4342.421384842 0.408385690
4362.026001531 0.412671677
4381.636407773 0.417321803
4401.262953107 0.422154498
4420.915987071 0.427077748
4440.605859204 0.430954965
4460.342919044 0.436221337
4480.137516130 0.439210782
4500.000000000 0.444522571
4519.937590740 0.449516496
4539.944990624 0.451265095
4560.013772472 0.456051141
4580.135509107 0.456052825
4600.301773348 0.460376241
4620.504138017 0.459261474
4640.734175935 0.463069038
4660.983459923 0.460346399
4681.243562802 0.463941203
4701.506057393 0.459509486
4721.762516517 0.462721342
4742.004512995 0.457205445
4762.223619648 0.460520094
4782.411409298 0.454372322
4802.559454764 0.446947907
4822.659328869 0.450112649
4842.702604433 0.442158133
4862.680854277 0.445114989
4882.585651223 0.436832594
4902.408568090 0.439794906
4922.141177701 0.430807660
4941.775052877 0.433769282
4961.301766438 0.424375422
4980.712891205 0.427115188
5000.000000000 0.417479049
5019.156693968 0.407955915
5038.184687554 0.410856746
5057.087723528 0.401257203
5075.869544659 0.404150545
5094.533893718 0.395179869
5113.084513472 0.397930050
5131.525146693 0.388719238
5149.859536150 0.391461650
5168.091424612 0.382122702
5186.224554849 0.384643577
5204.262669631 0.375784422
5222.209511727 0.378509017
5240.068823907 0.369780940
5257.844348940 0.372711832
5275.539829596 0.363826550
5293.159008645 0.366615561
5310.705628856 0.357294686
5328.183432999 0.360569423
5345.596163844 0.351447135
5362.947564160 0.355011933
5380.241376716 0.345333870
5397.481344283 0.349694501
5414.671209630 0.340074288
5431.814715527 0.344842017
5448.915604742 0.334323923
5465.977620046 0.339732528
5483.004504209 0.328583955
5500.000000000 0.334150691
5516.967337840 0.339986392
5533.907698754 0.328403051
5550.821751419 0.334431631
5567.710164511 0.321985136
5584.573606709 0.328201369
5601.412746687 0.314057827
5618.228253124 0.320447609
5635.020794695 0.305995328
5651.791040077 0.312566278
5668.539657948 0.298402383
5685.267316983 0.305009687
5701.974685860 0.290039615
5718.662433255 0.296671490
5735.331227845 0.303613744
5751.981738307 0.286711165
5768.614633317 0.293478261
5785.230581552 0.276805600
5801.830251689 0.283479961
5818.414312404 0.265020027
5834.983432375 0.271452992
5851.538280278 0.251664915
5868.079524789 0.257809695
5884.607834586 0.236658079
5901.123878345 0.242458522
5917.628324743 0.222265172
5934.121842456 0.227632621
5950.605100162 0.206980519
5967.078766537 0.212411495
5983.543510257 0.192225544
6000.000000000 0.197195442
6016.448578655 0.202247191
6032.888285967 0.180939226
6049.317835891 0.185289957
6065.735942386 0.165860734
6082.141319408 0.169886081
6098.532680913 0.149822244
6114.908740860 0.131113424
6131.268213204 0.134185304
6147.609811904 0.114861187
6163.932250915 0.117548747
6180.234244195 0.100056850
6196.514505702 0.102266124
6212.771749390 0.083629893
6229.004689219 0.085454545
6245.212039145 0.070413836
6261.392513124 0.071878941
6277.544825114 0.055234426
6293.667689071 0.056393443
6309.759818953 0.044666667
6325.819928717 0.045454546
6341.846732320 0.033103448
6357.838943718 0.033660589
6373.795276868 0.027007817
6389.714445728 0.027436822
6405.595164255 0.019033674
6421.436146404 0.019287833
6437.236106135 0.016528925
6452.993757403 0.016755521
6468.707814165 0.010785824
6484.376990378 0.010928961
6500.000000000 0.010276679
6515.576078936 0.005608975
6531.106550891 0.005686434
6546.593261516 0.005766063
6562.038056465 0.005000001
6577.442781390 0.005067568
6592.809281945 0.001710865
6608.139403781 0.001730105
6623.434992552 0.003499563
6638.697893911 0.003542958
6653.929953510 -0.000895255
6669.133017002 -0.000904159
6684.308930040 0.004570383
6699.459538277 0.004625346
6714.586687365 -0.000933706
6729.692222957 -0.000941619
6744.777990706 0.000949667
6759.845836265 0.000958772
6774.897605286 -0.002892961
6789.935143423 -0.002915452
6804.960296328 -0.000978473
6819.974909653 -0.000984251
6834.980829053 -0.002970298
6849.979900178 -0.002985075
6864.973968683 -0.002997004
6879.964880220 -0.003015076
6894.954480442 -0.007063573
6909.944615001 -0.007070708
6924.937129550 -0.007092199
6939.933869743 -0.007113822
6954.936681232 -0.011190234
6969.947409669 -0.011224490
6984.967900707 -0.011258957
7000.000000000 -0.011282052
7015.044759992 -0.016427105
7030.100060295 -0.016443988
7045.162987315 -0.017471736
7060.230627455 -0.017453798
7075.300067122 -0.021538461
7090.368392718 -0.021472392
7105.432690650 -0.020429009
7120.490047321 -0.020366599
7135.537549136 -0.025303643
7150.572282500 -0.025150905
7165.591333818 -0.024048096
7180.591789493 -0.023880597
7195.570735932 -0.028684470
7210.525259538 -0.028487229
7225.452446716 -0.028292682
7240.349383871 -0.028073572
7255.213157408 -0.033589252
7270.040853731 -0.033333334
7284.829559244 -0.035071090
7299.576360353 -0.040451551
7314.278343462 -0.040224507
7328.932594975 -0.039069766
7343.536201298 -0.038781162
7358.086248835 -0.043158862
7372.579823991 -0.043000915
7387.014013170 -0.043636364
7401.385902777 -0.043399638
7415.692579216 -0.044064748
7429.931128893 -0.043710972
7444.098638212 -0.043439716
7458.192193577 -0.043248014
7472.208881394 -0.044854880
7486.145788067 -0.044697632
7500.000000000 -0.042832167
7513.769534945 -0.042645779
7527.456136041 -0.042571676
7541.062477772 -0.040727902
7554.591234623 -0.040622298
7568.045081081 -0.042241379
7581.426691629 -0.042132416
7594.738740754 -0.043627032
7607.983902939 -0.043478261
7621.164852671 -0.045068027
7634.284264435 -0.044991511
7647.344812715 -0.044839255
7660.349171997 -0.044839255
7673.300016766 -0.046452703
7686.200021507 -0.046452703
7699.051860705 -0.046335299
7711.858208846 -0.044688027
7724.621740414 -0.044575273
7737.345129895 -0.043660789
7750.031051773 -0.043551089
7762.682180535 -0.042785234
7775.301190664 -0.042713567
7787.890756647 -0.042749370
7800.453552968 -0.042749370
7812.992254113 -0.041107382
7825.509534566 -0.041072925
7838.008068813 -0.042821159
7850.490531339 -0.042857143
7862.959596629 -0.042016806
7875.417939168 -0.042016806
7887.868233442 -0.043734230
7900.313153935 -0.043771044
7912.755375133 -0.043807919
7925.197571521 -0.043956044
7937.642417583 -0.045762711
7950.092587806 -0.045801526
7962.550756674 -0.045840407
7975.019598672 -0.045918366
7987.501788286 -0.046888321
8000.000000000 -0.047048760
8012.516224399 -0.047250860
8025.049716461 -0.045729076
8037.599047265 -0.045967042
8050.162787886 -0.046997388
8062.739509404 -0.047161571
8075.327782896 -0.047326905
8087.926179439 -0.047619047
8100.533270111 -0.046058459
8113.147625990 -0.046263345
8125.767818153 -0.046511628
8138.392417677 -0.046762590
8151.019995641 -0.047833935
8163.649123121 -0.048007246
8176.278371196 -0.047315742
8188.906310943 -0.047531993
8201.531513440 -0.048623853
8214.152549764 -0.048892988
8226.767990993 -0.049119555
8239.376408205 -0.049394221
8251.976372476 -0.051449954
8264.566454885 -0.051837889
8277.145226509 -0.051136363
8289.711258426 -0.051575930
8302.263121713 -0.052833814
8314.799387449 -0.053294574
8327.318626710 -0.053606238
8339.819410574 -0.054080630
8352.300310119 -0.054294176
8364.759896422 -0.054563493
8377.196740561 -0.052788844
8389.609413614 -0.054108218
8401.996486658 -0.054380666
8414.356530770 -0.054822336
8426.688117029 -0.055214725
8438.989816512 -0.056701032
8451.260200296 -0.056935818
8463.497839460 -0.058212058
8475.701305080 -0.058333333
8487.869168234 -0.059685863
8500.000000000 -0.059873949
8512.092795095 -0.060253699
8524.148242797 -0.060509554
8536.167456022 -0.060897435
8548.151547687 -0.061224489
8560.101630710 -0.061488673
8572.018818006 -0.060606061
8583.904222493 -0.060935800
8595.758957087 -0.062227074
8607.584134706 -0.062499999
8619.380868267 -0.061674009
8631.150270686 -0.062015504
8642.893454880 -0.063333333
8654.611533767 -0.063616071
8666.305620262 -0.063758389
8677.976827284 -0.064044943
8689.626267748 -0.066441442
8701.255054572 -0.066817668
8712.864300672 -0.065909092
8724.455118966 -0.066285715
8736.028622371 -0.067660551
8747.585923803 -0.067972351
8759.128136179 -0.068050750
8770.656372416 -0.068366165
8782.171745431 -0.070765661
8793.675368141 -0.071012805
8805.168353463 -0.068844808
8816.651814313 -0.069248827
8828.126863609 -0.069330200
8839.594614267 -0.069822486
8851.056179205 -0.067615658
8862.512671339 -0.068100358
8873.965203586 -0.068345323
8885.414888863 -0.068923820
8896.862840087 -0.067796610
8908.310170175 -0.068209501
8919.757992043 -0.069512194
8931.207418609 -0.069767441
8942.659562789 -0.070991431
8954.115537501 -0.071340712
8965.576455661 -0.071428570
8977.043430187 -0.074441687
8988.517573994 -0.074626866
9000.000000000 -0.076441102
9011.491465184 -0.077791718
9022.991302775 -0.078282827
9034.498490062 -0.077117572
9046.012004337 -0.077509529
9057.530822890 -0.076238882
9069.053923011 -0.076824584
9080.580281991 -0.075738126
9092.108877120 -0.076030928
9103.638685690 -0.073643410
9115.168684989 -0.073929961
9126.697852310 -0.071335928
9138.225164942 -0.071801567
9149.749600176 -0.073298429
9161.270135302 -0.073976222
9172.785747611 -0.074369190
9184.295414394 -0.074866310
9195.798112941 -0.075067024
9207.292820542 -0.075471698
9218.778514488 -0.075370121
9230.254172070 -0.075983718
9241.718770578 -0.078911566
9253.171287302 -0.079234974
9264.610699533 -0.080821919
9276.035984562 -0.081155434
9287.446119679 -0.083791208
9298.840082174 -0.084370677
9310.216849338 -0.084487534
9321.575398462 -0.084958217
9332.914706836 -0.085434173
9344.233751751 -0.084626234
9355.531510496 -0.084865629
9366.806960364 -0.082621084
9378.059078643 -0.082738946
9389.286842625 -0.081545064
9400.489229600 -0.081545064
9411.665216859 -0.081896551
9422.813781692 -0.082014388
9433.933901389 -0.082728591
9445.024553242 -0.082969432
9456.084714540 -0.082232012
9467.113362574 -0.082352941
9478.109474636 -0.084444444
9489.072028014 -0.084194977
9500.000000000 -0.083582090
9510.892694944 -0.083582090
9521.750725434 -0.084210526
9532.575031117 -0.084210526
9543.366551642 -0.085106383
9554.126226655 -0.085106383
9564.854995806 -0.085758040
9575.553798741 -0.084485408
9586.223575108 -0.085007729
9596.865264555 -0.086687307
9607.479806730 -0.087227414
9618.068141281 -0.087227414
9628.631207854 -0.087774295
9639.169946098 -0.089763779
9649.685295661 -0.090476190
9660.178196190 -0.090764330
9670.649587332 -0.091639871
9681.100408737 -0.095008052
9691.531600051 -0.095623988
9701.944100922 -0.092682926
9712.338850997 -0.093137254
9722.716789926 -0.094926349
9733.078857354 -0.095551893
9743.425992931 -0.090909092
9753.759136303 -0.091362127
9764.079227119 -0.091666668
9774.387205025 -0.092127304
9784.684009671 -0.087542087
9794.970580703 -0.087986464
9805.247857769 -0.093537416
9815.516780517 -0.094017095
9825.778288595 -0.092783504
9836.033321651 -0.093264247
9846.282819331 -0.100694443
9856.527721284 -0.101221639
9866.768967158 -0.101933214
9877.007496600 -0.102473497
9887.244249259 -0.106194690
9897.480164780 -0.106571936
9907.716182814 -0.103756710
9917.953243006 -0.104129266
9928.192285005 -0.112318842
9938.434248459 -0.113138688
9948.680073015 -0.110091743
9958.930698321 -0.110497237
9969.187064025 -0.116666668
9979.450109774 -0.116666668
9989.720775217 -0.115671644
10000.000000000 -0.116541355
10010.288437026 -0.117202270
10020.585592213 -0.125475287
10030.890684732 -0.126679465
10041.202933757 -0.121153847
10051.521558459 -0.122093024
10061.845778011 -0.127906975
10072.174811585 -0.128654969
10082.507878352 -0.123287672
10092.844197486 -0.124260356
10103.182988158 -0.130434781
10113.523469541 -0.131999998
10123.864860807 -0.126506025
10134.206381127 -0.127016130
10144.547249675 -0.131845841
10154.886685623 -0.132382891
10165.223908141 -0.124489795
10175.558136404 -0.125256672
10185.888589583 -0.134297520
10196.214486850 -0.135416666
10206.535047377 -0.128691982
10216.849490337 -0.130063965
10227.157034902 -0.137339056
10237.456900243 -0.138828634
10247.748305534 -0.134782606
10258.030469947 -0.135371177
10268.302612653 -0.144420129
10278.563952825 -0.145695362
10288.813709635 -0.137168139
10299.051102255 -0.138392855
10309.275349858 -0.147982061
10319.485671615 -0.149321265
10329.681286699 -0.138952163
10339.861414282 -0.140229884
10350.025273536 -0.147126437
10360.172083634 -0.148837210
10370.301063748 -0.144522142
10380.411433049 -0.144522142
10390.502410711 -0.154205605
10400.573215904 -0.156028366
10410.623067802 -0.146572101
10420.651185577 -0.147971358
10430.656788401 -0.158273379
10440.639095446 -0.160194172
10450.597325884 -0.153658538
10460.530698887 -0.155172415
10470.438433628 -0.163366334
10480.319749279 -0.164999997
10490.173865013 -0.158291459
10500.000000000 -0.159493672
10509.797640348 -0.159493672
10519.567339897 -0.171355500
10529.309919424 -0.172236505
10539.026199703 -0.167958655
10548.717001509 -0.168393782
10558.383145618 -0.175853020
10568.025452806 -0.175853020
10577.644743846 -0.164456231
10587.241839516 -0.164456231
10596.817560589 -0.168900800
10606.372727842 -0.167999996
10615.908162049 -0.161725067
10625.424683986 -0.162601626
10634.923114428 -0.170329668
10644.404274150 -0.170329668
10653.868983928 -0.169916433
10663.318064536 -0.169916433
10672.752336751 -0.182072828
10682.172621347 -0.182584268
10691.579739100 -0.178977274
10700.974510785 -0.179487182
10710.357757177 -0.193641621
10719.730299051 -0.193641621
10729.092957183 -0.191860462
10738.446552349 -0.191304345
10747.791905322 -0.195906435
10757.129836880 -0.195906435
10766.461167796 -0.189910980
10775.786718846 -0.190476190
10785.107310805 -0.201201203
10794.423764450 -0.201201203
10803.736900554 -0.203647418
10813.047539893 -0.196969695
10822.356503243 -0.198776757
10831.664611379 -0.203076920
10840.972685076 -0.204968942
10850.281545109 -0.195046441
10859.592012253 -0.197492164
10868.904907285 -0.206896548
10878.221050979 -0.209523806
10887.541264110 -0.200000001
10896.866367453 -0.201923079
10906.197181785 -0.198083064
10915.534527880 -0.199999997
10924.879226514 -0.189710612
10934.232098461 -0.192182412
10943.593964497 -0.201298698
10952.965645398 -0.205298011
10962.347961938 -0.195364241
10971.741734893 -0.197324416
10981.147785038 -0.207357856
10990.566933149 -0.210884351
11000.000000000 -0.206081079
11009.447528263 -0.220689654
11018.908948193 -0.220689654
11028.383411941 -0.214788731
11037.870071657 -0.214035086
11047.368079492 -0.225000002
11056.876587597 -0.222614844
11066.394748124 -0.212996392
11075.921713222 -0.209219861
11085.456635042 -0.215827339
11094.998665736 -0.213523132
11104.546957454 -0.205776172
11114.100662347 -0.204301073
11123.658932567 -0.218518521
11133.220920262 -0.217712179
11142.785777585 -0.215094338
11152.352656687 -0.215909089
11161.920709718 -0.226923079
11171.489088828 -0.224334602
11181.056946170 -0.220930231
11190.623433893 -0.227799229
11200.187704149 -0.232283468
11209.748909088 -0.220472442
11219.306200861 -0.224000001
11228.858731619 -0.227091631
11238.405653512 -0.229838708
11247.946118692 -0.227999999
11257.479279310 -0.229838708
11267.004287516 -0.236947794
11276.520295461 -0.238866400
11286.026455296 -0.233870964
11295.521919171 -0.235772355
11305.005839238 -0.244897960
11314.477367648 -0.249999998
11323.935656550 -0.249999998
11333.379858097 -0.257261407
11342.809124438 -0.257261407
11352.222607725 -0.263598328
11361.619460109 -0.265822788
11370.998833740 -0.274678112
11380.359880769 -0.273504275
11389.701753347 -0.271551726
11399.023603624 -0.270386269
11408.324583753 -0.268398263
11417.603845882 -0.268398263
11426.860542164 -0.258771932
11436.093824749 -0.258771932
11445.302845788 -0.256637165
11454.486757432 -0.257777774
11463.644711831 -0.251121076
11472.775861137 -0.252252253
11481.879357500 -0.261467889
11490.954353070 -0.263888887
11500.000000000 -0.258215965
11509.015687893 -0.266355139
11518.001756169 -0.267605632
11526.958781702 -0.252336443
11535.887341365 -0.254716976
11544.788012031 -0.252336443
11553.661370574 -0.255924165
11562.507993868 -0.254716976
11571.328458785 -0.252380951
11580.123342199 -0.251184831
11588.893220985 -0.254807690
11597.638672014 -0.254807690
11606.360272161 -0.254901961
11615.058598299 -0.256157635
11623.734227301 -0.264999997
11632.387736041 -0.263681590
11641.019701392 -0.256281409
11649.630700229 -0.256281409
11658.221309423 -0.258883252
11666.792105849 -0.258883252
11675.343666381 -0.256410250
11683.876567890 -0.255102036
11692.391387252 -0.251282048
11700.888701340 -0.249999997
11709.369087026 -0.246153846
11717.833121184 -0.244897959
11726.281380688 -0.252577318
11734.714442412 -0.253886008
11743.132883228 -0.235602093
11751.537280010 -0.238095236
11759.928209632 -0.244565215
11768.306248967 -0.244565215
11776.671974888 -0.245901636
11785.025964269 -0.224043712
11793.368793984 -0.224043712
11801.701040905 -0.221621619
11810.023281906 -0.222826084
11818.336093861 -0.211956525
11826.640053644 -0.215469617
11834.935738126 -0.230769226
11843.223724183 -0.233333328
11851.504588687 -0.223463687
11859.778908512 -0.225988701
11868.047260532 -0.235955049
11876.310221619 -0.238636358
11884.568368647 -0.238636358
11892.822278490 -0.228571428
11901.072528021 -0.231213874
11909.319694114 -0.226744189
11917.564353642 -0.226744189
11925.807083478 -0.204678365
11934.048460496 -0.205882357
11942.289061569 -0.210526318
11950.529463571 -0.210526318
11958.770243375 -0.201183427
11967.011977855 -0.199999995
11975.255243884 -0.201183427
11983.500618336 -0.203592808
11991.748678083 -0.197604787
12000.000000000 -0.196428568
12008.255018183 -0.198795179
12016.513595622 -0.204819272
12024.775452528 -0.204819272
12033.040309116 -0.198795179
12041.307885597 -0.202453984
12049.577902184 -0.209876551
12057.850079090 -0.212500006
12066.124136527 -0.201257861
12074.399794708 -0.205128205
12082.676773847 -0.205128205
12090.954794154 -0.206451612
12099.233575843 -0.192307686
12107.512839128 -0.192307686
12115.792304219 -0.187096770
12124.071691330 -0.187096770
12132.350720674 -0.167741928
12140.629112464 -0.168831161
12148.906586911 -0.176470579
12157.182864228 -0.176470579
12165.457664629 -0.177631569
12173.730708326 -0.177631569
12182.001715531 -0.190789470
12190.270406458 -0.190789470
12198.536501318 -0.177631582
12206.799720324 -0.178807950
12215.059783690 -0.195945942
12223.316411627 -0.198630135
12231.569324349 -0.187500004
12239.818242068 -0.188811192
12248.062884997 -0.191489366
12256.302973348 -0.188811192
12264.538227334 -0.174825171
12272.768367167 -0.173611108
12280.993113061 -0.187499989
12289.212185228 -0.186206887
12297.425303880 -0.169014086
12305.632189231 -0.171428571
12313.832561492 -0.178571425
12322.026140877 -0.179856111
12330.212647598 -0.173913042
12338.391801868 -0.173913042
12346.563323900 -0.179856111
12354.726933905 -0.183823526
12362.882352097 -0.155555551
12371.029298689 -0.155555551
12379.167493893 -0.156716415
12387.296657922 -0.157894734
12395.416510987 -0.152671755
12403.526773303 -0.153846155
12411.627165082 -0.165354326
12419.717406536 -0.165354326
12427.797217878 -0.153225811
12435.866319320 -0.150793656
12443.924431076 -0.177419347
12451.971273358 -0.173228338
12460.006566378 -0.175999993
12468.030030349 -0.171874992
12476.041385485 -0.174603165
12484.040351996 -0.173228338
12492.026650097 -0.161290323
12500.000000000 -0.160000001
12507.960205338 -0.165289257
12515.907403425 -0.147540976
12523.841814999 -0.149999991
12531.763660794 -0.132231406
12539.673161546 -0.134453781
12547.570537990 -0.142857138
12555.456010863 -0.145299142
12563.329800900 -0.145299142
12571.192128836 -0.147826082
12579.043215408 -0.155172405
12586.883281351 -0.153846146
12594.712547400 -0.161016952
12602.531234291 -0.159663869
12610.339562760 -0.184873940
12618.137753542 -0.188034180
12625.926027374 -0.213675210
12633.704604990 -0.219298243
12641.473707127 -0.256637165
12649.233554519 -0.261261255
12656.984367904 -0.276785719
12664.726368015 -0.284403676
12672.459775590 -0.315315318
12680.184811363 -0.321100924
12687.901696070 -0.324324323
12695.610650447 -0.327272730
12703.311895230 -0.339285723
12711.005651154 -0.348623864
12718.692138955 -0.336363635
12726.371579368 -0.352380949
12734.044193129 -0.377358494
12741.710200974 -0.396039606
12749.369823638 -0.417475739
12757.023281857 -0.425742581
12764.670796367 -0.428571426
12772.312587903 -0.449999995
12779.948877201 -0.436893205
12787.579884997 -0.454545456
12795.205832026 -0.469999985
12802.826939024 -0.489583317
12810.443426726 -0.489583317
12818.055515868 -0.505376330
12825.663427187 -0.489583317
12833.267381416 -0.510869549
12840.867599293 -0.494845363
12848.464301552 -0.505263155
12856.057708930 -0.515463910
12863.648042162 -0.543478250
12871.235521983 -0.548387083
12878.820369130 -0.586206875
12886.402804338 -0.576086951
12893.983048342 -0.609195393
12901.561321878 -0.597826093
12909.137845683 -0.611111124
12916.712840490 -0.615384612
12924.286527037 -0.651162798
12931.859126059 -0.629213487
12939.430858291 -0.666666667
12947.001944469 -0.662790700
12954.572605329 -0.695121954
12962.143061606 -0.674698808
12969.713534036 -0.700000000
12977.284243355 -0.666666667
12984.855410298 -0.691358029
12992.427255601 -0.686746978
13000.000000000 -0.703703702
13007.573864230 -0.686746978
13015.149069026 -0.753246772
13022.725835126 -0.734177223
13030.304383263 -0.792207791
13037.884934174 -0.772151907
13045.467708594 -0.779220784
13053.052927260 -0.759493666
13060.640810906 -0.789473684
13068.231580268 -0.759493666
13075.825456083 -0.776315796
13083.422659085 -0.766233778
13091.023410011 -0.773333336
13098.627929595 -0.763157881
13106.236438574 -0.753424670
13113.849157683 -0.723684217
13121.466307658 -0.810810822
13129.088109234 -0.789473684
13136.714783148 -0.786666690
13144.346550134 -0.786666690
13151.983630929 -0.845070441
13159.626246267 -0.845070441
13167.274616886 -0.857142870
13174.928963520 -0.845070416
13182.589506904 -0.849315088
13190.256467776 -0.849315088
13197.930066869 -0.842857138
13205.610524921 -0.880597016
13213.298062666 -0.968749984
13220.992900840 -1.033333316
13228.695260179 -1.050847431
13236.405361419 -1.016393434
13244.123425294 -1.048387106
13251.849672542 -1.015624992
13259.584323897 -1.000000000
13267.327600094 -1.000000000
13275.079721871 -1.000000000
13282.840909962 -0.984126960
13290.611385103 -1.000000000
13298.391368029 -0.952380945
13306.181079477 -0.952380945
13313.980740182 -0.952380945
13321.790570879 -0.967741951
13329.610792304 -0.887096797
13337.441625193 -0.887096797
13345.283290282 -1.272727273
13353.136008306 -0.933333333
13361.000000000 1.833333413
