1500.000000000 0.548672565
1503.526547071 0.539130433
1507.162542457 0.561403510
1510.907781993 0.537815126
1514.762061516 0.603448274
1518.725176859 0.573770491
1522.796923859 0.581967215
1526.977098350 0.550387598
1531.265496168 0.546153848
1535.661913149 0.570370369
1540.166145127 0.570370369
1544.777987938 0.557142856
1549.497237417 0.553191488
1554.323689399 0.595890412
1559.257139720 0.591836735
1564.297384215 0.567741935
1569.444218719 0.571428572
1574.697439068 0.596273292
1580.056841096 0.588957055
1585.522220640 0.595238095
1591.093373534 0.595238095
1596.770095614 0.593220339
1602.552182715 0.586592178
1608.439430673 0.583783784
1614.431635321 0.583783784
1620.528592497 0.601036270
1626.730098035 0.594871795
1633.035947771 0.592039802
1639.445937539 0.586206897
1645.959863175 0.597156397
1652.577520515 0.591549295
1659.298705393 0.586363636
1666.123213645 0.578475336
1673.050841107 0.609649123
1680.081383612 0.599137931
1687.214636998 0.594142258
1694.450397099 0.630705394
1701.788459750 0.605577689
1709.228620787 0.616600791
1716.770676045 0.602316602
1724.414421359 0.629770992
1732.159652565 0.613382899
1740.006165498 0.624087592
1747.953755993 0.608540926
1756.002219885 0.632867133
1764.151353010 0.617747440
1772.400951203 0.620805369
1780.750810299 0.604575163
1789.200726134 0.629032259
1797.750494543 0.607476636
1806.399911361 0.618461538
1815.148772423 0.607250755
1823.996873565 0.627218935
1832.944010623 0.612716763
1841.989979430 0.625000000
1851.134575824 0.609418283
1860.377595638 0.637602179
1869.718834708 0.622340425
1879.158088870 0.626631854
1888.695153959 0.612244898
1898.329825810 0.627500000
1908.061900259 0.610705596
1917.891173140 0.627403846
1927.817440289 0.611241217
1937.840497541 0.629885057
1947.960140732 0.612975391
1958.176165697 0.624454148
1968.488368270 0.613733905
1978.896544289 0.626050420
1989.400489587 0.609406953
2000.000000000 0.625754527
2010.694871363 0.607421875
2021.484899512 0.632183908
2032.369880282 0.615671641
2043.349609509 0.619744059
2054.423883026 0.606440072
2065.592496671 0.626970227
2076.855246277 0.610921502
2088.211927681 0.621440536
2099.662336718 0.606209150
2111.206269222 0.622400000
2122.843521030 0.606864275
2134.573887976 0.614088821
2146.397165896 0.598507463
2158.313150625 0.615497076
2170.321637999 0.601428571
2182.422423852 0.611500701
2194.615304020 0.598079561
2206.900074339 0.609395973
2219.276530643 0.596583443
2231.744468768 0.602316602
2244.303684549 0.590163935
2256.953973822 0.608426270
2269.695132421 0.596597813
2282.526956183 0.601674641
2295.449240941 0.589683470
2308.461782533 0.602534562
2321.564376792 0.591628959
2334.756819554 0.593750000
2348.038906655 0.585903084
2361.410433930 0.601952278
2374.871197214 0.592315902
2388.420992342 0.595564942
2402.059615150 0.587500000
2415.786861473 0.595679012
2429.602527146 0.589013225
2443.506408004 0.589537223
2457.498299884 0.582504970
2471.577998619 0.590373281
2485.745300046 0.584062196
2500.000000000 0.584778420
2514.341861506 0.583969466
2528.770516353 0.578449906
2543.285563520 0.574507966
2557.886601985 0.568645640
2572.573230727 0.565377532
2587.345048725 0.560218978
2602.201654958 0.552845528
2617.142648404 0.548387097
2632.167628042 0.544968833
2647.276192852 0.542553191
2662.467941811 0.534330986
2677.742473899 0.531058618
2693.099388095 0.523478261
2708.538283376 0.521212121
2724.058758723 0.509922347
2739.660413113 0.507296137
2755.342845526 0.497005988
2771.105654940 0.495311168
2786.948440335 0.481324279
2802.870800688 0.479289941
2818.872334979 0.468460891
2834.952642187 0.466499162
2851.111321289 0.450292398
2867.347971266 0.447302905
2883.662191096 0.432700248
2900.053579757 0.430213465
2916.521736228 0.412581699
2933.066259489 0.409238250
2949.686748518 0.394524960
2966.382802294 0.391373802
2983.154019795 0.373217116
3000.000000000 0.369701727
3016.921274854 0.366822430
3033.922108164 0.347457627
3051.007696704 0.344274809
3068.183237245 0.328042328
3085.453926561 0.324364723
3102.824961425 0.309400444
3120.301538609 0.305779078
3137.888854888 0.291304348
3155.592107033 0.287965616
3173.416491818 0.277423921
3191.367206015 0.274509804
3209.449446397 0.262465374
3227.668409739 0.259766964
3246.029292811 0.256949153
3264.537292388 0.250838363
3283.197605242 0.248175182
3302.015428146 0.239658569
3320.995957874 0.237012987
3340.144391198 0.232947233
3359.465924890 0.230279898
3378.965755725 0.226355612
3398.649080475 0.223815461
3418.521095912 0.222977146
3438.586998811 0.220930233
3458.851985943 0.218314130
3479.321254081 0.216476248
3500.000000000 0.217727543
3520.889690743 0.217827627
3541.976874443 0.215915740
3563.244369506 0.219257540
3584.674994335 0.217491369
3606.251567335 0.220890411
3627.956906912 0.219512195
3649.773831469 0.224478285
3671.685159412 0.231762065
3693.673709145 0.230340212
3715.722299073 0.238598443
3737.813747600 0.237541528
3759.930873131 0.247650636
3782.056494072 0.258135687
3804.173428826 0.257851240
3826.264495798 0.269273128
3848.312513394 0.269273128
3870.300300017 0.281146637
3892.210674072 0.281456954
3914.026453965 0.290768380
3935.730458099 0.291574279
3957.305504880 0.304057810
3978.734412712 0.304905240
4000.000000000 0.315053162
4021.089673671 0.316826111
4042.009194740 0.328805886
4062.768912748 0.331810394
4083.379177231 0.342135477
4103.850337729 0.344707924
4124.192743779 0.354895105
4144.416744922 0.357604228
4164.532690694 0.364817001
4184.550930635 0.368515206
4204.481814282 0.376124775
4224.335691175 0.379769837
4244.122910852 0.382317073
4263.853822851 0.389778325
4283.538776712 0.393412057
4303.188121971 0.400377121
4322.812208169 0.403675539
4342.421384842 0.409352979
4362.026001531 0.414128321
4381.636407773 0.418741809
4401.262953107 0.423178808
4420.915987071 0.428284182
4440.605859204 0.431571816
4460.342919044 0.437500000
4480.137516130 0.440890125
4500.000000000 0.446164673
4519.937590740 0.450924609
4539.944990624 0.451798561
4560.013772472 0.456063907
4580.135509107 0.457415565
4600.301773348 0.462166172
4620.504138017 0.461136024
4640.734175935 0.465309201
4660.983459923 0.460836502
4681.243562802 0.463657230
4701.506057393 0.461419753
4721.762516517 0.464646464
4742.004512995 0.458528951
4762.223619648 0.461417323
4782.411409298 0.453968254
4802.559454764 0.448000000
4822.659328869 0.450522928
4842.702604433 0.442914980
4862.680854277 0.446166395
4882.585651223 0.436781609
4902.408568090 0.440033085
4922.141177701 0.432026689
4941.775052877 0.433835846
4961.301766438 0.423628692
4980.712891205 0.426508071
5000.000000000 0.417450813
5019.156693968 0.408268734
5038.184687554 0.410389610
5057.087723528 0.400873363
5075.869544659 0.404049296
5094.533893718 0.394690265
5113.084513472 0.398214286
5131.525146693 0.387589928
5149.859536150 0.389692586
5168.091424612 0.382165605
5186.224554849 0.384967919
5204.262669631 0.376036866
5222.209511727 0.379182156
5240.068823907 0.369259606
5257.844348940 0.371698113
5275.539829596 0.363722697
5293.159008645 0.367209971
5310.705628856 0.357487922
5328.183432999 0.360272639
5345.596163844 0.352015732
5362.947564160 0.355864811
5380.241376716 0.346076459
5397.481344283 0.349593496
5414.671209630 0.339855818
5431.814715527 0.345549738
5448.915604742 0.334394905
5465.977620046 0.339805825
5483.004504209 0.328602620
5500.000000000 0.335937500
5516.967337840 0.341657208
5533.907698754 0.329099307
5550.821751419 0.335294118
5567.710164511 0.321342926
5584.573606709 0.327628362
5601.412746687 0.313823163
5618.228253124 0.320203304
5635.020794695 0.307792208
5651.791040077 0.314323607
5668.539657948 0.294993234
5685.267316983 0.301939058
5701.974685860 0.288135593
5718.662433255 0.295652174
5735.331227845 0.302222222
5751.981738307 0.289393940
5768.614633317 0.297045101
5785.230581552 0.278662421
5801.830251689 0.285016287
5818.414312404 0.262541806
5834.983432375 0.267918089
5851.538280278 0.250877193
5868.079524789 0.256732496
5884.607834586 0.236162362
5901.123878345 0.241509434
5917.628324743 0.222007722
5934.121842456 0.227722773
5950.605100162 0.203252033
5967.078766537 0.207900208
5983.543510257 0.190170940
6000.000000000 0.195604395
6016.448578655 0.200000000
6032.888285967 0.180138568
6049.317835891 0.183962264
6065.735942386 0.163855422
6082.141319408 0.168316832
6098.532680913 0.147959183
6114.908740860 0.130208333
6131.268213204 0.133689839
6147.609811904 0.111413043
6163.932250915 0.113888889
6180.234244195 0.099715100
6196.514505702 0.102339182
6212.771749390 0.079881657
6229.004689219 0.081818182
6245.212039145 0.070769231
6261.392513124 0.073015873
6277.544825114 0.048231512
6293.667689071 0.049180328
6309.759818953 0.046511627
6325.819928717 0.047781569
6341.846732320 0.024137931
6357.838943718 0.024561404
6373.795276868 0.028469751
6389.714445728 0.028880866
6405.595164255 0.014598540
6421.436146404 0.014925373
6437.236106135 0.018796992
6452.993757403 0.019011406
6468.707814165 0.007692307
6484.376990378 0.007812499
6500.000000000 0.011857708
6515.576078936 0.000000000
6531.106550891 0.000000000
6546.593261516 0.000000000
6562.038056465 0.012552302
6577.442781390 0.012711865
6592.809281945 -0.004255319
6608.139403781 -0.004329004
6623.434992552 0.004385964
6638.697893911 0.004424778
6653.929953510 -0.004484304
6669.133017002 -0.004524886
6684.308930040 0.009132419
6699.459538277 0.009216589
6714.586687365 -0.009345793
6729.692222957 -0.009523809
6744.777990706 0.000000000
6759.845836265 0.000000000
6774.897605286 0.000000000
6789.935143423 0.000000000
6804.960296328 0.004901960
6819.974909653 0.004926108
6834.980829053 -0.009852216
6849.979900178 -0.009900989
6864.973968683 0.000000000
6879.964880220 0.000000000
6894.954480442 -0.010050250
6909.944615001 -0.010152283
6924.937129550 0.000000000
6939.933869743 0.000000000
6954.936681232 -0.015306123
6969.947409669 -0.015306123
6984.967900707 -0.010204081
7000.000000000 -0.010256409
7015.044759992 -0.020618557
7030.100060295 -0.020618557
7045.162987315 -0.010256409
7060.230627455 -0.010256409
7075.300067122 -0.025641025
7090.368392718 -0.025641025
7105.432690650 -0.020512821
7120.490047321 -0.020202020
7135.537549136 -0.030612244
7150.572282500 -0.030303029
7165.591333818 -0.014925374
7180.591789493 -0.014925374
7195.570735932 -0.034653466
7210.525259538 -0.034482759
7225.452446716 -0.019607843
7240.349383871 -0.019230769
7255.213157408 -0.043269230
7270.040853731 -0.042857142
7284.829559244 -0.028301886
7299.576360353 -0.042452830
7314.278343462 -0.042253521
7328.932594975 -0.041666666
7343.536201298 -0.041666666
7358.086248835 -0.045871559
7372.579823991 -0.045454545
7387.014013170 -0.036529680
7401.385902777 -0.036363636
7415.692579216 -0.049327355
7429.931128893 -0.049107143
7444.098638212 -0.044247787
7458.192193577 -0.043859648
7472.208881394 -0.044052863
7486.145788067 -0.043859648
7500.000000000 -0.043859648
7513.769534945 -0.043478260
7527.456136041 -0.043290042
7541.062477772 -0.038793103
7554.591234623 -0.039130434
7568.045081081 -0.043290042
7581.426691629 -0.042918454
7594.738740754 -0.034188034
7607.983902939 -0.034042553
7621.164852671 -0.050847458
7634.284264435 -0.051063830
7647.344812715 -0.050847458
7660.349171997 -0.050847458
7673.300016766 -0.046025105
7686.200021507 -0.046610170
7699.051860705 -0.046413503
7711.858208846 -0.042372880
7724.621740414 -0.041841003
7737.345129895 -0.042016806
7750.031051773 -0.041841003
7762.682180535 -0.041841003
7775.301190664 -0.041841003
7787.890756647 -0.046413503
7800.453552968 -0.045833334
7812.992254113 -0.042016806
7825.509534566 -0.041841003
7838.008068813 -0.042016806
7850.490531339 -0.042016806
7862.959596629 -0.033613445
7875.417939168 -0.033755274
7887.868233442 -0.050209205
7900.313153935 -0.050420168
7912.755375133 -0.042194092
7925.197571521 -0.042194092
7937.642417583 -0.050847458
7950.092587806 -0.051063830
7962.550756674 -0.042553191
7975.019598672 -0.042372880
7987.501788286 -0.042372880
8000.000000000 -0.042735042
8012.516224399 -0.043103447
8025.049716461 -0.051948052
8037.599047265 -0.051948052
8050.162787886 -0.047619048
8062.739509404 -0.048245614
8075.327782896 -0.043859648
8087.926179439 -0.044052863
8100.533270111 -0.048458150
8113.147625990 -0.049107143
8125.767818153 -0.044843048
8138.392417677 -0.044843048
8151.019995641 -0.045248868
8163.649123121 -0.045248868
8176.278371196 -0.050000000
8188.906310943 -0.050228311
8201.531513440 -0.050458716
8214.152549764 -0.050925926
8226.767990993 -0.046082948
8239.376408205 -0.046728971
8251.976372476 -0.051401870
8264.566454885 -0.051886793
8277.145226509 -0.047169810
8289.711258426 -0.047846889
8302.263121713 -0.062200956
8314.799387449 -0.063414634
8327.318626710 -0.048543688
8339.819410574 -0.049261083
8352.300310119 -0.054187193
8364.759896422 -0.055000001
8377.196740561 -0.054726369
8389.609413614 -0.049751243
8401.996486658 -0.050251255
8414.356530770 -0.055837564
8426.688117029 -0.056410257
8438.989816512 -0.056994819
8451.260200296 -0.056701032
8463.497839460 -0.057591624
8475.701305080 -0.056994819
8487.869168234 -0.062827225
8500.000000000 -0.062827225
8512.092795095 -0.063492064
8524.148242797 -0.058510639
8536.167456022 -0.058823530
8548.151547687 -0.064171123
8560.101630710 -0.064864865
8572.018818006 -0.059782609
8583.904222493 -0.059782609
8595.758957087 -0.059782609
8607.584134706 -0.060439561
8619.380868267 -0.060439561
8631.150270686 -0.061111112
8642.893454880 -0.066666667
8654.611533767 -0.067039106
8666.305620262 -0.061452515
8677.976827284 -0.061797753
8689.626267748 -0.067415730
8701.255054572 -0.068181818
8712.864300672 -0.062146893
8724.455118966 -0.063218391
8736.028622371 -0.074285714
8747.585923803 -0.075144508
8759.128136179 -0.063583816
8770.656372416 -0.063583816
8782.171745431 -0.069364162
8793.675368141 -0.070175439
8805.168353463 -0.069767442
8816.651814313 -0.070588235
8828.126863609 -0.076023391
8839.594614267 -0.077380952
8851.056179205 -0.064705883
8862.512671339 -0.066265061
8873.965203586 -0.065476191
8885.414888863 -0.066666667
8896.862840087 -0.060606059
8908.310170175 -0.061349692
8919.757992043 -0.072727273
8931.207418609 -0.073619632
8942.659562789 -0.073170732
8954.115537501 -0.074074074
8965.576455661 -0.073619632
8977.043430187 -0.074534162
8988.517573994 -0.074074074
9000.000000000 -0.075949367
9011.491465184 -0.075000000
9022.991302775 -0.076433121
9034.498490062 -0.081249999
9046.012004337 -0.082802547
9057.530822890 -0.082802547
9069.053923011 -0.083333333
9080.580281991 -0.070063695
9092.108877120 -0.071428572
9103.638685690 -0.070967743
9115.168684989 -0.071428572
9126.697852310 -0.071428572
9138.225164942 -0.071428572
9149.749600176 -0.071428572
9161.270135302 -0.073333334
9172.785747611 -0.072368422
9184.295414394 -0.074829933
9195.798112941 -0.080000000
9207.292820542 -0.080536913
9218.778514488 -0.074324325
9230.254172070 -0.074324325
9241.718770578 -0.074324325
9253.171287302 -0.076388890
9264.610699533 -0.074829933
9276.035984562 -0.075862070
9287.446119679 -0.089041095
9298.840082174 -0.089655172
9310.216849338 -0.089655172
9321.575398462 -0.091549295
9332.914706836 -0.090277777
9344.233751751 -0.077464790
9355.531510496 -0.078014185
9366.806960364 -0.078571429
9378.059078643 -0.078571429
9389.286842625 -0.086330935
9400.489229600 -0.085106383
9411.665216859 -0.079136691
9422.813781692 -0.078571429
9433.933901389 -0.087591241
9445.024553242 -0.086956522
9456.084714540 -0.081481482
9467.113362574 -0.080291972
9478.109474636 -0.082089553
9489.072028014 -0.080882354
9500.000000000 -0.082706768
9510.892694944 -0.087591241
9521.750725434 -0.092307692
9532.575031117 -0.082089553
9543.366551642 -0.083969466
9554.126226655 -0.082706768
9564.854995806 -0.084615386
9575.553798741 -0.084615386
9586.223575108 -0.085271319
9596.865264555 -0.085271319
9607.479806730 -0.085271319
9618.068141281 -0.085271319
9628.631207854 -0.087301588
9639.169946098 -0.093023256
9649.685295661 -0.096000000
9660.178196190 -0.087301588
9670.649587332 -0.088709678
9681.100408737 -0.096774194
9691.531600051 -0.097560976
9701.944100922 -0.088709678
9712.338850997 -0.090163935
9722.716789926 -0.106557376
9733.078857354 -0.107438016
9743.425992931 -0.081967212
9753.759136303 -0.083333332
9764.079227119 -0.100000000
9774.387205025 -0.100840336
9784.684009671 -0.075630251
9794.970580703 -0.075630251
9805.247857769 -0.094017095
9815.516780517 -0.094017095
9825.778288595 -0.086206895
9836.033321651 -0.086206895
9846.282819331 -0.112068965
9856.527721284 -0.114035087
9866.768967158 -0.096491229
9877.007496600 -0.097345134
9887.244249259 -0.116071428
9897.480164780 -0.115044247
9907.716182814 -0.097345134
9917.953243006 -0.098214287
9928.192285005 -0.110091743
9938.434248459 -0.109090909
9948.680073015 -0.101851853
9958.930698321 -0.100917432
9969.187064025 -0.137614680
9979.450109774 -0.140186917
9989.720775217 -0.102803739
10000.000000000 -0.101851853
10010.288437026 -0.104761906
10020.585592213 -0.133333332
10030.890684732 -0.134615383
10041.202933757 -0.105769232
10051.521558459 -0.106796117
10061.845778011 -0.144230770
10072.174811585 -0.148514853
10082.507878352 -0.115384615
10092.844197486 -0.118811881
10103.182988158 -0.138613859
10113.523469541 -0.139999998
10123.864860807 -0.110000001
10134.206381127 -0.112244899
10144.547249675 -0.141414139
10154.886685623 -0.141414139
10165.223908141 -0.123711340
10175.558136404 -0.122448980
10185.888589583 -0.144329895
10196.214486850 -0.145833331
10206.535047377 -0.104166665
10216.849490337 -0.107526880
10227.157034902 -0.163043479
10237.456900243 -0.163043479
10247.748305534 -0.107526880
10258.030469947 -0.109890108
10268.302612653 -0.163043479
10278.563952825 -0.166666668
10288.813709635 -0.131868132
10299.051102255 -0.134831461
10309.275349858 -0.155555554
10319.485671615 -0.159090907
10329.681286699 -0.125000001
10339.861414282 -0.126436783
10350.025273536 -0.162790696
10360.172083634 -0.162790696
10370.301063748 -0.113636361
10380.411433049 -0.120481925
10390.502410711 -0.174418606
10400.573215904 -0.174418606
10410.623067802 -0.141176471
10420.651185577 -0.144578313
10430.656788401 -0.180722893
10440.639095446 -0.182926831
10450.597325884 -0.119047617
10460.530698887 -0.124999997
10470.438433628 -0.172839504
10480.319749279 -0.177215187
10490.173865013 -0.150000000
10500.000000000 -0.150000000
10509.797640348 -0.153846154
10519.567339897 -0.192307694
10529.309919424 -0.189873419
10539.026199703 -0.157894737
10548.717001509 -0.153846154
10558.383145618 -0.184210524
10568.025452806 -0.181818179
10577.644743846 -0.162162163
10587.241839516 -0.157894737
10596.817560589 -0.189189187
10606.372727842 -0.184210524
10615.908162049 -0.136986299
10625.424683986 -0.131578945
10634.923114428 -0.180555554
10644.404274150 -0.180555554
10653.868983928 -0.154929579
10663.318064536 -0.150684933
10672.752336751 -0.197183095
10682.172621347 -0.194444442
10691.579739100 -0.185714285
10700.974510785 -0.185714285
10710.357757177 -0.202898548
10719.730299051 -0.199999998
10729.092957183 -0.164179106
10738.446552349 -0.157142859
10747.791905322 -0.220588237
10757.129836880 -0.214285716
10766.461167796 -0.194029849
10775.786718846 -0.194029849
10785.107310805 -0.215384613
10794.423764450 -0.208955221
10803.736900554 -0.208955221
10813.047539893 -0.164179106
10822.356503243 -0.174603176
10831.664611379 -0.212121210
10840.972685076 -0.218749997
10850.281545109 -0.199999999
10859.592012253 -0.203124998
10868.904907285 -0.218749997
10878.221050979 -0.225806449
10887.541264110 -0.171875002
10896.866367453 -0.180327871
10906.197181785 -0.218749997
10915.534527880 -0.229508194
10924.879226514 -0.174603176
10934.232098461 -0.180327871
10943.593964497 -0.193548388
10952.965645398 -0.200000000
10962.347961938 -0.177419357
10971.741734893 -0.192982458
10981.147785038 -0.229508194
10990.566933149 -0.237288132
11000.000000000 -0.183333335
11009.447528263 -0.245614032
11018.908948193 -0.237288132
11028.383411941 -0.200000001
11037.870071657 -0.186440679
11047.368079492 -0.259259256
11056.876587597 -0.241379308
11066.394748124 -0.203703706
11075.921713222 -0.189655175
11085.456635042 -0.245283017
11094.998665736 -0.220338981
11104.546957454 -0.185185182
11114.100662347 -0.175438593
11123.658932567 -0.222222223
11133.220920262 -0.218181818
11142.785777585 -0.220000003
11152.352656687 -0.200000001
11161.920709718 -0.254901958
11171.489088828 -0.245283017
11181.056946170 -0.215686276
11190.623433893 -0.226415095
11200.187704149 -0.240000001
11209.748909088 -0.192307688
11219.306200861 -0.208333329
11228.858731619 -0.254901958
11238.405653512 -0.265306121
11247.946118692 -0.196078427
11257.479279310 -0.204081629
11267.004287516 -0.240000001
11276.520295461 -0.244897960
11286.026455296 -0.240000001
11295.521919171 -0.244897960
11305.005839238 -0.240000001
11314.477367648 -0.250000000
11323.935656550 -0.250000000
11333.379858097 -0.244897960
11342.809124438 -0.244897960
11352.222607725 -0.276595742
11361.619460109 -0.270833331
11370.998833740 -0.282608695
11380.359880769 -0.276595742
11389.701753347 -0.288888887
11399.023603624 -0.270833331
11408.324583753 -0.282608695
11417.603845882 -0.276595742
11426.860542164 -0.244444447
11436.093824749 -0.244444447
11445.302845788 -0.266666667
11454.486757432 -0.260869566
11463.644711831 -0.222222218
11472.775861137 -0.227272723
11481.879357500 -0.279069767
11490.954353070 -0.272727273
11500.000000000 -0.261904766
11509.015687893 -0.279069767
11518.001756169 -0.292682928
11526.958781702 -0.227272723
11535.887341365 -0.232558134
11544.788012031 -0.279069767
11553.661370574 -0.292682928
11562.507993868 -0.279069767
11571.328458785 -0.219512193
11580.123342199 -0.204545452
11588.893220985 -0.268292686
11597.638672014 -0.261904766
11606.360272161 -0.275000003
11615.058598299 -0.268292686
11623.734227301 -0.249999995
11632.387736041 -0.249999995
11641.019701392 -0.282051284
11649.630700229 -0.268292686
11658.221309423 -0.256410250
11666.792105849 -0.249999995
11675.343666381 -0.236842104
11683.876567890 -0.230769228
11692.391387252 -0.282051284
11700.888701340 -0.275000003
11709.369087026 -0.230769228
11717.833121184 -0.230769228
11726.281380688 -0.263157891
11734.714442412 -0.249999995
11743.132883228 -0.236842104
11751.537280010 -0.236842104
11759.928209632 -0.243243241
11768.306248967 -0.277777772
11776.671974888 -0.285714279
11785.025964269 -0.184210530
11793.368793984 -0.189189192
11801.701040905 -0.243243241
11810.023281906 -0.249999997
11818.336093861 -0.162162157
11826.640053644 -0.162162157
11834.935738126 -0.243243241
11843.223724183 -0.264705881
11851.504588687 -0.216216217
11859.778908512 -0.228571428
11868.047260532 -0.277777772
11876.310221619 -0.285714279
11884.568368647 -0.285714279
11892.822278490 -0.200000002
11901.072528021 -0.200000002
11909.319694114 -0.228571428
11917.564353642 -0.242424243
11925.807083478 -0.205882357
11934.048460496 -0.200000002
11942.289061569 -0.205882357
11950.529463571 -0.205882357
11958.770243375 -0.176470583
11967.011977855 -0.176470583
11975.255243884 -0.242424243
11983.500618336 -0.228571428
11991.748678083 -0.181818176
12000.000000000 -0.187499994
12008.255018183 -0.176470583
12016.513595622 -0.205882357
12024.775452528 -0.212121216
12033.040309116 -0.181818176
12041.307885597 -0.187499994
12049.577902184 -0.205882357
12057.850079090 -0.225806454
12066.124136527 -0.218750003
12074.399794708 -0.225806454
12082.676773847 -0.225806454
12090.954794154 -0.225806454
12099.233575843 -0.161290319
12107.512839128 -0.161290319
12115.792304219 -0.187499994
12124.071691330 -0.193548380
12132.350720674 -0.166666664
12140.629112464 -0.161290319
12148.906586911 -0.193548380
12157.182864228 -0.193548380
12165.457664629 -0.133333334
12173.730708326 -0.133333334
12182.001715531 -0.199999995
12190.270406458 -0.193548380
12198.536501318 -0.193548380
12206.799720324 -0.199999995
12215.059783690 -0.233333338
12223.316411627 -0.241379315
12231.569324349 -0.142857143
12239.818242068 -0.137931035
12248.062884997 -0.214285707
12256.302973348 -0.206896545
12264.538227334 -0.148148148
12272.768367167 -0.133333334
12280.993113061 -0.206896545
12289.212185228 -0.206896545
12297.425303880 -0.172413790
12305.632189231 -0.178571425
12313.832561492 -0.222222214
12322.026140877 -0.222222214
12330.212647598 -0.103448280
12338.391801868 -0.107142861
12346.563323900 -0.185185181
12354.726933905 -0.185185181
12362.882352097 -0.178571425
12371.029298689 -0.192307690
12379.167493893 -0.222222214
12387.296657922 -0.222222214
12395.416510987 -0.076923070
12403.526773303 -0.074074066
12411.627165082 -0.125000004
12419.717406536 -0.115384620
12427.797217878 -0.166666667
12435.866319320 -0.153846155
12443.924431076 -0.249999991
12451.971273358 -0.230769225
12460.006566378 -0.166666667
12468.030030349 -0.148148148
12476.041385485 -0.208333329
12484.040351996 -0.185185181
12492.026650097 -0.125000004
12500.000000000 -0.120000005
12507.960205338 -0.125000004
12515.907403425 -0.160000001
12523.841814999 -0.173913043
12531.763660794 -0.160000001
12539.673161546 -0.173913043
12547.570537990 -0.079999992
12555.456010863 -0.086956512
12563.329800900 -0.130434786
12571.192128836 -0.130434786
12579.043215408 -0.173913043
12586.883281351 -0.173913043
12594.712547400 -0.166666667
12602.531234291 -0.166666667
12610.339562760 -0.208333329
12618.137753542 -0.208333329
12625.926027374 -0.130434786
12633.704604990 -0.136363642
12641.473707127 -0.249999991
12649.233554519 -0.285714277
12656.984367904 -0.304347829
12664.726368015 -0.333333340
12672.459775590 -0.347826085
12680.184811363 -0.380952383
12687.901696070 -0.304347829
12695.610650447 -0.333333340
12703.311895230 -0.304347829
12711.005651154 -0.318181826
12718.692138955 -0.304347829
12726.371579368 -0.350000005
12734.044193129 -0.409090908
12741.710200974 -0.500000000
12749.369823638 -0.304347829
12757.023281857 -0.388888899
12764.670796367 -0.454545449
12772.312587903 -0.499999990
12779.948877201 -0.454545449
12787.579884997 -0.555555550
12795.205832026 -0.428571426
12802.826939024 -0.500000000
12810.443426726 -0.428571426
12818.055515868 -0.500000000
12825.663427187 -0.500000000
12833.267381416 -0.500000000
12840.867599293 -0.476190469
12848.464301552 -0.588235286
12856.057708930 -0.434782598
12863.648042162 -0.624999987
12871.235521983 -0.499999990
12878.820369130 -0.624999987
12886.402804338 -0.611111124
12893.983048342 -0.647058833
12901.561321878 -0.476190469
12909.137845683 -0.666666648
12916.712840490 -0.571428574
12924.286527037 -0.750000000
12931.859126059 -0.666666674
12939.430858291 -0.750000000
12947.001944469 -0.611111124
12954.572605329 -0.687500006
12962.143061606 -0.611111124
12969.713534036 -0.785714305
12977.284243355 -0.647058833
12984.855410298 -0.733333335
12992.427255601 -0.550000005
13000.000000000 -0.733333335
13007.573864230 -0.687500006
13015.149069026 -0.799999995
13022.725835126 -0.705882357
13030.304383263 -0.857142870
13037.884934174 -0.705882357
13045.467708594 -0.857142870
13053.052927260 -0.705882357
13060.640810906 -0.933333313
13068.231580268 -0.874999987
13075.825456083 -0.714285710
13083.422659085 -0.588235286
13091.023410011 -0.857142870
13098.627929595 -0.750000000
13106.236438574 -0.785714305
13113.849157683 -0.733333335
13121.466307658 -0.785714305
13129.088109234 -0.647058833
13136.714783148 -0.785714305
13144.346550134 -0.687500006
13151.983630929 -1.071428594
13159.626246267 -1.071428594
13167.274616886 -0.846153861
13174.928963520 -0.785714305
13182.589506904 -0.799999995
13190.256467776 -0.799999995
13197.930066869 -0.687500006
13205.610524921 -0.846153861
13213.298062666 -1.181818162
13220.992900840 -1.083333325
13228.695260179 -1.000000000
13236.405361419 -1.000000000
13244.123425294 -1.166666650
13251.849672542 -1.076923070
13259.584323897 -0.923076930
13267.327600094 -0.857142870
13275.079721871 -1.090909081
13282.840909962 -1.166666650
13290.611385103 -1.076923070
13298.391368029 -0.846153861
13306.181079477 -0.846153861
13313.980740182 -0.916666675
13321.790570879 -0.916666675
13329.610792304 -0.923076930
13337.441625193 -1.000000000
13345.283290282 -0.923076930
13353.136008306 -1.000000000
13361.000000000 1.500000034
