1500.000000000 0.469026548
1503.526547071 0.460869564
1507.162542457 0.526315790
1510.907781993 0.504201680
1514.762061516 0.534482757
1518.725176859 0.508196720
1522.796923859 0.549180330
1526.977098350 0.519379846
1531.265496168 0.515384617
1535.661913149 0.511111110
1540.166145127 0.511111110
1544.777987938 0.528571427
1549.497237417 0.524822694
1554.323689399 0.506849314
1559.257139720 0.503401359
1564.297384215 0.522580644
1569.444218719 0.525974026
1574.697439068 0.515527951
1580.056841096 0.509202454
1585.522220640 0.535714284
1591.093373534 0.535714284
1596.770095614 0.519774012
1602.552182715 0.513966480
1608.439430673 0.545945946
1614.431635321 0.545945946
1620.528592497 0.533678757
1626.730098035 0.528205128
1633.035947771 0.557213931
1639.445937539 0.551724138
1645.959863175 0.526066351
1652.577520515 0.521126761
1659.298705393 0.540909091
1666.123213645 0.533632287
1673.050841107 0.539473685
1680.081383612 0.530172414
1687.214636998 0.539748953
1694.450397099 0.560165976
1701.788459750 0.537848606
1709.228620787 0.569169961
1716.770676045 0.555984556
1724.414421359 0.557251908
1732.159652565 0.542750929
1740.006165498 0.569343066
1747.953755993 0.555160143
1756.002219885 0.562937063
1764.151353010 0.549488054
1772.400951203 0.573825504
1780.750810299 0.558823530
1789.200726134 0.564516130
1797.750494543 0.545171340
1806.399911361 0.566153846
1815.148772423 0.555891238
1823.996873565 0.559171598
1832.944010623 0.546242775
1841.989979430 0.565340909
1851.134575824 0.551246538
1860.377595638 0.566757493
1869.718834708 0.553191489
1879.158088870 0.574412532
1888.695153959 0.561224490
1898.329825810 0.562500000
1908.061900259 0.547445255
1917.891173140 0.567307692
1927.817440289 0.552693208
1937.840497541 0.565517241
1947.960140732 0.550335570
1958.176165697 0.569868996
1968.488368270 0.560085837
1978.896544289 0.563025210
1989.400489587 0.548057260
2000.000000000 0.573440644
2010.694871363 0.556640625
2021.484899512 0.561302682
2032.369880282 0.546641791
2043.349609509 0.563071298
2054.423883026 0.550983900
2065.592496671 0.567425569
2076.855246277 0.552901024
2088.211927681 0.571189280
2099.662336718 0.557189542
2111.206269222 0.566400000
2122.843521030 0.552262090
2134.573887976 0.569678407
2146.397165896 0.555223881
2158.313150625 0.562865497
2170.321637999 0.550000000
2182.422423852 0.568022440
2194.615304020 0.555555555
2206.900074339 0.562416108
2219.276530643 0.550591327
2231.744468768 0.566280566
2244.303684549 0.554854981
2256.953973822 0.562577447
2269.695132421 0.551640340
2282.526956183 0.568181818
2295.449240941 0.556858148
2308.461782533 0.563364055
2321.564376792 0.553167421
2334.756819554 0.566964286
2348.038906655 0.559471366
2361.410433930 0.567245120
2374.871197214 0.558164354
2388.420992342 0.567053854
2402.059615150 0.559375000
2415.786861473 0.568930041
2429.602527146 0.562563581
2443.506408004 0.569416499
2457.498299884 0.562624254
2471.577998619 0.568762279
2485.745300046 0.562682216
2500.000000000 0.569364162
2514.341861506 0.577290076
2528.770516353 0.571833648
2543.285563520 0.575445173
2557.886601985 0.569573284
2572.573230727 0.574585635
2587.345048725 0.569343066
2602.201654958 0.573622403
2617.142648404 0.568996416
2632.167628042 0.570792520
2647.276192852 0.568262411
2662.467941811 0.573063380
2677.742473899 0.569553806
2693.099388095 0.570434783
2708.538283376 0.567965368
2724.058758723 0.574633304
2739.660413113 0.571673820
2755.342845526 0.575705731
2771.105654940 0.573742540
2786.948440335 0.575551783
2802.870800688 0.573119188
2818.872334979 0.576114382
2834.952642187 0.573701843
2851.111321289 0.575605681
2867.347971266 0.571784232
2883.662191096 0.575557390
2900.053579757 0.572249590
2916.521736228 0.574346405
2933.066259489 0.569692059
2949.686748518 0.570048309
2966.382802294 0.565495208
2983.154019795 0.566561014
3000.000000000 0.561224490
3016.921274854 0.556853583
3033.922108164 0.553929122
3051.007696704 0.548854962
3068.183237245 0.547241119
3085.453926561 0.541106129
3102.824961425 0.539600296
3120.301538609 0.533284565
3137.888854888 0.531884058
3155.592107033 0.525787965
3173.416491818 0.521585280
3191.367206015 0.516106443
3209.449446397 0.513157895
3227.668409739 0.507882111
3246.029292811 0.502372881
3264.537292388 0.497652582
3283.197605242 0.492368945
3302.015428146 0.489822718
3320.995957874 0.484415584
3340.144391198 0.479407979
3359.465924890 0.473918575
3378.965755725 0.470365700
3398.649080475 0.465087282
3418.521095912 0.460778258
3438.586998811 0.456548348
3458.851985943 0.449969678
3479.321254081 0.446181599
3500.000000000 0.439619274
3520.889690743 0.433293979
3541.976874443 0.429490930
3563.244369506 0.422853828
3584.674994335 0.419447641
3606.251567335 0.412671233
3627.956906912 0.410096427
3649.773831469 0.406091371
3671.685159412 0.400673401
3693.673709145 0.398215282
3715.722299073 0.394883203
3737.813747600 0.393133998
3759.930873131 0.390270868
3782.056494072 0.387755102
3804.173428826 0.387327824
3826.264495798 0.386013216
3848.312513394 0.386013216
3870.300300017 0.384785005
3892.210674072 0.385209713
3914.026453965 0.386401327
3935.730458099 0.387472284
3957.305504880 0.388549194
3978.734412712 0.389632107
4000.000000000 0.391717963
4021.089673671 0.393922341
4042.009194740 0.398415393
4062.768912748 0.402055968
4083.379177231 0.404707233
4103.850337729 0.407750145
4124.192743779 0.412587413
4144.416744922 0.415736935
4164.532690694 0.419716647
4184.550930635 0.423971378
4204.481814282 0.428914217
4224.335691175 0.433070866
4244.122910852 0.435975610
4263.853822851 0.442733990
4283.538776712 0.446861405
4303.188121971 0.455688246
4322.812208169 0.459442332
4342.421384842 0.467008328
4362.026001531 0.472456254
4381.636407773 0.477719528
4401.262953107 0.486092715
4420.915987071 0.491957104
4440.605859204 0.500000000
4460.342919044 0.506868132
4480.137516130 0.515994437
4500.000000000 0.522167488
4519.937590740 0.527738265
4539.944990624 0.535971223
4560.013772472 0.541031227
4580.135509107 0.550660793
4600.301773348 0.556379822
4620.504138017 0.563527653
4640.734175935 0.568627451
4660.983459923 0.577186312
4681.243562802 0.580719204
4701.506057393 0.587191358
4721.762516517 0.591297591
4742.004512995 0.598591549
4762.223619648 0.602362205
4782.411409298 0.607936508
4802.559454764 0.612800000
4822.659328869 0.616251005
4842.702604433 0.618623482
4862.680854277 0.623164764
4882.585651223 0.625615763
4902.408568090 0.630272953
4922.141177701 0.632193494
4941.775052877 0.634840871
4961.301766438 0.637974684
4980.712891205 0.642310960
5000.000000000 0.640718563
5019.156693968 0.642549526
5038.184687554 0.645887446
5057.087723528 0.644541485
5075.869544659 0.649647887
5094.533893718 0.650442478
5113.084513472 0.656250000
5131.525146693 0.651079137
5149.859536150 0.654611212
5168.091424612 0.656050955
5186.224554849 0.660861595
5204.262669631 0.656221198
5222.209511727 0.661710037
5240.068823907 0.660731021
5257.844348940 0.665094340
5275.539829596 0.659069326
5293.159008645 0.665388303
5310.705628856 0.662801932
5328.183432999 0.667964946
5345.596163844 0.664700098
5362.947564160 0.671968191
5380.241376716 0.669014085
5397.481344283 0.675813008
5414.671209630 0.671472708
5431.814715527 0.682722513
5448.915604742 0.677282378
5465.977620046 0.688241639
5483.004504209 0.679039301
5500.000000000 0.694196428
5516.967337840 0.706015891
5533.907698754 0.698614319
5550.821751419 0.711764706
5567.710164511 0.705035971
5584.573606709 0.718826406
5601.412746687 0.706102117
5618.228253124 0.720457433
5635.020794695 0.712987013
5651.791040077 0.728116711
5668.539657948 0.717185385
5685.267316983 0.734072022
5701.974685860 0.718926554
5718.662433255 0.737681159
5735.331227845 0.754074074
5751.981738307 0.740909091
5768.614633317 0.760497667
5785.230581552 0.742038216
5801.830251689 0.758957655
5818.414312404 0.752508361
5834.983432375 0.767918089
5851.538280278 0.749122807
5868.079524789 0.766606823
5884.607834586 0.750922510
5901.123878345 0.767924529
5917.628324743 0.749034749
5934.121842456 0.768316832
5950.605100162 0.750000000
5967.078766537 0.767151767
5983.543510257 0.745726496
6000.000000000 0.767032967
6016.448578655 0.784269663
6032.888285967 0.769053118
6049.317835891 0.785377358
6065.735942386 0.754216867
6082.141319408 0.774752475
6098.532680913 0.760204081
6114.908740860 0.736979167
6131.268213204 0.756684493
6147.609811904 0.741847826
6163.932250915 0.758333333
6180.234244195 0.729344729
6196.514505702 0.748538012
6212.771749390 0.715976331
6229.004689219 0.733333333
6245.212039145 0.704615385
6261.392513124 0.726984126
6277.544825114 0.704180064
6293.667689071 0.718032787
6309.759818953 0.691029901
6325.819928717 0.709897611
6341.846732320 0.682758620
6357.838943718 0.694736842
6373.795276868 0.676156583
6389.714445728 0.685920577
6405.595164255 0.671532847
6421.436146404 0.686567164
6437.236106135 0.661654136
6452.993757403 0.669201521
6468.707814165 0.653846153
6484.376990378 0.664062499
6500.000000000 0.640316205
6515.576078936 0.630522088
6531.106550891 0.635627530
6546.593261516 0.646090534
6562.038056465 0.627615062
6577.442781390 0.635593219
6592.809281945 0.621276595
6608.139403781 0.632034631
6623.434992552 0.614035088
6638.697893911 0.619469027
6653.929953510 0.600896860
6669.133017002 0.606334841
6684.308930040 0.579908676
6699.459538277 0.585253457
6714.586687365 0.574766356
6729.692222957 0.585714287
6744.777990706 0.563981043
6759.845836265 0.566666668
6774.897605286 0.548076922
6789.935143423 0.558823528
6804.960296328 0.534313725
6819.974909653 0.536945812
6834.980829053 0.517241379
6849.979900178 0.519801980
6864.973968683 0.505050506
6879.964880220 0.502512563
6894.954480442 0.467336683
6909.944615001 0.472081218
6924.937129550 0.449494949
6939.933869743 0.451776649
6954.936681232 0.428571429
6969.947409669 0.428571429
6984.967900707 0.408163265
7000.000000000 0.410256410
7015.044759992 0.381443298
7030.100060295 0.381443298
7045.162987315 0.364102564
7060.230627455 0.364102564
7075.300067122 0.343589744
7090.368392718 0.343589744
7105.432690650 0.328205128
7120.490047321 0.323232324
7135.537549136 0.306122449
7150.572282500 0.303030303
7165.591333818 0.273631841
7180.591789493 0.273631841
7195.570735932 0.272277229
7210.525259538 0.270935961
7225.452446716 0.254901961
7240.349383871 0.250000000
7255.213157408 0.245192308
7270.040853731 0.242857144
7284.829559244 0.235849056
7299.576360353 0.235849056
7314.278343462 0.234741783
7328.932594975 0.231481481
7343.536201298 0.231481481
7358.086248835 0.233944955
7372.579823991 0.231818182
7387.014013170 0.228310501
7401.385902777 0.227272726
7415.692579216 0.224215246
7429.931128893 0.223214285
7444.098638212 0.230088496
7458.192193577 0.228070175
7472.208881394 0.224669604
7486.145788067 0.223684211
7500.000000000 0.223684211
7513.769534945 0.226086957
7527.456136041 0.225108225
7541.062477772 0.232758620
7554.591234623 0.234782608
7568.045081081 0.251082250
7581.426691629 0.248927038
7594.738740754 0.252136753
7607.983902939 0.251063830
7621.164852671 0.262711864
7634.284264435 0.263829786
7647.344812715 0.271186441
7660.349171997 0.271186441
7673.300016766 0.280334728
7686.200021507 0.283898306
7699.051860705 0.282700422
7711.858208846 0.288135593
7724.621740414 0.284518828
7737.345129895 0.302521009
7750.031051773 0.301255230
7762.682180535 0.317991632
7775.301190664 0.317991632
7787.890756647 0.324894514
7800.453552968 0.320833333
7812.992254113 0.336134454
7825.509534566 0.334728033
7838.008068813 0.340336134
7850.490531339 0.340336134
7862.959596629 0.352941177
7875.417939168 0.354430380
7887.868233442 0.351464435
7900.313153935 0.352941177
7912.755375133 0.371308017
7925.197571521 0.371308017
7937.642417583 0.389830508
7950.092587806 0.391489362
7962.550756674 0.391489362
7975.019598672 0.389830508
7987.501788286 0.389830508
8000.000000000 0.393162394
8012.516224399 0.396551724
8025.049716461 0.419913419
8037.599047265 0.419913419
8050.162787886 0.419913419
8062.739509404 0.425438596
8075.327782896 0.442982456
8087.926179439 0.444933920
8100.533270111 0.436123348
8113.147625990 0.441964286
8125.767818153 0.457399102
8138.392417677 0.457399102
8151.019995641 0.457013574
8163.649123121 0.457013574
8176.278371196 0.468181819
8188.906310943 0.470319635
8201.531513440 0.463302752
8214.152549764 0.467592592
8226.767990993 0.465437788
8239.376408205 0.471962617
8251.976372476 0.471962617
8264.566454885 0.476415094
8277.145226509 0.481132075
8289.711258426 0.488038277
8302.263121713 0.478468900
8314.799387449 0.487804878
8327.318626710 0.490291262
8339.819410574 0.497536945
8352.300310119 0.482758619
8364.759896422 0.489999999
8377.196740561 0.492537314
8389.609413614 0.472636817
8401.996486658 0.477386935
8414.356530770 0.487309645
8426.688117029 0.492307692
8438.989816512 0.476683938
8451.260200296 0.474226805
8463.497839460 0.481675392
8475.701305080 0.476683938
8487.869168234 0.460732984
8500.000000000 0.460732984
8512.092795095 0.465608466
8524.148242797 0.468085106
8536.167456022 0.470588235
8548.151547687 0.449197861
8560.101630710 0.454054054
8572.018818006 0.472826088
8583.904222493 0.472826088
8595.758957087 0.456521739
8607.584134706 0.461538462
8619.380868267 0.456043957
8631.150270686 0.461111112
8642.893454880 0.433333332
8654.611533767 0.435754189
8666.305620262 0.446927374
8677.976827284 0.449438203
8689.626267748 0.426966293
8701.255054572 0.431818182
8712.864300672 0.423728814
8724.455118966 0.431034484
8736.028622371 0.399999999
8747.585923803 0.404624277
8759.128136179 0.421965318
8770.656372416 0.421965318
8782.171745431 0.387283238
8793.675368141 0.391812866
8805.168353463 0.401162790
8816.651814313 0.405882353
8828.126863609 0.374269006
8839.594614267 0.380952381
8851.056179205 0.394117648
8862.512671339 0.403614459
8873.965203586 0.375000001
8885.414888863 0.381818183
8896.862840087 0.399999999
8908.310170175 0.404907974
8919.757992043 0.381818183
8931.207418609 0.386503068
8942.659562789 0.402439023
8954.115537501 0.407407407
8965.576455661 0.404907974
8977.043430187 0.385093167
8988.517573994 0.382716049
9000.000000000 0.405063292
9011.491465184 0.387499999
9022.991302775 0.394904458
9034.498490062 0.406249999
9046.012004337 0.414012738
9057.530822890 0.407643312
9069.053923011 0.410256410
9080.580281991 0.426751593
9092.108877120 0.435064936
9103.638685690 0.406451613
9115.168684989 0.409090910
9126.697852310 0.428571428
9138.225164942 0.428571428
9149.749600176 0.415584416
9161.270135302 0.426666667
9172.785747611 0.427631578
9184.295414394 0.442176870
9195.798112941 0.433333333
9207.292820542 0.436241610
9218.778514488 0.459459459
9230.254172070 0.459459459
9241.718770578 0.445945945
9253.171287302 0.458333332
9264.610699533 0.462585034
9276.035984562 0.468965518
9287.446119679 0.458904111
9298.840082174 0.475862069
9310.216849338 0.475862069
9321.575398462 0.478873240
9332.914706836 0.472222222
9344.233751751 0.492957746
9355.531510496 0.496453900
9366.806960364 0.492857142
9378.059078643 0.492857142
9389.286842625 0.496402877
9400.489229600 0.489361702
9411.665216859 0.489208633
9422.813781692 0.485714286
9433.933901389 0.510948904
9445.024553242 0.507246376
9456.084714540 0.496296297
9467.113362574 0.489051096
9478.109474636 0.507462687
9489.072028014 0.500000000
9500.000000000 0.496240600
9510.892694944 0.489051096
9521.750725434 0.515384617
9532.575031117 0.492537313
9543.366551642 0.503816792
9554.126226655 0.503759400
9564.854995806 0.515384617
9575.553798741 0.500000000
9586.223575108 0.503875969
9596.865264555 0.503875969
9607.479806730 0.503875969
9618.068141281 0.496124031
9628.631207854 0.507936509
9639.169946098 0.503875969
9649.685295661 0.520000000
9660.178196190 0.500000002
9670.649587332 0.508064517
9681.100408737 0.516129032
9691.531600051 0.520325203
9701.944100922 0.516129032
9712.338850997 0.524590165
9722.716789926 0.508196720
9733.078857354 0.512396693
9743.425992931 0.491803280
9753.759136303 0.500000000
9764.079227119 0.525000001
9774.387205025 0.529411765
9784.684009671 0.512605041
9794.970580703 0.512605041
9805.247857769 0.512820513
9815.516780517 0.512820513
9825.778288595 0.508620691
9836.033321651 0.508620691
9846.282819331 0.517241379
9856.527721284 0.526315790
9866.768967158 0.508771929
9877.007496600 0.513274335
9887.244249259 0.491071429
9897.480164780 0.486725665
9907.716182814 0.486725665
9917.953243006 0.491071429
9928.192285005 0.504587157
9938.434248459 0.500000002
9948.680073015 0.499999998
9958.930698321 0.495412843
9969.187064025 0.486238532
9979.450109774 0.495327101
9989.720775217 0.485981308
10000.000000000 0.481481481
10010.288437026 0.495238096
10020.585592213 0.466666666
10030.890684732 0.471153845
10041.202933757 0.461538462
10051.521558459 0.466019417
10061.845778011 0.442307690
10072.174811585 0.455445543
10082.507878352 0.442307690
10092.844197486 0.455445543
10103.182988158 0.425742576
10113.523469541 0.430000001
10123.864860807 0.419999998
10134.206381127 0.428571427
10144.547249675 0.393939395
10154.886685623 0.393939395
10165.223908141 0.391752576
10175.558136404 0.387755101
10185.888589583 0.371134021
10196.214486850 0.375000000
10206.535047377 0.354166665
10216.849490337 0.365591396
10227.157034902 0.369565215
10237.456900243 0.369565215
10247.748305534 0.354838709
10258.030469947 0.362637361
10268.302612653 0.336956523
10278.563952825 0.344444446
10288.813709635 0.351648351
10299.051102255 0.359550562
10309.275349858 0.322222222
10319.485671615 0.329545453
10329.681286699 0.318181818
10339.861414282 0.321839080
10350.025273536 0.302325580
10360.172083634 0.302325580
10370.301063748 0.306818183
10380.411433049 0.325301206
10390.502410711 0.313953490
10400.573215904 0.313953490
10410.623067802 0.294117646
10420.651185577 0.301204818
10430.656788401 0.301204818
10440.639095446 0.304878048
10450.597325884 0.285714286
10460.530698887 0.300000000
10470.438433628 0.296296297
10480.319749279 0.303797468
10490.173865013 0.324999997
10500.000000000 0.324999997
10509.797640348 0.333333332
10519.567339897 0.294871797
10529.309919424 0.291139241
10539.026199703 0.328947367
10548.717001509 0.320512820
10558.383145618 0.315789474
10568.025452806 0.311688312
10577.644743846 0.337837837
10587.241839516 0.328947367
10596.817560589 0.310810813
10606.372727842 0.302631580
10615.908162049 0.342465753
10625.424683986 0.328947367
10634.923114428 0.361111108
10644.404274150 0.361111108
10653.868983928 0.394366197
10663.318064536 0.383561644
10672.752336751 0.366197180
10682.172621347 0.361111108
10691.579739100 0.400000001
10700.974510785 0.400000001
10710.357757177 0.405797102
10719.730299051 0.400000001
10729.092957183 0.447761190
10738.446552349 0.428571427
10747.791905322 0.426470587
10757.129836880 0.414285714
10766.461167796 0.447761190
10775.786718846 0.447761190
10785.107310805 0.461538459
10794.423764450 0.447761190
10803.736900554 0.447761190
10813.047539893 0.462686568
10822.356503243 0.492063493
10831.664611379 0.439393939
10840.972685076 0.453124998
10850.281545109 0.461538459
10859.592012253 0.468749997
10868.904907285 0.468749997
10878.221050979 0.483870966
10887.541264110 0.484375002
10896.866367453 0.508196724
10906.197181785 0.484375002
10915.534527880 0.508196724
10924.879226514 0.507936507
10934.232098461 0.524590165
10943.593964497 0.467741935
10952.965645398 0.483333332
10962.347961938 0.532258065
10971.741734893 0.578947368
10981.147785038 0.491803276
10990.566933149 0.508474572
11000.000000000 0.516666668
11009.447528263 0.526315787
11018.908948193 0.508474572
11028.383411941 0.527272724
11037.870071657 0.491525421
11047.368079492 0.537037037
11056.876587597 0.500000000
11066.394748124 0.555555554
11075.921713222 0.517241378
11085.456635042 0.566037733
11094.998665736 0.508474572
11104.546957454 0.537037037
11114.100662347 0.508771929
11123.658932567 0.500000004
11133.220920262 0.490909092
11142.785777585 0.560000002
11152.352656687 0.509090908
11161.920709718 0.509803917
11171.489088828 0.490566035
11181.056946170 0.529411766
11190.623433893 0.471698112
11200.187704149 0.500000000
11209.748909088 0.499999996
11219.306200861 0.541666662
11228.858731619 0.470588234
11238.405653512 0.489795919
11247.946118692 0.509803917
11257.479279310 0.530612242
11267.004287516 0.460000004
11276.520295461 0.469387758
11286.026455296 0.519999998
11295.521919171 0.530612242
11305.005839238 0.359999997
11314.477367648 0.479166669
11323.935656550 0.479166669
11333.379858097 0.408163266
11342.809124438 0.408163266
11352.222607725 0.489361703
11361.619460109 0.479166669
11370.998833740 0.391304345
11380.359880769 0.382978718
11389.701753347 0.488888885
11399.023603624 0.458333329
11408.324583753 0.391304345
11417.603845882 0.382978718
11426.860542164 0.488888885
11436.093824749 0.488888885
11445.302845788 0.399999996
11454.486757432 0.391304345
11463.644711831 0.466666665
11472.775861137 0.477272725
11481.879357500 0.395348834
11490.954353070 0.386363634
11500.000000000 0.476190479
11509.015687893 0.395348834
11518.001756169 0.414634145
11526.958781702 0.477272725
11535.887341365 0.488372089
11544.788012031 0.395348834
11553.661370574 0.414634145
11562.507993868 0.395348834
11571.328458785 0.439024386
11580.123342199 0.409090904
11588.893220985 0.390243903
11597.638672014 0.380952383
11606.360272161 0.524999997
11615.058598299 0.512195121
11623.734227301 0.424999997
11632.387736041 0.424999997
11641.019701392 0.538461534
11649.630700229 0.512195121
11658.221309423 0.435897432
11666.792105849 0.424999997
11675.343666381 0.473684208
11683.876567890 0.461538455
11692.391387252 0.461538455
11700.888701340 0.449999995
11709.369087026 0.461538455
11717.833121184 0.461538455
11726.281380688 0.421052634
11734.714442412 0.400000000
11743.132883228 0.447368421
11751.537280010 0.447368421
11759.928209632 0.459459458
11768.306248967 0.444444444
11776.671974888 0.457142856
11785.025964269 0.394736847
11793.368793984 0.405405409
11801.701040905 0.378378374
11810.023281906 0.388888883
11818.336093861 0.351351350
11826.640053644 0.351351350
11834.935738126 0.351351350
11843.223724183 0.382352940
11851.504588687 0.351351350
11859.778908512 0.371428567
11868.047260532 0.305555558
11876.310221619 0.314285716
11884.568368647 0.314285716
11892.822278490 0.371428567
11901.072528021 0.371428567
11909.319694114 0.285714279
11917.564353642 0.303030298
11925.807083478 0.294117643
11934.048460496 0.285714279
11942.289061569 0.294117643
11950.529463571 0.294117643
11958.770243375 0.323529417
11967.011977855 0.323529417
11975.255243884 0.212121216
11983.500618336 0.200000002
11991.748678083 0.303030298
12000.000000000 0.312499994
12008.255018183 0.294117643
12016.513595622 0.205882357
12024.775452528 0.212121216
12033.040309116 0.272727270
12041.307885597 0.281249997
12049.577902184 0.235294119
12057.850079090 0.258064515
12066.124136527 0.250000000
12074.399794708 0.258064515
12082.676773847 0.193548380
12090.954794154 0.193548380
12099.233575843 0.258064515
12107.512839128 0.258064515
12115.792304219 0.187499994
12124.071691330 0.193548380
12132.350720674 0.199999995
12140.629112464 0.193548380
12148.906586911 0.193548380
12157.182864228 0.193548380
12165.457664629 0.233333338
12173.730708326 0.233333338
12182.001715531 0.199999995
12190.270406458 0.193548380
12198.536501318 0.225806454
12206.799720324 0.233333338
12215.059783690 0.199999995
12223.316411627 0.206896545
12231.569324349 0.214285707
12239.818242068 0.206896545
12248.062884997 0.214285707
12256.302973348 0.206896545
12264.538227334 0.259259262
12272.768367167 0.233333338
12280.993113061 0.241379315
12289.212185228 0.241379315
12297.425303880 0.241379315
12305.632189231 0.250000004
12313.832561492 0.222222214
12322.026140877 0.222222214
12330.212647598 0.206896545
12338.391801868 0.214285707
12346.563323900 0.222222214
12354.726933905 0.222222214
12362.882352097 0.214285707
12371.029298689 0.230769225
12379.167493893 0.222222214
12387.296657922 0.222222214
12395.416510987 0.230769225
12403.526773303 0.222222214
12411.627165082 0.249999991
12419.717406536 0.230769225
12427.797217878 0.249999991
12435.866319320 0.230769225
12443.924431076 0.208333329
12451.971273358 0.192307690
12460.006566378 0.166666667
12468.030030349 0.148148148
12476.041385485 0.208333329
12484.040351996 0.185185181
12492.026650097 0.208333329
12500.000000000 0.199999997
12507.960205338 0.208333329
12515.907403425 0.199999997
12523.841814999 0.217391299
12531.763660794 0.199999997
12539.673161546 0.217391299
12547.570537990 0.199999997
12555.456010863 0.217391299
12563.329800900 0.217391299
12571.192128836 0.217391299
12579.043215408 0.173913043
12586.883281351 0.173913043
12594.712547400 0.208333329
12602.531234291 0.208333329
12610.339562760 0.208333329
12618.137753542 0.208333329
12625.926027374 0.217391299
12633.704604990 0.227272725
12641.473707127 0.166666667
12649.233554519 0.190476191
12656.984367904 0.217391299
12664.726368015 0.238095234
12672.459775590 0.260869555
12680.184811363 0.285714277
12687.901696070 0.260869555
12695.610650447 0.285714277
12703.311895230 0.217391299
12711.005651154 0.227272725
12718.692138955 0.217391299
12726.371579368 0.249999995
12734.044193129 0.272727266
12741.710200974 0.333333326
12749.369823638 0.217391299
12757.023281857 0.277777775
12764.670796367 0.318181826
12772.312587903 0.350000005
12779.948877201 0.272727266
12787.579884997 0.333333326
12795.205832026 0.285714277
12802.826939024 0.333333326
12810.443426726 0.380952383
12818.055515868 0.444444450
12825.663427187 0.333333326
12833.267381416 0.333333326
12840.867599293 0.380952383
12848.464301552 0.470588238
12856.057708930 0.260869555
12863.648042162 0.374999987
12871.235521983 0.299999990
12878.820369130 0.374999987
12886.402804338 0.333333326
12893.983048342 0.352941167
12901.561321878 0.285714277
12909.137845683 0.399999984
12916.712840490 0.285714277
12924.286527037 0.374999987
12931.859126059 0.333333326
12939.430858291 0.374999987
12947.001944469 0.333333326
12954.572605329 0.374999987
12962.143061606 0.388888899
12969.713534036 0.500000015
12977.284243355 0.352941167
12984.855410298 0.399999984
12992.427255601 0.249999995
13000.000000000 0.333333324
13007.573864230 0.312499994
13015.149069026 0.399999984
13022.725835126 0.352941167
13030.304383263 0.357142855
13037.884934174 0.294117643
13045.467708594 0.500000015
13053.052927260 0.411764714
13060.640810906 0.333333324
13068.231580268 0.312499994
13075.825456083 0.428571420
13083.422659085 0.352941167
13091.023410011 0.428571420
13098.627929595 0.374999987
13106.236438574 0.428571420
13113.849157683 0.399999984
13121.466307658 0.285714290
13129.088109234 0.235294119
13136.714783148 0.428571420
13144.346550134 0.374999987
13151.983630929 0.285714290
13159.626246267 0.285714290
13167.274616886 0.461538449
13174.928963520 0.428571420
13182.589506904 0.266666665
13190.256467776 0.266666665
13197.930066869 0.437500006
13205.610524921 0.538461551
13213.298062666 0.363636360
13220.992900840 0.333333333
13228.695260179 0.416666658
13236.405361419 0.416666658
13244.123425294 0.250000009
13251.849672542 0.230769240
13259.584323897 0.461538449
13267.327600094 0.428571420
13275.079721871 0.545454522
13282.840909962 0.333333333
13290.611385103 0.307692310
13298.391368029 0.538461551
13306.181079477 0.538461551
13313.980740182 0.250000009
13321.790570879 0.250000009
13329.610792304 0.384615380
13337.441625193 0.416666658
13345.283290282 0.153846139
13353.136008306 0.166666650
13361.000000000 0.000000000
