600.000000000 1.000000000
602.147609497 1.100000033
604.266773954 1.017857134
606.358038319 1.018518547
608.421947544 1.036363617
610.459046576 1.000000000
612.469880366 1.018518547
614.454993863 1.000000000
616.414932018 1.000000000
618.350239778 0.962962981
620.261462095 1.017857134
622.149143917 1.018867915
624.013830195 1.018181809
625.856065877 1.038461519
627.676395914 1.056603784
629.475365255 1.039215666
631.253518849 1.037037057
633.011401646 1.038461519
634.749558597 1.037037057
636.468534649 1.019230759
638.168874753 1.057692318
639.851123859 1.081632654
641.515826915 1.100000033
643.163528872 1.148936136
644.794774680 1.183673461
646.410109287 1.166666667
648.010077643 1.179999986
649.595224699 1.163265308
651.166095402 1.115384596
652.723234704 1.076923077
654.267187554 1.054545426
655.798498901 1.096153836
657.317713694 1.134615394
658.825376884 1.117647038
660.322033420 1.115384596
661.808228252 1.142857155
663.284506328 1.076923077
664.751412600 1.058823499
666.209492015 1.076923077
667.659289525 1.122449002
669.101350078 1.140000013
670.536218624 1.145833344
671.964440113 1.163265308
673.386559493 1.170212815
674.803121716 1.163265308
676.214671730 1.145833301
677.621754485 1.163265308
679.024914930 1.145833301
680.424698016 1.163265308
681.821648691 1.148936186
683.216311905 1.166666667
684.609232609 1.191489401
686.000955750 1.229166677
687.392026280 1.212765986
688.782989147 1.208333312
690.174389302 1.166666667
691.566771693 1.098039249
692.960681270 1.060000011
694.356662984 1.039215708
695.755261782 1.061224501
697.157022616 1.102040807
698.562490435 1.130434808
699.972210188 1.102040807
701.386726824 1.102040807
702.806585294 1.096153836
704.232330547 1.057692278
705.664507532 1.075471699
707.103661200 1.145833301
708.550336499 1.166666667
710.005078380 1.152173928
711.468431791 1.191489349
712.940941683 1.173913047
714.423153005 1.122449002
715.915610706 1.124999979
717.418859737 1.122449002
718.933445046 1.130434808
720.459911584 1.170212815
721.998804299 1.124999979
723.550668143 1.145833344
725.116048063 1.199999991
726.695489010 1.195652212
728.289535933 1.204545443
729.898733782 1.255813962
731.523627506 1.285714341
733.164762055 1.222222248
734.822682379 1.250000012
736.497933427 1.195652212
738.191060149 1.272727273
739.902607494 1.239130451
741.633120412 1.272727273
743.383143852 1.250000012
745.153222765 1.261904780
746.943902099 1.186046462
748.755726804 1.219512185
750.589241830 1.238095268
752.444992127 1.300000000
754.323522643 1.292682930
756.225378329 1.394736866
758.151104134 1.358974399
760.101245008 1.368421090
762.076345899 1.300000000
764.076951759 1.384615340
766.103607536 1.309523854
768.156858181 1.333333366
770.237248641 1.333333366
772.345323868 1.424999987
774.481628811 1.375000013
776.646708419 1.384615340
778.841107642 1.421052643
781.065371430 1.421052643
783.320044731 1.292682930
785.605672496 1.317073162
787.922799674 1.285714293
790.271971216 1.232558113
792.653732069 1.209302311
795.068627185 1.238095268
797.517201512 1.190476195
800.000000000 1.219512185
802.517567599 1.224999987
805.070449258 1.274999962
807.659189927 1.300000000
810.284334556 1.375000013
812.946428093 1.375000013
815.646015489 1.375000013
818.383641694 1.243902467
821.159851656 1.166666683
823.975190325 1.146341440
826.830202652 1.170731722
829.725433585 1.200000000
832.661428074 1.282051239
835.638731068 1.351351342
838.657887518 1.351351342
841.719442373 1.399999965
844.823940582 1.388888860
847.971927095 1.441176499
851.163946862 1.428571378
854.400544832 1.428571378
857.682265954 1.388888860
861.009655179 1.441176499
864.383257456 1.470588249
867.803617734 1.424242400
871.271280964 1.437499968
874.786792093 1.433333399
878.350696074 1.400000014
881.963537854 1.392857161
885.625862383 1.444444546
889.338214611 1.480000010
893.101139488 1.461538558
896.915181963 1.458333355
900.780886986 1.440000029
904.698799505 1.590909188
908.669464472 1.652173832
912.693426835 1.842105133
916.771231545 1.949999923
920.903423549 2.055555644
925.090547799 2.052631443
929.333149244 2.187499904
933.631772833 2.055555644
937.986963516 2.133333261
942.399266243 2.199999891
946.869225962 2.800000287
951.397387624 2.727272693
955.984296179 3.124999936
960.630496575 3.375000064
965.336533763 6.000000000
970.102952691 3.857142648
974.930298310 7.666665529
979.819115570 6.249999872
984.769949419 21.000010240
989.783344807 6.999998635
994.859846684 -5.666665529
1000.000000000 -4.999999317
1005.205202450 -2.166666951
1010.480262716 -2.166666951
1015.830842224 -0.916666539
1021.262602403 -1.099999959
1026.781204679 -0.733333306
1032.392310481 -0.611111061
1038.101581236 -0.260869538
1043.914678370 -0.272727239
1049.837263312 -0.071428535
1055.874997489 0.064516095
1062.033542329 0.194444459
1068.318559259 0.157894714
1074.735709705 0.295454534
1081.290655097 0.347826095
1087.989056861 0.380000018
1094.836576424 0.415094324
1101.838875214 0.449999974
1109.001614659 0.468749984
1116.330456186 0.492957721
1123.831061223 0.533333330
1131.509091196 0.542168665
1139.370207533 0.582417574
1147.420071662 0.589999985
1155.664345011 0.583333319
1164.108689006 0.593220325
1172.758765075 0.625000000
1181.620234645 0.644444431
1190.698759144 0.662068968
1200.000000000 0.683870959
1209.527567738 0.692771092
1219.276869275 0.693181812
1229.241260630 0.707446806
1239.414097816 0.721393034
1249.788736852 0.734883721
1260.358533754 0.737068968
1271.116844536 0.742971887
1282.057025217 0.745318353
1293.172431812 0.743859650
1304.456420338 0.744262298
1315.902346810 0.758513929
1327.503567246 0.764534885
1339.253437661 0.768392367
1351.145314072 0.777493605
1363.172552495 0.784688997
1375.328508947 0.779510021
1387.606539443 0.785416666
1400.000000000 0.789473684
1412.508839939 0.790909093
1425.159381796 0.796232876
1437.984541414 0.802250806
1451.017234632 0.806646525
1464.290377294 0.807637906
1477.836885240 0.811920531
1491.689674311 0.813118811
1505.881660349 0.818604651
1520.445759196 0.822052401
1535.414886692 0.823589744
1550.821958679 0.825918762
1566.699890999 0.826800365
1583.081599492 0.828890799
1600.000000000 0.829545454
1617.464764180 0.834869433
1635.392586953 0.836482559
1653.676919055 0.838953889
1672.211211220 0.839634942
1690.888914186 0.840740740
1709.603478688 0.839578454
1728.248355462 0.838978346
1746.716995245 0.839577836
1764.902848771 0.840521565
1782.699366778 0.841376015
1800.000000000 0.842057351
1816.775907343 0.842447916
1833.309080389 0.842845327
1849.959218885 0.842417061
1867.086022584 0.842383107
1885.049191234 0.842105263
1904.208424585 0.842305038
1924.923422387 0.844267727
1947.553884391 0.845003183
1972.459510345 0.844975490
2000.000000000 0.844903988
2030.346542635 0.845472722
2062.916285648 0.844303097
2096.937865964 0.844707147
2131.639920510 0.844665272
2166.251086214 0.845289763
2200.000000000 0.845615788
2232.268928987 0.845381034
2263.054661053 0.845375722
2292.507614267 0.845204179
2320.778206700 0.845017585
2348.016856420 0.844867626
2374.373981497 0.844203734
2400.000000000 0.843384545
2425.051700156 0.842514285
2449.711350817 0.841443912
2474.167590995 0.839734797
2498.609059701 0.838376891
2523.224395943 0.836861482
2548.202238734 0.835606936
2573.731227082 0.833991177
2600.000000000 0.832750175
2627.137601584 0.831226592
2655.034696278 0.829342723
2683.522353613 0.827497062
2712.431643122 0.825647059
2741.593634336 0.823418763
2770.839396784 0.820615168
2800.000000000 0.817372981
2828.942812043 0.814105558
2857.680395088 0.809756097
2886.261609840 0.804990758
2914.735317003 0.800827016
2943.150377281 0.796435915
2971.555651378 0.790129047
3000.000000000 0.785023611
3028.519721674 0.779214986
3057.100866228 0.771863958
3085.716921314 0.763807029
3114.341374582 0.757365685
3142.947713685 0.749355670
3171.509426273 0.740685544
3200.000000000 0.733812950
3228.406872689 0.727176892
3256.773282856 0.719228350
3285.156419192 0.712792642
3313.613470384 0.708760192
3342.201625124 0.703889586
3370.978072099 0.700125471
3400.000000000 0.696372405
3429.281358999 0.693568727
3458.663145204 0.691480388
3487.943116205 0.690289824
3516.919029595 0.690197746
3545.388642963 0.692965576
3573.149713901 0.695998279
3600.000000000 0.699285559
3625.819788254 0.704059363
3650.819483271 0.709911894
3675.292019062 0.716129032
3699.530329637 0.722509557
3723.827349007 0.730191257
3748.476011184 0.739030023
3773.769250178 0.747363487
3800.000000000 0.756428571
3827.360693177 0.766416283
3855.641756303 0.775092478
3884.533114487 0.783668341
3913.724692839 0.790983607
3942.906416469 0.797958650
3971.768210486 0.804120953
4000.000000000 0.809758772
4027.358184404 0.813149761
4053.865060222 0.817551963
4079.609398260 0.819988137
4104.679969326 0.822541234
4129.165544226 0.823584906
4153.154893767 0.824959481
4176.736788756 0.825375626
4200.000000000 0.826625387
4223.020026267 0.826977401
4245.819278175 0.827910341
4268.406894300 0.828349945
4290.792013221 0.827948911
4312.983773516 0.827428572
4334.991313763 0.825684535
4356.823772541 0.824951267
4378.490288427 0.825078617
4400.000000000 0.825484764
4421.378453141 0.825447316
4442.716822949 0.826416601
4464.122691825 0.826469413
4485.703642170 0.826661329
4507.567256386 0.828193833
4529.821116876 0.828800000
4552.572806040 0.828879138
4575.929906281 0.829753381
4600.000000000 0.829635499
4624.829852405 0.828729282
4650.222959929 0.828807556
4675.922001812 0.829335431
4701.669657294 0.830314960
4727.208605614 0.830896879
4752.281526012 0.831478537
4776.631097727 0.833266533
4800.000000000 0.834479967
4822.207770433 0.833605888
4843.381380087 0.833746899
4863.724658383 0.834031852
4883.441434745 0.832696390
4902.735538597 0.832327586
4921.810799360 0.832458442
4940.871046460 0.832444445
4960.120109317 0.832054176
4979.761817356 0.831496787
5000.000000000 0.830690298
5020.980027336 0.830403801
5042.613432107 0.830754352
5064.753287723 0.830216536
5087.252667591 0.830576441
5109.964645119 0.830352580
5132.742293716 0.830817283
5155.438686790 0.828738071
5177.906897748 0.828555976
5200.000000000 0.828366446
5221.603090760 0.828362409
5242.729362468 0.828062104
5263.424031373 0.828437132
5283.732313722 0.828228229
5303.699425762 0.826380369
5323.370583741 0.826415094
5342.791003907 0.826254827
5362.005902507 0.825512227
5381.060495789 0.826883910
5400.000000000 0.828212290
5418.859360528 0.829145729
5437.632439321 0.829881658
5456.302827468 0.831050229
5474.854116057 0.827450980
5493.269896177 0.829149797
5511.533758917 0.828308208
5529.629295364 0.826124568
5547.540096607 0.827493261
5565.249753735 0.833178005
5582.741857837 0.831558568
5600.000000000 0.831494483
5617.017681134 0.832635983
5633.828041426 0.830985913
5650.474130886 0.826381059
5666.998999523 0.825322392
5683.445697344 0.824754901
5699.857274359 0.825477708
5716.276780577 0.824234354
5732.747266005 0.822714681
5749.311780653 0.823699420
5766.013374529 0.825825826
5782.895097642 0.822152888
5800.000000000 0.825242715
5817.359714589 0.823529409
5834.960206298 0.825783969
5852.776022994 0.818345325
5870.781712542 0.818518517
5888.951822809 0.813333335
5907.260901660 0.815175100
5925.683496962 0.809900990
5944.194156581 0.810865193
5962.767428383 0.808553970
5981.377860234 0.807377047
6000.000000000 0.806185565
6018.609645022 0.802469135
6037.187590537 0.804123710
6055.715881259 0.804123710
6074.176561901 0.802469135
6092.551677174 0.804526748
6110.823271793 0.802874739
6128.973390468 0.802443989
6146.984077914 0.801217040
6164.837378843 0.805668012
6182.515337967 0.804040401
6200.000000000 0.807692310
6217.280236594 0.808163267
6234.372227166 0.806981518
6251.298978071 0.799586778
6268.083495665 0.802105261
6284.748786306 0.804301074
6301.317856348 0.801762116
6317.813712150 0.807256237
6334.259360065 0.809859156
6350.677806452 0.805288463
6367.092057666 0.799504952
6383.525120063 0.792838876
6400.000000000 0.782493371
6416.534301841 0.779005530
6433.124021987 0.775216136
6449.759754845 0.766467068
6466.432094824 0.760124612
6483.131636331 0.754838715
6499.848973777 0.748322152
6516.574701568 0.739583332
6533.299414113 0.742753621
6550.013705820 0.739776955
6566.708171098 0.739463601
6583.373404356 0.736434107
6600.000000000 0.744094489
6616.582556040 0.733333334
6633.131684887 0.737254900
6649.662002550 0.723076923
6666.188125040 0.726235742
6682.724668368 0.704797049
6699.286248544 0.703971122
6715.887481579 0.688811189
6732.542983483 0.683848803
6749.267370267 0.663333335
6766.075257940 0.663366334
6782.981262515 0.654838713
6800.000000000 0.660256414
6817.135473997 0.660377364
6834.349238465 0.664596279
6851.592234955 0.647590363
6868.815405015 0.641791045
6885.969690195 0.625730993
6903.006032045 0.619186045
6919.875372115 0.604584524
6936.528651955 0.601719196
6952.916813113 0.589235128
6968.990797141 0.584745757
6984.701545586 0.569444443
7000.000000000 0.559888577
7014.852911773 0.558333332
7029.290271659 0.554317549
7043.357880257 0.544198895
7057.101538162 0.537396120
7070.567045971 0.530219779
7083.800204280 0.521978019
7096.846813685 0.514986377
7109.752674785 0.516483516
7122.563588174 0.517808219
7135.325354449 0.522099448
7148.083774207 0.517808219
7160.884648045 0.522099445
7173.773776559 0.519230768
7186.796960345 0.517808219
7200.000000000 0.514905147
7213.417990670 0.520435962
7227.043205701 0.521505374
7240.857212988 0.525469170
7254.841580425 0.537433155
7268.977875908 0.545454547
7283.247667331 0.556728233
7297.632522591 0.563492064
7312.114009582 0.577427822
7326.673696198 0.587926510
7341.293150336 0.602597403
7355.953939890 0.607792211
7370.637632755 0.619537275
7385.325796827 0.631443298
7400.000000000 0.637755099
7414.644123956 0.647058821
7429.251305518 0.657360409
7443.816995299 0.668367344
7458.336643910 0.671717169
7472.805701960 0.680203047
7487.219620061 0.682619650
7501.573848823 0.686075950
7515.863838858 0.690954777
7530.085040777 0.696202532
7544.232905189 0.702020199
7558.302882707 0.709183671
7572.290423941 0.713554988
7586.190979502 0.713917524
7600.000000000 0.715384619
7613.714993079 0.711340206
7627.341694513 0.714652955
7640.887897107 0.713178294
7654.361393666 0.713178294
7667.769976997 0.707571802
7681.121439905 0.715404696
7694.423575196 0.707894735
7707.684175676 0.707894735
7720.911034150 0.700265253
7734.111943424 0.695767199
7747.294696305 0.682666666
7760.467085597 0.680965146
7773.636904106 0.675675675
7786.811944639 0.668463611
7800.000000000 0.660326083
7813.207475820 0.652173913
7826.435229027 0.642076506
7839.682729372 0.636612022
7852.949446608 0.629834256
7866.234850486 0.623268698
7879.538410757 0.611731843
7892.859597175 0.601671308
7906.197879491 0.581005585
7919.552727456 0.573816152
7932.923610823 0.567415727
7946.309999344 0.564971753
7959.711362770 0.556818182
7973.127170853 0.560000002
7986.556893346 0.546242775
8000.000000000 0.538904903
8013.455103639 0.530259368
8026.917389379 0.527377525
8040.381185404 0.524637680
8053.840819903 0.533141211
8067.290621061 0.531976746
8080.724917066 0.537790696
8094.138036104 0.533724338
8107.524306362 0.536656888
8120.878056026 0.537091987
8134.193613283 0.550595237
8147.465306320 0.551204821
8160.687463324 0.561561564
8173.854412480 0.562310030
8186.960481977 0.571428572
8200.000000000 0.571865444
8212.968526892 0.581039751
8225.866551622 0.591331270
8238.695795312 0.603715171
8251.457979086 0.609375002
8264.154824069 0.615624998
8276.788051383 0.629746837
8289.359382153 0.643312101
8301.870537502 0.647435894
8314.323238554 0.660256407
8326.719206434 0.662379417
8339.060162263 0.664536742
8351.347827167 0.665594856
8363.583922269 0.677419356
8375.770168693 0.677524429
8387.908287562 0.694078949
8400.000000000 0.693333333
8412.047001343 0.700000003
8424.050883775 0.700336702
8436.013213691 0.707070712
8447.935557488 0.700680278
8459.819481560 0.715753423
8471.666552304 0.717770037
8483.478336116 0.727272730
8495.256399390 0.733096090
8507.002308524 0.749103939
8518.717629912 0.743682308
8530.403929950 0.750902528
8542.062775035 0.744525545
8553.695731561 0.743589747
8565.304365925 0.731617649
8576.890244522 0.743494425
8588.454933749 0.743396226
8600.000000000 0.743396226
8611.528071824 0.730038021
8623.046026374 0.738461538
8634.561802957 0.720306515
8646.083340879 0.713740463
8657.618579446 0.717054264
8669.175457964 0.734375000
8680.761915740 0.722656248
8692.385892079 0.723320162
8704.055326288 0.713147417
8715.778157673 0.714859435
8727.562325539 0.705645163
8739.415769193 0.710204079
8751.346427942 0.704918033
8763.362241091 0.707818929
8775.471147946 0.690082650
8787.681087814 0.679166669
8800.000000000 0.661087860
8812.431331305 0.661016949
8824.960558506 0.649572647
8837.568665873 0.648068673
8850.236637678 0.635193134
8862.945458190 0.629310340
8875.676111681 0.609442057
8888.409582422 0.601731603
8901.126854683 0.591304350
8913.808912735 0.585903080
8926.436740849 0.575221246
8938.991323296 0.567567575
8951.453644347 0.554545459
8963.804688272 0.539170506
8976.025439342 0.527777773
8988.096881827 0.523584908
9000.000000000 0.509433962
9011.721986165 0.490476186
9023.274864771 0.464454970
9034.676868299 0.444444443
9045.946229232 0.420289857
9057.101180052 0.397058821
9068.159953242 0.372549020
9079.140781285 0.358208956
9090.061896662 0.339901474
9100.941531857 0.321782177
9111.797919352 0.308457707
9122.649291629 0.289999995
9133.513881170 0.267326729
9144.409920459 0.235000003
9155.355641978 0.204999997
9166.369278209 0.174999992
9177.469061635 0.160000000
9188.673224738 0.137755094
9200.000000000 0.131979691
9211.461720838 0.117948720
9223.047124399 0.112820507
9234.739048765 0.094736837
9246.520332018 0.082901555
9258.373812238 0.063157895
9270.282327508 0.063157895
9282.228715908 0.053475930
9294.195815520 0.047368419
9306.166464425 0.043243243
9318.123500705 0.032432427
9330.049762442 0.010989005
9341.928087716 -0.005494503
9353.741314609 -0.028089885
9365.472281203 -0.039106148
9377.103825578 -0.045454545
9388.618785817 -0.050561795
9400.000000000 -0.056818176
9411.234970743 -0.050279327
9422.329858791 -0.057471259
9433.295489427 -0.057142851
9444.142687929 -0.058479526
9454.882279577 -0.058139529
9465.525089653 -0.059171592
9476.081943437 -0.058479526
9486.563666207 -0.059523803
9496.981083246 -0.053571426
9507.345019832 -0.054878046
9517.666301247 -0.030487802
9527.955752770 -0.031249997
9538.224199681 -0.006172836
9548.482467261 0.012578610
9558.741380790 0.037499994
9569.011765548 0.019354842
9579.304446816 0.044303788
9589.630249873 0.045454536
9600.000000000 0.044303788
9610.421639722 0.044871785
9620.891580542 0.063291133
9631.403351209 0.064935059
9641.950480473 0.071428562
9652.526497080 0.073825493
9663.124929781 0.092715225
9673.739307324 0.108108108
9684.363158457 0.127516782
9694.990011930 0.114864861
9705.613396489 0.133333334
9716.226840886 0.131034487
9726.823873867 0.143835614
9737.398024182 0.132867136
9747.942820579 0.161971833
9758.451791807 0.166666669
9768.918466614 0.181159415
9779.336373750 0.179104476
9789.699041962 0.203007508
9800.000000000 0.198473274
9810.234889825 0.224806198
9820.407806249 0.236220467
9830.524957300 0.267716531
9840.592551002 0.269841264
9850.616795382 0.312000005
9860.603898465 0.306451605
9870.560068278 0.327868855
9880.491512846 0.322314055
9890.404440195 0.352941166
9900.305058352 0.350427348
9910.199575341 0.370689660
9920.094199189 0.338983048
9929.995137922 0.362068957
9939.908599566 0.362068957
9949.840792146 0.394736841
9959.797923688 0.387931030
9969.786202219 0.442477869
9979.811835764 0.438596486
9989.881032349 0.477477471
10000.000000000 0.464285714
10010.173492659 0.509259264
10020.400447931 0.490740736
10030.678349339 0.514018704
10041.004680404 0.490740736
10051.376924648 0.514018704
10061.792565592 0.509433958
10072.249086759 0.558823530
10082.743971669 0.539215697
10093.274703845 0.591836730
10103.838766809 0.591836730
10114.433644081 0.602040828
10125.056819185 0.574257419
10135.705775641 0.618556704
10146.377996972 0.580000010
10157.070966698 0.604166677
10167.782168343 0.606382980
10178.509085427 0.622222229
10189.249201472 0.586956511
10200.000000000 0.613636352
10210.758534743 0.584269666
10221.520140274 0.620689640
10232.279721377 0.613636352
10243.032182835 0.635294109
10253.772429431 0.593023245
10264.495365948 0.626506020
10275.195897171 0.576470586
10285.868927882 0.609756093
10296.509362865 0.578313249
10307.112106904 0.604938269
10317.672064781 0.566265063
10328.184141280 0.582278464
10338.643241185 0.536585373
10349.044269279 0.582278464
10359.382130345 0.594936686
10369.651729166 0.605263144
10379.847970527 0.576923078
10389.965759211 0.594594603
10400.000000000 0.573333336
10409.947498568 0.567567562
10419.812664144 0.558441569
10429.601806848 0.573333352
10439.321236798 0.565789480
10448.977264113 0.589041107
10458.576198913 0.578947368
10468.124351317 0.611111111
10477.628031443 0.619718305
10487.093549411 0.647058824
10496.527215339 0.608695642
10505.935339347 0.619047622
10515.324231554 0.603174615
10524.700202079 0.606557374
10534.069561040 0.564516147
10543.438618558 0.593220343
10552.813684750 0.590163939
10562.201069736 0.603448295
10571.607083635 0.583333342
10581.038036566 0.620689666
10590.500238648 0.600000000
10600.000000000 0.568965518
10609.541541723 0.532258065
10619.120728842 0.533333333
10628.731337367 0.524590168
10638.367143304 0.534482777
10648.021922662 0.542372877
10657.689451448 0.527272713
10667.363505670 0.553571438
10677.037861337 0.517857134
10686.706294456 0.517241371
10696.362581034 0.509090904
10706.000497081 0.526315776
10715.613818602 0.472727250
10725.196321608 0.518518528
10734.741782105 0.490196063
10744.243976101 0.500000019
10753.696679604 0.489795923
10763.093668622 0.510204077
10772.428719162 0.488888872
10781.695607234 0.500000022
10790.888108844 0.465116274
10800.000000000 0.478260858
10809.027275020 0.441860472
10817.974801459 0.456521738
10826.849665180 0.454545455
10835.658952048 0.511111083
10844.409747928 0.488372075
10853.109138684 0.511111128
10861.764210180 0.441860472
10870.382048279 0.454545455
10878.969738848 0.449999974
10887.534367749 0.487804884
10896.083020847 0.487179494
10904.622784007 0.549999974
10913.160743092 0.487179494
10921.703983967 0.476190488
10930.259592497 0.475000013
10938.834654545 0.452380976
10947.436255976 0.410256405
10956.071482654 0.461538429
10964.747420443 0.388888860
10973.471155208 0.351351342
10982.249772813 0.333333354
10991.090359122 0.323529437
11000.000000000 0.250000000
11008.984096489 0.272727261
11018.041310348 0.212121169
11027.168618514 0.235294125
11036.362997923 0.125000000
11045.621425513 0.125000000
11054.940878219 0.166666655
11064.318332981 0.172413778
11073.750766733 -0.111111128
11083.235156413 0.178571410
11092.768478959 -0.068965483
11102.347711306 -0.033333317
11111.969830392 -0.107142875
11121.631813153 0.172413778
11131.330636528 -0.071428535
11141.063277451 0.038461520
11150.826712861 0.039999980
11160.617919695 0.160000003
11170.433874889 0.192307680
11180.271555379 0.125000021
11190.127938104 -0.039999980
11200.000000000 0.041666645
11209.884115332 -0.125000021
11219.774247678 -0.130434802
11229.663757943 -0.230769200
11239.546007035 -0.291666688
11249.414355859 -0.399999967
11259.262165322 -0.399999967
11269.082796329 -0.399999967
11278.869609786 -0.434782554
11288.615966600 -0.374999979
11298.315227677 -0.428571415
11307.960753922 -0.449999974
11317.545906243 -0.526315721
11327.064045544 -0.600000000
11336.508532732 -0.666666705
11345.872728714 -0.571428585
11355.149994394 -0.666666705
11364.333690680 -0.578947272
11373.417178478 -0.624999936
11382.393818693 -0.600000027
11391.256972232 -0.833333248
11400.000000000 -0.714285693
11408.618815514 -0.916666709
11417.119542730 -0.799999973
11425.510858214 -0.866666603
11433.801438531 -0.705882374
11441.999960247 -0.764705875
11450.115099929 -0.722222235
11458.155534143 -0.799999973
11466.129939453 -0.866666603
11474.046992427 -1.076923198
11481.915369630 -0.928571460
11489.743747628 -1.000000000
11497.540802987 -0.857142920
11505.315212273 -0.785714233
11513.075652052 -0.733333206
11520.830798890 -0.916666539
11528.589329352 -0.846153761
11536.359920005 -1.300000082
11544.151247414 -1.181818080
11551.971988146 -1.555555530
11559.830818766 -1.076923041
11567.736415840 -1.272727120
11575.697455935 -0.999999814
11583.722615616 -1.222222121
11591.820571449 -0.666666667
11600.000000000 -0.888888939
11608.267065348 -0.727272693
11616.617881624 -0.818181734
11625.046050473 -0.615384640
11633.545173539 -0.900000041
11642.108852466 -0.900000041
11650.730688899 -1.124999936
11659.404284482 -1.249999872
11668.123240859 -2.000000341
11676.881159675 -1.714286090
11685.671642574 -2.333333561
11694.488291201 -2.500000512
11703.324707199 -2.500000512
11712.174492213 -1.857143192
11721.031247888 -2.500000512
11729.888575868 -1.857143192
11738.740077797 -2.000000293
11747.579355319 -1.857143192
11756.400010079 -2.500000512
11765.195643721 -1.714286090
11773.959857890 -4.666665529
11782.686254230 -3.999999317
11791.368434385 -2.600000164
11800.000000000 -2.600000164
11808.576336755 15.000008192
11817.099966473 -6.500003072
11825.575195014 -3.000000410
11834.006328238 -4.333332423
11842.397672005 -4.999999317
11850.753532174 -4.666665529
11859.078214605 -5.666665529
11867.376025158 -3.000000000
11875.651269691 -5.999998635
11883.908254066 -15.000006144
11892.151284141 8.500004096
11900.384665776 7.000003072
11908.612704831 4.000000000
11916.839707165 7.500004096
11925.069978638 8.500004096
11933.307825110 -16.000008192
11941.557552441 9.000005120
11949.823466489 8.500004096
11958.109873116 4.500000256
11966.421078179 4.249999872
11974.761387540 4.500000256
11983.135107057 4.999999317
11991.546542591 4.000000000
12000.000000000 3.499999744
12008.498475781 3.000000410
12017.039728971 1.857143192
12025.620209245 2.285714787
12034.236366276 2.142857686
12042.884649737 2.000000000
12051.561509305 2.000000000
12060.263394650 1.900000246
12068.986755449 1.636363958
12077.728041374 1.909091129
12086.483702100 1.818182072
12095.250187300 1.909091129
12104.023946649 1.727273015
12112.801429820 1.909091129
12121.579086486 1.636363772
12130.353366323 1.900000246
12139.120719004 1.600000164
12147.877594202 2.100000164
12156.620441592 1.636363772
12165.345710847 1.727272829
12174.049851641 1.333333333
12182.729313649 1.538461599
12191.380546544 1.214285589
12200.000000000 1.357142794
12208.584984353 1.199999891
12217.136252589 1.312499968
12225.655418356 1.133333261
12234.144095303 1.333333288
12242.603897077 1.117647123
12251.036437326 1.111111174
12259.443329699 1.000000000
12267.826187844 1.166666572
12276.186625409 0.999999886
12284.526256041 1.250000000
12292.846693390 1.266666658
12301.149551104 1.466666548
12309.436442829 1.374999936
12317.708982216 1.352941247
12325.968782911 1.222222096
12334.217458563 1.529411751
12342.456622819 1.388888939
12350.687889329 1.500000114
12358.912871741 1.588235372
12367.133183701 1.705882374
12375.350438859 1.473684171
12383.566250863 1.611110991
12391.782233361 1.588235252
12400.000000000 1.705882374
12408.221164429 1.812499968
12416.447340297 1.799999836
12424.680141251 1.470588249
12432.921180939 1.470588249
12441.172073010 1.333333257
12449.434431112 1.105263101
12457.709868893 1.249999974
12466.000000000 0.750000026
