500.000000000 16.000001638
500.753353597 7.500000819
501.513362953 10.857145240
502.280075241 10.571430745
503.053537633 15.000001638
503.833797301 14.600001393
504.620901420 37.500019456
505.414897161 74.000036864
506.215831698 -15.400001475
507.023752203 -15.000001229
507.838705849 -78.000038912
508.660739810 -75.000036864
509.489901257 -38.000019456
510.326237364 -24.333329010
511.169795303 -18.750000128
512.020622247 -12.000002048
512.878765370 -12.500002219
513.744271844 -9.249999872
514.617188841 -7.600000778
515.497563535 -5.692307838
516.385443098 -5.285713826
517.280874703 -4.176470624
518.183905524 -4.500000000
519.094582732 -4.117647123
520.012953501 -3.944444697
520.939065003 -3.380952488
521.872964412 -3.217391475
522.814698900 -2.678571447
523.764315639 -2.533333420
524.721861804 -2.343750016
525.687384566 -2.406249984
526.660931099 -2.303030339
527.642548575 -2.272727324
528.632284166 -2.054054082
529.630185047 -2.081081096
530.636298390 -1.829268328
531.650671367 -1.767441839
532.673351151 -1.630434830
533.704384916 -1.652173950
534.743819833 -1.520000031
535.791703076 -1.540000021
536.848081818 -1.388888925
537.913003232 -1.357142857
538.986514489 -1.275862109
540.068662764 -1.254237295
541.159495229 -1.171875008
542.259059056 -1.187500000
543.367401419 -1.134328350
544.484569490 -1.115942030
545.610610443 -1.068493172
546.745571449 -1.041095898
547.889499683 -0.974358987
549.042442316 -0.949367089
550.204446521 -0.870588228
551.375559472 -0.837209312
552.555828341 -0.820224718
553.745300301 -0.818181818
554.944022525 -0.804347815
556.152042185 -0.829545449
557.369406455 -0.787234040
558.596162507 -0.762886591
559.832357514 -0.730769231
561.078038649 -0.698113205
562.333253084 -0.666666673
563.598047994 -0.657894747
564.872470549 -0.611570242
566.156567924 -0.586776849
567.450387290 -0.579365071
568.753975822 -0.562500000
570.067380691 -0.559701501
571.390649070 -0.568181822
572.723828133 -0.557971015
574.066965052 -0.542857143
575.420107000 -0.531034481
576.783301149 -0.506849312
578.156594673 -0.493421056
579.540034745 -0.490196083
580.933668536 -0.474683551
582.337543221 -0.456249997
583.751705972 -0.448484856
585.176203961 -0.443113777
586.611084361 -0.433526016
588.056394346 -0.420454540
589.512181089 -0.415300545
590.978491761 -0.408602153
592.455373535 -0.395833333
593.942873586 -0.389743589
595.441039085 -0.381188118
596.949917205 -0.377450978
598.469555119 -0.364928907
600.000000000 -0.359813083
601.541299021 -0.337837842
603.093499354 -0.331838560
604.656648173 -0.314410481
606.230792649 -0.311688311
607.815979957 -0.301255229
609.412257269 -0.305439328
611.019671757 -0.297188760
612.638270594 -0.297619050
614.268100954 -0.292307692
615.909210009 -0.290076335
617.561644932 -0.282527882
619.225452896 -0.282527882
620.900681073 -0.273381294
622.587376637 -0.277580075
624.285586759 -0.268965522
625.995358614 -0.266891894
627.716739374 -0.255737702
629.449776211 -0.253246750
631.194516299 -0.234177212
632.951006810 -0.231974918
634.719294917 -0.217125383
636.499427793 -0.218181819
638.291452611 -0.209439529
640.095416544 -0.213450292
641.911366764 -0.205714286
643.739350444 -0.209631725
645.579414757 -0.200549449
647.431606876 -0.198369564
649.295973974 -0.189973615
651.172563224 -0.189119170
653.061421797 -0.181360202
654.962596868 -0.181141438
656.876135609 -0.171912834
658.802085193 -0.169856461
660.740492792 -0.164319247
662.691405580 -0.167053364
664.654870729 -0.159453300
666.630935412 -0.164044943
668.619646802 -0.157549234
670.621052071 -0.156989246
672.635198394 -0.147368419
674.662132941 -0.149688150
676.701902887 -0.142857141
678.754555404 -0.145748988
680.820137665 -0.143141154
682.898696842 -0.146771039
684.990280109 -0.144508672
687.094934638 -0.149905125
689.212707603 -0.145251399
691.343646175 -0.145756459
693.487797528 -0.140255008
695.645208835 -0.140035905
697.815927268 -0.130742048
700.000000000 -0.129370628
702.197450595 -0.122203099
704.408208177 -0.122241087
706.632178263 -0.116861434
708.869266367 -0.117355373
711.119378006 -0.108943090
713.382418694 -0.113964688
715.658293948 -0.110759492
717.946909282 -0.114420062
720.248170213 -0.111111111
722.561982256 -0.115677321
724.888250927 -0.109281436
727.226881741 -0.110782866
729.577780213 -0.104196816
731.940851860 -0.106837608
734.316002196 -0.104078761
736.703136738 -0.105702364
739.102161001 -0.099999999
741.512980500 -0.102841678
743.935500751 -0.099062917
746.369627270 -0.099206350
748.815265571 -0.093872230
751.272321172 -0.096649485
753.740699586 -0.090561225
756.220306330 -0.090794452
758.711046920 -0.088639202
761.212826870 -0.090234857
763.725551697 -0.085784312
766.249126915 -0.087272727
768.783458042 -0.086124402
771.328450591 -0.085005903
773.884010079 -0.082943926
776.450042020 -0.084101382
779.026451932 -0.083238312
781.613145329 -0.083521444
784.210027727 -0.082589285
786.817004641 -0.082599120
789.433981586 -0.080610021
792.060864080 -0.078494623
794.697557636 -0.075612352
797.343967771 -0.075550892
800.000000000 -0.073727932
802.665678004 -0.073770492
805.341498127 -0.072948328
808.028074876 -0.073073073
810.726022761 -0.071287129
813.435956289 -0.073099416
816.158489971 -0.071359690
818.894238314 -0.070342204
821.643815827 -0.068288119
824.407837018 -0.069124423
827.186916396 -0.065514104
829.981668471 -0.066189623
832.792707749 -0.064260563
835.620648741 -0.064124783
838.466105954 -0.062286689
841.329693897 -0.061872911
844.212027079 -0.059983566
847.113720008 -0.059533388
850.035387193 -0.058313634
852.977643143 -0.057825752
855.941102367 -0.055933484
858.926379372 -0.055268976
861.934088667 -0.054073540
864.964844762 -0.053483462
868.019262164 -0.051475635
871.097955382 -0.050100201
874.201538925 -0.047557003
877.330627302 -0.046865104
880.485835021 -0.044389642
883.667776591 -0.043062201
886.877066519 -0.041255085
890.114319316 -0.040609137
893.380149489 -0.038356164
896.675171548 -0.037705789
900.000000000 -0.036635707
903.354898976 -0.036536536
906.738731096 -0.035436893
910.150008599 -0.034856336
913.587243727 -0.033394327
917.048948720 -0.032401243
920.533635819 -0.031047865
924.039817265 -0.030176027
927.566005298 -0.029327902
931.110712159 -0.028876582
934.672450088 -0.028087726
938.249731328 -0.027310138
941.841068117 -0.026555111
945.444972698 -0.025813295
949.059957310 -0.025808672
952.684534194 -0.024112525
956.317215591 -0.024453864
959.956513743 -0.023839797
963.600940888 -0.023587834
967.249009269 -0.022127917
970.899231126 -0.022498520
974.550118700 -0.021122685
978.200184230 -0.020621469
981.847939959 -0.019856591
985.491898127 -0.019650067
989.130570974 -0.018922470
992.762470742 -0.018722749
996.386109670 -0.018040591
1000.000000000 -0.018604651
1003.603240580 -0.017951172
1007.197276691 -0.018045465
1010.784140221 -0.017463235
1014.365863058 -0.017132552
1017.944477090 -0.015936255
1021.522014205 -0.015859222
1025.100506293 -0.014919011
1028.681985240 -0.015056462
1032.268482936 -0.014974359
1035.862031268 -0.016106302
1039.464662125 -0.015427215
1043.078407395 -0.015363672
1046.705298966 -0.014162679
1050.347368726 -0.014331510
1054.006648564 -0.012827663
1057.685170368 -0.013568023
1061.384966027 -0.013386396
1065.108067427 -0.014099589
1068.856506459 -0.013213530
1072.632315009 -0.013219690
1076.437524966 -0.012369009
1080.274168219 -0.012726964
1084.144276655 -0.012745262
1088.049882163 -0.012933178
1091.993016631 -0.012631234
1095.975711947 -0.012837179
1100.000000000 -0.012403350
1104.067196678 -0.012138636
1108.175753874 -0.011882129
1112.323407479 -0.012097408
1116.507893386 -0.011680424
1120.726947488 -0.011890056
1124.978305677 -0.011487211
1129.259703846 -0.011848701
1133.568877886 -0.011007238
1137.903563691 -0.011079503
1142.261497153 -0.010559191
1146.640414164 -0.010930576
1151.038050617 -0.010130671
1155.452142404 -0.010793465
1159.880425418 -0.010578177
1164.320635551 -0.010941549
1168.770508696 -0.010589582
1173.227780744 -0.010959294
1177.690187590 -0.010481586
1182.155465124 -0.010579772
1186.621349240 -0.009983127
1191.085575829 -0.009952341
1195.545880785 -0.009636871
1200.000000000 -0.009747946
1204.446036751 -0.009440511
1208.883563854 -0.009685900
1213.312521510 -0.009521181
1217.732849919 -0.010048176
1222.144489283 -0.010021966
1226.547379803 -0.010272565
1230.941461678 -0.010252905
1235.326675111 -0.010507642
1239.702960302 -0.010083117
1244.070257451 -0.010209638
1248.428506760 -0.010073509
1252.777648428 -0.010212418
1257.117622658 -0.009945504
1261.448369650 -0.010089992
1265.769829605 -0.009957714
1270.081942723 -0.010094121
1274.384649206 -0.009953641
1278.677889254 -0.009813275
1282.961603068 -0.009805257
1287.235730849 -0.009802587
1291.500212797 -0.009662493
1295.754989114 -0.009526402
1300.000000000 -0.009802587
1304.235272812 -0.009676979
1308.461183532 -0.009960431
1312.678195297 -0.009983589
1316.886771244 -0.010149499
1321.087374510 -0.010048176
1325.280468234 -0.010095422
1329.466515552 -0.009741163
1333.645979601 -0.009813543
1337.819323520 -0.009762309
1341.987010445 -0.009872657
1346.149503514 -0.010004350
1350.307265864 -0.010160506
1354.460760632 -0.010343277
1358.610450957 -0.010555301
1362.756799975 -0.010958046
1366.900270823 -0.011401959
1371.041326640 -0.011727783
1375.180430562 -0.012087164
1379.318045727 -0.012306610
1383.454635271 -0.012538615
1387.590662334 -0.012781955
1391.726590051 -0.013019821
1395.862881561 -0.013451114
1400.000000000 -0.014081590
1404.138354753 -0.014486579
1408.278140194 -0.014856893
1412.419496944 -0.015625000
1416.562565622 -0.015887426
1420.707486850 -0.016073479
1424.854401247 -0.016184971
1429.003449436 -0.015968526
1433.154772035 -0.015894955
1437.308509667 -0.015970796
1441.464802952 -0.015973003
1445.623792509 -0.015894040
1449.785618960 -0.015979270
1453.950422926 -0.015588793
1458.118345027 -0.015185717
1462.289525884 -0.014565044
1466.464106116 -0.014161009
1470.642226346 -0.013582343
1474.824027193 -0.013399413
1479.009649279 -0.012873234
1483.199233223 -0.012565445
1487.392919647 -0.012120177
1491.590849170 -0.012217573
1495.793162414 -0.012012506
1500.000000000 -0.011995461
1504.211308174 -0.011841895
1508.426255690 -0.011872724
1512.643816928 -0.011450980
1516.862966269 -0.011360100
1521.082678092 -0.011133447
1525.301926777 -0.011235955
1529.519686706 -0.011042945
1533.734932257 -0.011170620
1537.946637811 -0.010852950
1542.153777749 -0.011313255
1546.355326450 -0.011167202
1550.550258295 -0.011335784
1554.737547663 -0.011360147
1558.916168935 -0.011851624
1563.085096491 -0.011109397
1567.243304711 -0.011437404
1571.389767976 -0.011303809
1575.523460665 -0.011629710
1579.643357158 -0.011183597
1583.748431836 -0.011984436
1587.837659080 -0.011711430
1591.910013268 -0.011910359
1595.964468781 -0.011483404
1600.000000000 -0.011688517
1604.015870252 -0.010950643
1608.012498656 -0.011160714
1611.990593280 -0.011048839
1615.950862190 -0.011263073
1619.894013453 -0.010990787
1623.820755136 -0.011527846
1627.731795306 -0.011092985
1631.627842029 -0.011311475
1635.509603373 -0.011034256
1639.377787405 -0.011579818
1643.233102191 -0.011293805
1647.076255799 -0.011839253
1650.907956294 -0.011386470
1654.728911745 -0.011774601
1658.539830218 -0.011494253
1662.341419779 -0.012230338
1666.134388497 -0.011782787
1669.919444437 -0.012356273
1673.697295666 -0.011896552
1677.468650252 -0.012305026
1681.234216262 -0.011672474
1684.994701761 -0.012254902
1688.750814818 -0.012139338
1692.503263499 -0.012736600
1696.252755871 -0.012797725
1700.000000000 -0.013209568
1703.745555957 -0.013098869
1707.489391821 -0.013167388
1711.231327675 -0.013055304
1714.971183602 -0.012944394
1718.708779684 -0.012839325
1722.443936003 -0.013089970
1726.176472644 -0.012794363
1729.906209687 -0.013047530
1733.632967216 -0.012933458
1737.356565313 -0.013006597
1741.076824062 -0.012703830
1744.793563544 -0.012774071
1748.506603842 -0.012089810
1752.215765040 -0.012157468
1755.920867218 -0.011650485
1759.621730461 -0.011523438
1763.318174851 -0.011198428
1767.010020470 -0.010863125
1770.697087401 -0.009741551
1774.379195727 -0.008600000
1778.056165530 -0.006846556
1781.727816893 -0.005272764
1785.393969899 -0.003064351
1789.054444630 -0.000823045
1792.709061169 0.002074258
1796.357639598 0.005016722
1800.000000000 0.009278785
1803.636020261 0.014258353
1807.265809479 0.020412548
1810.889534553 0.026704299
1814.507362387 0.034270650
1818.119459879 0.042666667
1821.725993931 0.051068617
1825.327131444 0.059990876
1828.923039318 0.068917669
1832.513884454 0.078601596
1836.099833754 0.087443412
1839.681054118 0.097773475
1843.257712447 0.107423795
1846.829975641 0.118910817
1850.398010602 0.129949239
1853.961984230 0.142783505
1857.522063426 0.154833639
1861.078415091 0.168440660
1864.631206127 0.181621622
1868.180603432 0.196105321
1871.726773910 0.209295853
1875.269884459 0.223914269
1878.810101982 0.237728310
1882.347593378 0.252595156
1885.882525550 0.267191142
1889.415065397 0.283656672
1892.945379820 0.298489784
1896.473635721 0.314439141
1900.000000000 0.328923632
1903.524549684 0.342606592
1907.047002306 0.353710462
1910.566985526 0.365667075
1914.084127001 0.374769231
1917.598054392 0.384069157
1921.108395357 0.391695073
1924.614777556 0.401180858
1928.116828647 0.409345794
1931.614176290 0.420018709
1935.106448144 0.429731418
1938.593271868 0.442500000
1942.074275120 0.453266645
1945.549085561 0.464876678
1949.017330849 0.475982532
1952.478638642 0.488480697
1955.932636602 0.500155521
1959.378952385 0.511960236
1962.817213652 0.522981366
1966.247048062 0.534140286
1969.668083273 0.543114144
1973.079946945 0.551595909
1976.482266737 0.558996593
1979.874670308 0.566563467
1983.256785317 0.570853960
1986.628239423 0.575363665
1989.988660285 0.577137547
1993.337675563 0.579404467
1996.674912915 0.579421822
2000.000000000 0.580916745
2003.312731653 0.580958347
2006.613571411 0.581761006
2009.903149986 0.581410054
2013.182098089 0.581506197
2016.451046432 0.580160000
2019.710625727 0.579626048
2022.961466687 0.578673602
2026.204200022 0.576532285
2029.439456446 0.574404762
2032.667866670 0.572048032
2035.890061405 0.568785739
2039.106671365 0.565852003
2042.318327260 0.563786008
2045.525659803 0.561373093
2048.729299706 0.559256662
2051.929877680 0.557289819
2055.128024438 0.554519368
2058.324370691 0.552612482
2061.519547151 0.550091743
2064.714184531 0.548997773
2067.908913543 0.548423423
2071.104364897 0.548632219
2074.301169307 0.548003072
2077.499957483 0.548700039
2080.701360139 0.548627451
2083.906007985 0.549563838
2087.114531735 0.550660793
2090.327562099 0.553889790
2093.545729790 0.555919705
2096.769665520 0.558640696
2100.000000000 0.561006290
2103.237137186 0.563481953
2106.480574005 0.565292096
2109.729580629 0.568073075
2112.983427227 0.568851738
2116.241383971 0.569839857
2119.502721032 0.569631626
2122.766708580 0.569216757
2126.032616786 0.567542647
2129.299715821 0.566884939
2132.567275856 0.564577398
2135.834567061 0.563134979
2139.100859607 0.561239547
2142.365423666 0.559738956
2145.627529407 0.555897436
2148.886447003 0.553918990
2152.141446622 0.549083063
2155.391798437 0.543031649
2158.636772619 0.536041190
2161.875639337 0.529585799
2165.107668762 0.520514391
2168.332131066 0.512101911
2171.548296420 0.503654485
2174.755434993 0.493036212
2177.952816958 0.483187134
2181.139712484 0.471450616
2184.315391742 0.458708094
2187.479124904 0.442123586
2190.630182140 0.426183845
2193.767833621 0.403193612
2196.891349517 0.379978471
2200.000000000 0.348130840
2203.093267986 0.317197452
2206.171487379 0.278481011
2209.235204828 0.239875388
2212.284966982 0.188811189
2215.321320491 0.145669289
2218.344812003 0.092134830
2221.355988168 0.043701798
2224.355395636 -0.012012012
2227.343581055 -0.052631581
2230.321091075 -0.118644068
2233.288472345 -0.175257728
2236.246271515 -0.279220784
2239.195035233 -0.380165282
2242.135310150 -0.573033717
2245.067642914 -0.784615399
2247.992580175 -1.309523854
2250.910668581 -2.080000043
2253.822454783 -6.749999872
2256.728485430 17.666663481
2259.629307171 4.416666624
2262.525466654 3.642857300
2265.417510530 2.888889053
2268.305985448 2.937499904
2271.191438057 3.214285913
2274.074415006 4.200000328
2276.955462945 9.499999744
2279.835128523 -3.875000064
2282.713958389 -1.647058873
2285.592499193 -0.677419327
2288.471297584 -0.304347797
2291.350900210 -0.067796610
2294.231853722 0.069444437
2297.114704769 0.211111119
2300.000000000 0.305555551
2302.888128102 0.385826772
2305.778845912 0.436241609
2308.671752307 0.485549134
2311.566446162 0.512562808
2314.462526351 0.538116591
2317.359591751 0.560000002
2320.257241237 0.575539570
2323.155073684 0.584967324
2326.052687969 0.597597600
2328.949682965 0.607142856
2331.845657549 0.613810741
2334.740210596 0.619952494
2337.632940982 0.623608019
2340.523447581 0.618749999
2343.411329270 0.615384615
2346.296184924 0.611940299
2349.177613419 0.607142857
2352.055213629 0.602389079
2354.928584430 0.603960395
2357.797324697 0.601910826
2360.661033307 0.599690881
2363.519309134 0.595808382
2366.371751054 0.591240876
2369.217957943 0.585470087
2372.057528675 0.582402234
2374.890062126 0.576502731
2377.715157172 0.575101487
2380.532412688 0.575067024
2383.341427550 0.573901462
2386.141800633 0.567460317
2388.933130812 0.566887417
2391.715016962 0.560686014
2394.487057960 0.556142668
2397.248852681 0.554232805
2400.000000000 0.555259653
2402.740231998 0.549465241
2405.469813576 0.546684709
2408.189142841 0.541723666
2410.898617900 0.533426185
2413.598636860 0.525495752
2416.289597828 0.520348836
2418.971898910 0.513353115
2421.645938213 0.506079027
2424.312113845 0.500000000
2426.970823911 0.487961478
2429.622466519 0.479406921
2432.267439775 0.466893040
2434.906141787 0.459507041
2437.538970661 0.447897622
2440.166324504 0.442125236
2442.788601423 0.431411529
2445.406199524 0.429166665
2448.019516915 0.414847160
2450.628951702 0.406392693
2453.234901992 0.399038459
2455.837765892 0.392947104
2458.437941509 0.377659577
2461.035826949 0.369747900
2463.631820319 0.353115729
2466.226319726 0.338557993
2468.819723278 0.324414713
2471.412429080 0.320284694
2474.004835239 0.304182509
2476.597339863 0.300813005
2479.190341058 0.286343609
2481.784236932 0.280373833
2484.379425590 0.255000003
2486.976305139 0.245989310
2489.575273687 0.219653186
2492.176729340 0.209876551
2494.781070206 0.166666664
2497.388694390 0.152173910
2500.000000000 0.111999992
2502.615277786 0.088495567
2505.234389075 0.030000005
2507.857087837 -0.011494247
2510.483128041 -0.106666666
2513.112263659 -0.187500000
2515.744248659 -0.345454552
2518.378837013 -0.510638292
2521.015782689 -0.750000026
2523.654839659 -1.032258116
2526.295761893 -1.423076959
2528.938303360 -2.222222349
2531.582218031 -4.300000287
2534.227259875 -8.800000901
2536.873182863 10.000000819
2539.519740966 4.000000158
2542.166688152 3.000000114
2544.813778392 2.434782554
2547.460765657 2.346153734
2550.107403916 1.935483839
2552.753447139 1.771428516
2555.398649297 1.589743543
2558.042764360 1.547619073
2560.685546298 1.355555560
2563.326749080 1.361702172
2565.966126677 1.260000036
2568.603433059 1.226415097
2571.238422197 1.087719290
2573.870848060 1.118644041
2576.500464618 1.000000000
2579.127025841 1.015624992
2581.750285701 0.969696985
2584.369998166 1.030769247
2586.985917206 1.000000031
2589.597796793 1.059701524
2592.205390895 1.000000000
2594.808453484 1.028985522
2597.406738529 0.971830972
2600.000000000 1.000000000
2602.588042075 1.000000000
2605.170869763 1.092307677
2607.748538281 1.059701462
2610.321102844 1.125000000
2612.888618670 1.119402954
2615.451140975 1.132352934
2618.008724975 1.041666645
2620.561425887 1.042253499
2623.109298927 0.986666646
2625.652399312 0.946666640
2628.190782258 0.884615390
2630.724502982 0.933333313
2633.253616700 0.898734152
2635.778178630 0.947368421
2638.298243986 0.923076935
2640.813867986 0.973333346
2643.325105847 0.900000000
2645.832012784 0.960526309
2648.334644014 0.900000000
2650.833054755 0.947368421
2653.327300221 0.948051948
2655.817435630 1.028168999
2658.303516199 1.000000000
2660.785597143 1.073529404
2663.263733679 1.028168999
2665.737981024 1.028571444
2668.208394394 0.959999993
2670.675029006 0.973333320
2673.137940076 0.947368421
2675.597182820 0.972972986
2678.052812456 0.946666640
2680.504884199 1.000000000
2682.953453267 1.013888882
2685.398574875 1.027777764
2687.840304240 1.000000000
2690.278696579 1.013513534
2692.713807108 0.986842112
2695.145691043 1.000000027
2697.574403602 0.961038954
2700.000000000 1.000000000
2702.422538256 1.000000000
2704.842087593 1.027027041
2707.258720037 0.973684197
2709.672507613 1.013333326
2712.083522348 0.986842112
2714.491836265 0.986666646
2716.897521392 0.973684197
2719.300649752 1.013333326
2721.701293372 0.974025987
2724.099524277 1.000000000
2726.495414493 1.000000000
2728.889036044 0.986666674
2731.280460957 0.946666667
2733.669761257 0.986111118
2736.057008969 0.972222208
2738.442276119 0.972222208
2740.825634731 1.000000000
2743.207156833 1.055555556
2745.586914448 1.041095898
2747.964979603 1.013513506
2750.341424323 1.013513506
2752.716320633 1.013698651
2755.089740560 0.973333320
2757.461756127 0.986666674
2759.832439361 0.987012994
2762.201862287 0.986842112
2764.570096931 0.974358987
2766.937215318 0.986842112
2769.303289473 0.960526309
2771.668391422 0.986301377
2774.032593191 1.000000000
2776.395966804 0.986111090
2778.758584288 1.000000000
2781.120517667 1.000000000
2783.481838968 1.013698623
2785.842620215 0.986301377
2788.202933434 1.028168999
2790.562850650 0.985915471
2792.922443890 1.014084500
2795.281785178 0.986111118
2797.640946539 1.013698623
2800.000000000 0.960526309
2802.358987912 0.987012994
2804.717833932 0.961038954
2807.076432043 0.974358962
2809.434676229 0.948717923
2811.792460473 0.974025987
2814.149678758 0.947368421
2816.506225068 0.973684197
2818.861993386 0.986301377
2821.216877695 1.013888882
2823.570771979 0.986111118
2825.923570220 1.027777764
2828.275166404 0.986111118
2830.625454511 0.959999993
2832.974328527 0.909090902
2835.321682434 0.947368421
2837.667410215 0.907894730
2840.011405855 0.947368421
2842.353563336 0.946666667
2844.693776641 1.013698623
2847.031939754 0.973333320
2849.367946659 1.027027041
2851.701691338 0.986486493
2854.033067775 1.013513534
2856.361969953 0.972972986
2858.688291856 1.028168999
2861.011927466 0.959459480
2863.332770768 0.986486493
2865.650715745 0.945945945
2867.965656379 0.959999993
2870.277486655 0.883116889
2872.586100555 0.986111118
2874.891392063 0.958333326
2877.193255162 1.014084500
2879.491583835 0.985915471
2881.786272067 1.042253499
2884.077213839 0.972602754
2886.364303136 1.027397274
2888.647433941 0.946666667
2890.926500237 0.986486493
2893.201396008 0.959999993
2895.472015236 0.986842112
2897.738251906 0.960526309
2900.000000000 1.055555556
2902.257180680 1.027397274
2904.509823819 1.070422527
2906.757986469 1.014285736
2909.001725682 1.044117655
2911.241098509 0.985915471
2913.476162002 1.000000000
2915.706973212 0.971830972
2917.933589191 1.028571444
2920.156066991 1.014084500
2922.374463663 1.073529404
2924.588836259 1.057971015
2926.799241830 1.089552223
2929.005737428 1.044117655
2931.208380104 1.075757600
2933.407226911 1.000000000
2935.602334899 1.014492746
2937.793761121 0.944444444
2939.981562628 1.000000000
2942.165796472 0.921052618
2944.346519703 0.923076935
2946.523789374 0.873417709
2948.697662537 0.946666667
2950.868196243 0.896103895
2953.035447543 0.919999987
2955.199473489 0.931506856
2957.360331133 1.014492746
2959.518077526 0.932432413
2961.672769721 0.958333326
2963.824464768 0.971830972
2965.973219719 0.985714293
2968.119091625 0.972602726
2970.262137539 1.043478269
2972.402414512 0.986301377
2974.539979596 0.986486493
2976.674889841 0.973333320
2978.807202301 0.959459452
2980.936974025 0.907894730
2983.064262067 0.971830972
2985.189123477 0.957746472
2987.311615307 0.971014478
2989.431794609 0.929577444
2991.549718434 0.985507254
2993.665443834 0.930555534
2995.779027861 0.956521731
2997.890527566 0.971428586
3000.000000000 1.030303046
3002.107484631 1.014925365
3004.212950585 1.015384608
3006.316349406 1.000000000
3008.417632635 1.015151539
3010.516751814 0.971014507
3012.613658487 0.942028985
3014.708304195 0.971428586
3016.800640481 0.985507254
3018.890618887 0.957746500
3020.978190956 1.000000000
3023.063308230 1.029411750
3025.145922251 1.030303046
3027.225984561 1.000000000
3029.303446704 1.016129057
3031.378260221 1.000000000
3033.450376655 1.000000000
3035.519747547 1.016129057
3037.586324441 1.016393434
3039.650058879 1.000000000
3041.710902404 1.000000000
3043.768806556 1.016393434
3045.823722880 1.034482777
3047.875602917 1.070175439
3049.924398209 1.055555566
3051.970060299 1.074074075
3054.012540730 1.018518547
3056.051791044 1.036363617
3058.087762782 1.018518509
3060.120407488 1.054545426
3062.149676704 1.056603784
3064.175521971 1.156862703
3066.197894834 1.099999992
3068.216746833 1.140000013
3070.232029511 1.122448960
3072.243694411 1.163265308
3074.251693075 1.124999979
3076.255977045 1.187499989
3078.256497864 1.166666667
3080.253207074 1.183673461
3082.246056218 1.124999979
3084.234996837 1.122449002
3086.219980474 1.085106382
3088.200958672 1.133333358
3090.177882972 1.139534858
3092.150704918 1.209302311
3094.119376051 1.219512185
3096.083847914 1.214285756
3098.044072050 1.139534858
3100.000000000 1.139534858
3101.951608529 1.119047610
3103.898975288 1.116279056
3105.842203151 1.170731722
3107.781394990 1.243902417
3109.716653678 1.249999974
3111.648082090 1.300000000
3113.575783097 1.378378411
3115.499859574 1.457142850
3117.420414393 1.468750016
3119.337550427 1.612903166
3121.251370551 1.600000055
3123.161977636 1.633333372
3125.069474556 1.500000000
3126.973964184 1.515151508
3128.875549393 1.352941187
3130.774333057 1.342857079
3132.670418049 1.249999986
3134.563907241 1.243243233
3136.454903508 1.162162192
3138.343509722 1.277777749
3140.229828756 1.257142839
3142.113963483 1.352941187
3143.996016777 1.375000000
3145.876091511 1.424242462
3147.754290558 1.333333354
3149.630716791 1.352941187
3151.505473084 1.264705936
3153.378662309 1.323529437
3155.250387339 1.343750016
3157.120751049 1.551724148
3158.989856310 1.499999963
3160.857805996 1.607142839
3162.724702981 1.499999963
3164.590650138 1.592592702
3166.455750339 1.428571429
3168.320106457 1.749999957
3170.183821367 1.625000021
3172.046997941 1.708333312
3173.909739052 1.666666667
3175.772147574 1.869565365
3177.634326379 1.833333333
3179.496378341 1.916666624
3181.358406334 2.090909142
3183.220513229 2.190476195
3185.082801900 2.142857171
3186.945375221 2.045454617
3188.808336065 2.299999949
3190.671787305 2.299999949
3192.535831813 2.526315721
3194.400572464 2.285714341
3196.266112130 2.238095220
3198.132553684 2.090909142
3200.000000000 2.090909142
3201.868553951 1.956521673
3203.738318410 2.142857171
3205.609396249 2.200000000
3207.481890344 2.315789411
3209.355903565 2.444444305
3211.231538788 2.588235372
3213.108898884 2.750000000
3214.988086727 2.529411871
3216.869205190 2.277777620
3218.752357147 2.000000000
3220.637645469 1.952380976
3222.525173032 1.863636427
3224.415042707 2.047619122
3226.307357369 2.249999974
3228.202219889 2.249999974
3230.099733142 2.249999974
3232.000000000 1.666666689
