500.000000000 15.000001638
500.753353597 8.000000819
501.513362953 10.571430745
502.280075241 10.428573644
503.053537633 14.200001147
503.833797301 13.800001311
504.620901420 35.500018432
505.414897161 69.000034816
506.215831698 -14.000001229
507.023752203 -13.800001311
507.838705849 -72.000036864
508.660739810 -69.000034816
509.489901257 -35.000017408
510.326237364 -22.666662798
511.169795303 -17.249999872
512.020622247 -11.333335268
512.878765370 -11.666668487
513.744271844 -8.749999872
514.617188841 -7.200000737
515.497563535 -5.615384797
516.385443098 -5.285713972
517.280874703 -4.352941368
518.183905524 -4.687500032
519.094582732 -4.352941368
520.012953501 -4.166666932
520.939065003 -3.523809561
521.872964412 -3.173913233
522.814698900 -2.535714231
523.764315639 -2.366666696
524.721861804 -2.093749952
525.687384566 -2.125000000
526.660931099 -2.000000000
527.642548575 -2.030303077
528.632284166 -1.837837863
529.630185047 -1.891891890
530.636298390 -1.634146374
531.650671367 -1.581395330
532.673351151 -1.478260902
533.704384916 -1.456521738
534.743819833 -1.339999997
535.791703076 -1.380000018
536.848081818 -1.296296302
537.913003232 -1.267857115
538.986514489 -1.241379332
540.068662764 -1.186440650
541.159495229 -1.093749984
542.259059056 -1.093749984
543.367401419 -1.029850731
544.484569490 -1.000000000
545.610610443 -1.000000000
546.745571449 -1.000000000
547.889499683 -0.935897442
549.042442316 -0.936708842
550.204446521 -0.870588228
551.375559472 -0.837209312
552.555828341 -0.820224718
553.745300301 -0.840909103
554.944022525 -0.793478255
556.152042185 -0.840909079
557.369406455 -0.797872355
558.596162507 -0.783505159
559.832357514 -0.730769231
561.078038649 -0.735849073
562.333253084 -0.666666673
563.598047994 -0.657894747
564.872470549 -0.603305783
566.156567924 -0.595041325
567.450387290 -0.563492047
568.753975822 -0.554687488
570.067380691 -0.529850739
571.390649070 -0.537878776
572.723828133 -0.528985507
574.066965052 -0.507142846
575.420107000 -0.496551726
576.783301149 -0.493150688
578.156594673 -0.480263155
579.540034745 -0.464052292
580.933668536 -0.455696205
582.337543221 -0.437499994
583.751705972 -0.430303035
585.176203961 -0.419161669
586.611084361 -0.416184972
588.056394346 -0.409090909
589.512181089 -0.404371578
590.978491761 -0.387096776
592.455373535 -0.380208331
593.942873586 -0.358974353
595.441039085 -0.351485153
596.949917205 -0.338235292
598.469555119 -0.341232227
600.000000000 -0.327102801
601.541299021 -0.324324326
603.093499354 -0.309417037
604.656648173 -0.310043671
606.230792649 -0.298701296
607.815979957 -0.292887024
609.412257269 -0.284518828
611.019671757 -0.285140565
612.638270594 -0.273809522
614.268100954 -0.265384613
615.909210009 -0.259541984
617.561644932 -0.260223045
619.225452896 -0.256505575
620.900681073 -0.255395684
622.587376637 -0.249110317
624.285586759 -0.248275863
625.995358614 -0.236486483
627.716739374 -0.232786887
629.449776211 -0.224025972
631.194516299 -0.224683546
632.951006810 -0.213166144
634.719294917 -0.211009172
636.499427793 -0.203030305
638.291452611 -0.203539821
640.095416544 -0.195906435
641.911366764 -0.197142856
643.739350444 -0.189801701
645.579414757 -0.184065935
647.431606876 -0.173913043
649.295973974 -0.174142477
651.172563224 -0.165803109
653.061421797 -0.168765745
654.962596868 -0.163771714
656.876135609 -0.167070217
658.802085193 -0.157894740
660.740492792 -0.157276997
662.691405580 -0.148491879
664.654870729 -0.152619591
666.630935412 -0.146067415
668.619646802 -0.148796499
670.621052071 -0.141935486
672.635198394 -0.143157895
674.662132941 -0.135135134
676.701902887 -0.134693876
678.754555404 -0.127530366
680.820137665 -0.135188867
682.898696842 -0.129158511
684.990280109 -0.132947976
687.094934638 -0.127134726
689.212707603 -0.130353820
691.343646175 -0.121771220
693.487797528 -0.125683059
695.645208835 -0.118491923
697.815927268 -0.123674914
700.000000000 -0.120629370
702.197450595 -0.122203099
704.408208177 -0.115449915
706.632178263 -0.118530886
708.869266367 -0.112396694
711.119378006 -0.113821136
713.382418694 -0.109149278
715.658293948 -0.110759492
717.946909282 -0.108150470
720.248170213 -0.108024690
722.561982256 -0.100456620
724.888250927 -0.101796407
727.226881741 -0.097488920
729.577780213 -0.095513747
731.940851860 -0.089743591
734.316002196 -0.092827003
736.703136738 -0.087621697
739.102161001 -0.089041095
741.512980500 -0.083897160
743.935500751 -0.087014725
746.369627270 -0.082010581
748.815265571 -0.084745762
751.272321172 -0.082474227
753.740699586 -0.085459182
756.220306330 -0.080706179
758.711046920 -0.083645444
761.212826870 -0.080346106
763.725551697 -0.080882352
766.249126915 -0.078787878
768.783458042 -0.081339713
771.328450591 -0.076741440
773.884010079 -0.078271026
776.450042020 -0.074884792
779.026451932 -0.075256555
781.613145329 -0.071106095
784.210027727 -0.072544642
786.817004641 -0.067180616
789.433981586 -0.067538125
792.060864080 -0.066666666
794.697557636 -0.068157614
797.343967771 -0.065057711
800.000000000 -0.068535824
802.665678004 -0.065573770
805.341498127 -0.063829788
808.028074876 -0.061061061
810.726022761 -0.063366337
813.435956289 -0.060428851
816.158489971 -0.060752170
818.894238314 -0.058935362
821.643815827 -0.060804490
824.407837018 -0.058986175
827.186916396 -0.059144676
829.981668471 -0.059033988
832.792707749 -0.058098591
835.620648741 -0.055459272
838.466105954 -0.052901023
841.329693897 -0.051839464
844.212027079 -0.050123254
847.113720008 -0.050683830
850.035387193 -0.048857367
852.977643143 -0.047802621
855.941102367 -0.046107331
858.926379372 -0.046425940
861.934088667 -0.044700792
864.964844762 -0.045038705
868.019262164 -0.043925875
871.097955382 -0.042084169
874.201538925 -0.039087948
877.330627302 -0.037998733
880.485835021 -0.036374846
883.667776591 -0.035885167
886.877066519 -0.035444509
890.114319316 -0.034968979
893.380149489 -0.032876712
896.675171548 -0.031864047
900.000000000 -0.028895769
903.354898976 -0.028028028
906.738731096 -0.026213592
910.150008599 -0.025906736
913.587243727 -0.024245196
917.048948720 -0.024855748
920.533635819 -0.023717120
924.039817265 -0.023889354
927.566005298 -0.022403259
931.110712159 -0.022547468
934.672450088 -0.021931512
938.249731328 -0.021698466
941.841068117 -0.020371044
945.444972698 -0.020509193
949.059957310 -0.019270475
952.684534194 -0.019423978
956.317215591 -0.017932833
959.956513743 -0.018118245
963.600940888 -0.017070142
967.249009269 -0.017277963
970.899231126 -0.015393724
974.550118700 -0.015335648
978.200184230 -0.014124293
981.847939959 -0.014340871
985.491898127 -0.013189771
989.130570974 -0.013666229
992.762470742 -0.012567325
996.386109670 -0.012528188
1000.000000000 -0.011260710
1003.603240580 -0.011249402
1007.197276691 -0.010077338
1010.784140221 -0.010569853
1014.365863058 -0.009918846
1017.944477090 -0.009960159
1021.522014205 -0.008907234
1025.100506293 -0.008525149
1028.681985240 -0.007319113
1032.268482936 -0.006153846
1035.862031268 -0.004026575
1039.464662125 -0.001977848
1043.078407395 0.001750292
1046.705298966 0.006698565
1050.347368726 0.013200075
1054.006648564 0.021565347
1057.685170368 0.032453245
1061.384966027 0.044862518
1065.108067427 0.059967874
1068.856506459 0.076990839
1072.632315009 0.096016699
1076.437524966 0.117161999
1080.274168219 0.140335992
1084.144276655 0.164179105
1088.049882163 0.189686619
1091.993016631 0.216043307
1095.975711947 0.243093923
1100.000000000 0.270457474
1104.067196678 0.298354895
1108.175753874 0.325728771
1112.323407479 0.352710133
1116.507893386 0.379068681
1120.726947488 0.404570723
1124.978305677 0.429162199
1129.259703846 0.453136868
1133.568877886 0.476477684
1137.903563691 0.498727354
1142.261497153 0.520523498
1146.640414164 0.541654358
1151.038050617 0.562472471
1155.452142404 0.581971995
1159.880425418 0.600492682
1164.320635551 0.618053556
1168.770508696 0.634516314
1173.227780744 0.650014233
1177.690187590 0.664730878
1182.155465124 0.678516011
1186.621349240 0.691366704
1191.085575829 0.702831511
1195.545880785 0.712150838
1200.000000000 0.720373207
1204.446036751 0.726780508
1208.883563854 0.731977307
1213.312521510 0.736304678
1217.732849919 0.739848589
1222.144489283 0.742037342
1226.547379803 0.743733735
1230.941461678 0.744224197
1235.326675111 0.743859170
1239.702960302 0.742744243
1244.070257451 0.741083583
1248.428506760 0.739586169
1252.777648428 0.738153595
1257.117622658 0.736784741
1261.448369650 0.736023998
1265.769829605 0.735779566
1270.081942723 0.735915973
1274.384649206 0.736705754
1278.677889254 0.738312662
1282.961603068 0.740433065
1287.235730849 0.743362832
1291.500212797 0.746461622
1295.754989114 0.749727817
1300.000000000 0.753165419
1304.235272812 0.756439962
1308.461183532 0.759175877
1312.678195297 0.762035011
1316.886771244 0.764778494
1321.087374510 0.766689608
1325.280468234 0.768496750
1329.466515552 0.770386863
1333.645979601 0.772185616
1337.819323520 0.772920204
1341.987010445 0.773644298
1346.149503514 0.772654777
1350.307265864 0.770873215
1354.460760632 0.767051416
1358.610450957 0.760593544
1362.756799975 0.750626174
1366.900270823 0.736951983
1371.041326640 0.716551041
1375.180430562 0.690500511
1379.318045727 0.659106892
1383.454635271 0.622751227
1387.590662334 0.583646616
1391.726590051 0.546832491
1395.862881561 0.513551496
1400.000000000 0.488714020
1404.138354753 0.476139753
1408.278140194 0.478697837
1412.419496944 0.495312500
1416.562565622 0.526100772
1420.707486850 0.569001148
1424.854401247 0.619421966
1429.003449436 0.672529507
1433.154772035 0.724257084
1437.308509667 0.771617613
1441.464802952 0.811473566
1445.623792509 0.842604857
1449.785618960 0.865255884
1453.950422926 0.880556141
1458.118345027 0.888569669
1462.289525884 0.889864326
1466.464106116 0.887293889
1470.642226346 0.880588568
1474.824027193 0.870594714
1479.009649279 0.859824781
1483.199233223 0.848865620
1487.392919647 0.838170024
1491.590849170 0.827949791
1495.793162414 0.819318743
1500.000000000 0.811152537
1504.211308174 0.803968635
1508.426255690 0.797530473
1512.643816928 0.792156863
1516.862966269 0.787114846
1521.082678092 0.782588526
1525.301926777 0.778820994
1529.519686706 0.775306749
1533.734932257 0.772149962
1537.946637811 0.769795170
1542.153777749 0.767619630
1546.355326450 0.765947683
1550.550258295 0.764399510
1554.737547663 0.763586122
1558.916168935 0.762967523
1563.085096491 0.762536645
1567.243304711 0.761205564
1571.389767976 0.760297306
1575.523460665 0.758877345
1579.643357158 0.757378068
1583.748431836 0.756108949
1587.837659080 0.755933791
1591.910013268 0.755367497
1595.964468781 0.755073148
1600.000000000 0.755172958
1604.015870252 0.755435645
1608.012498656 0.755580357
1611.990593280 0.755644516
1615.950862190 0.755913114
1619.894013453 0.755778245
1623.820755136 0.755804514
1627.731795306 0.755954323
1631.627842029 0.756229508
1635.509603373 0.756258235
1639.377787405 0.755996691
1643.233102191 0.755522338
1647.076255799 0.754877439
1650.907956294 0.754521098
1654.728911745 0.754247267
1658.539830218 0.754394861
1662.341419779 0.754204179
1666.134388497 0.754439891
1669.919444437 0.754075854
1673.697295666 0.753793103
1677.468650252 0.753552860
1681.234216262 0.754181185
1684.994701761 0.754026611
1688.750814818 0.754222379
1692.503263499 0.754289758
1696.252755871 0.753999289
1700.000000000 0.753123885
1703.745555957 0.753274717
1707.489391821 0.753246753
1711.231327675 0.753581143
1714.971183602 0.754056518
1718.708779684 0.754768892
1722.443936003 0.754424779
1726.176472644 0.754681995
1729.906209687 0.754147251
1733.632967216 0.754264293
1737.356565313 0.753817154
1741.076824062 0.753886993
1744.793563544 0.753670162
1748.506603842 0.754557666
1752.215765040 0.754148977
1755.920867218 0.754563107
1759.621730461 0.753906250
1763.318174851 0.753634578
1767.010020470 0.752123247
1770.697087401 0.751491054
1774.379195727 0.750000000
1778.056165530 0.750100684
1781.727816893 0.749746502
1785.393969899 0.750766088
1789.054444630 0.751234568
1792.709061169 0.752955818
1796.357639598 0.753135452
1800.000000000 0.753901308
1803.636020261 0.752926155
1807.265809479 0.752470993
1810.889534553 0.750759878
1814.507362387 0.749780316
1818.119459879 0.746888889
1821.725993931 0.743532058
1825.327131444 0.739963504
1828.923039318 0.736123959
1832.513884454 0.730642891
1836.099833754 0.725518227
1839.681054118 0.720958374
1843.257712447 0.716322517
1846.829975641 0.711466400
1850.398010602 0.709137056
1853.961984230 0.706958762
1857.522063426 0.706837831
1861.078415091 0.707291112
1864.631206127 0.709729729
1868.180603432 0.711464619
1871.726773910 0.715001392
1875.269884459 0.717146080
1878.810101982 0.720034246
1882.347593378 0.723183391
1885.882525550 0.728438228
1889.415065397 0.733098177
1892.945379820 0.739117560
1896.473635721 0.744630072
1900.000000000 0.750150331
1903.524549684 0.752343514
1907.047002306 0.753953771
1910.566985526 0.753671970
1914.084127001 0.752923076
1917.598054392 0.749614078
1921.108395357 0.748063216
1924.614777556 0.746115600
1928.116828647 0.747040498
1931.614176290 0.748051138
1935.106448144 0.751405372
1938.593271868 0.755000000
1942.074275120 0.760550172
1945.549085561 0.764283484
1949.017330849 0.769182782
1952.478638642 0.773038605
1955.932636602 0.777293935
1959.378952385 0.780677229
1962.817213652 0.784472049
1966.247048062 0.787088765
1969.668083273 0.789081886
1973.079946945 0.790207623
1976.482266737 0.790337566
1979.874670308 0.788854489
1983.256785317 0.786509901
1986.628239423 0.784277313
1989.988660285 0.781908302
1993.337675563 0.779776675
1996.674912915 0.778986633
2000.000000000 0.777673838
2003.312731653 0.777325399
2006.613571411 0.776100629
2009.903149986 0.774897250
2013.182098089 0.773117255
2016.451046432 0.772480000
2019.710625727 0.770793037
2022.961466687 0.769830949
2026.204200022 0.767944936
2029.439456446 0.765542328
2032.667866670 0.762841895
2035.890061405 0.759502186
2039.106671365 0.756279702
2042.318327260 0.752743484
2045.525659803 0.750693481
2048.729299706 0.747545582
2051.929877680 0.745299751
2055.128024438 0.741750359
2058.324370691 0.740566038
2061.519547151 0.738348624
2064.714184531 0.737193764
2067.908913543 0.736111111
2071.104364897 0.737082067
2074.301169307 0.736559140
2077.499957483 0.737291424
2080.701360139 0.738823530
2083.906007985 0.741078509
2087.114531735 0.742891470
2090.327562099 0.746758509
2093.545729790 0.749283081
2096.769665520 0.753418980
2100.000000000 0.755974843
2103.237137186 0.760084925
2106.480574005 0.761597938
2109.729580629 0.764245324
2112.983427227 0.764188297
2116.241383971 0.765569395
2119.502721032 0.763701707
2122.766708580 0.765482696
2126.032616786 0.765329645
2129.299715821 0.764733396
2132.567275856 0.763057930
2135.834567061 0.763425255
2139.100859607 0.760944418
2142.365423666 0.759538152
2145.627529407 0.755897436
2148.886447003 0.753813782
2152.141446622 0.748112190
2155.391798437 0.741254859
2158.636772619 0.731693364
2161.875639337 0.725443787
2165.107668762 0.715248010
2168.332131066 0.705095542
2171.548296420 0.695681064
2174.755434993 0.688022284
2177.952816958 0.676169590
2181.139712484 0.665895062
2184.315391742 0.654129190
2187.479124904 0.639686685
2190.630182140 0.618384400
2193.767833621 0.595808382
2196.891349517 0.564047363
2200.000000000 0.531542057
2203.093267986 0.489171975
2206.171487379 0.445850913
2209.235204828 0.394080997
2212.284966982 0.347902099
2215.321320491 0.287401573
2218.344812003 0.233707865
2221.355988168 0.169665813
2224.355395636 0.114114117
2227.343581055 0.038596493
2230.321091075 -0.012711867
2233.288472345 -0.082474227
2236.246271515 -0.136363634
2239.195035233 -0.223140501
2242.135310150 -0.303370794
2245.067642914 -0.476923089
2247.992580175 -0.761904780
2250.910668581 -1.360000069
2253.822454783 -4.250000128
2256.728485430 11.999997952
2259.629307171 2.916666709
2262.525466654 2.500000219
2265.417510530 1.777777879
2268.305985448 1.812499968
2271.191438057 1.642857300
2274.074415006 1.900000246
2276.955462945 2.750000128
2279.835128523 -0.375000064
2282.713958389 0.352941247
2285.592499193 0.516129024
2288.471297584 0.652173876
2291.350900210 0.711864383
2294.231853722 0.819444452
2297.114704769 0.877777793
2300.000000000 0.925925926
2302.888128102 0.952755913
2305.778845912 0.973154362
2308.671752307 0.971098269
2311.566446162 0.969849241
2314.462526351 0.982062780
2317.359591751 0.984000000
2320.257241237 0.996402880
2323.155073684 0.996732028
2326.052687969 1.000000000
2328.949682965 0.989010989
2331.845657549 0.992327364
2334.740210596 0.978622329
2337.632940982 0.975501112
2340.523447581 0.958333333
2343.411329270 0.952662722
2346.296184924 0.936567162
2349.177613419 0.932142855
2352.055213629 0.916382253
2354.928584430 0.914191419
2357.797324697 0.901273884
2360.661033307 0.899536319
2363.519309134 0.884730540
2366.371751054 0.875912409
2369.217957943 0.861823362
2372.057528675 0.856145251
2374.890062126 0.838797813
2377.715157172 0.836265221
2380.532412688 0.831099197
2383.341427550 0.830892143
2386.141800633 0.822751321
2388.933130812 0.823841058
2391.715016962 0.815303428
2394.487057960 0.816380448
2397.248852681 0.808201059
2400.000000000 0.808255659
2402.740231998 0.798128342
2405.469813576 0.799729364
2408.189142841 0.787961696
2410.898617900 0.786908078
2413.598636860 0.774787537
2416.289597828 0.776162789
2418.971898910 0.762611276
2421.645938213 0.753799393
2424.312113845 0.738317757
2426.970823911 0.733547353
2429.622466519 0.714991763
2432.267439775 0.706281834
2434.906141787 0.695422533
2437.538970661 0.692870198
2440.166324504 0.681214418
2442.788601423 0.679920474
2445.406199524 0.666666667
2448.019516915 0.665938865
2450.628951702 0.650684932
2453.234901992 0.646634614
2455.837765892 0.632241816
2458.437941509 0.635638299
2461.035826949 0.621848738
2463.631820319 0.623145399
2466.226319726 0.614420062
2468.819723278 0.625418054
2471.412429080 0.622775796
2474.004835239 0.634980982
2476.597339863 0.630081297
2479.190341058 0.643171800
2481.784236932 0.621495328
2484.379425590 0.620000000
2486.976305139 0.588235287
2489.575273687 0.583815028
2492.176729340 0.549382716
2494.781070206 0.540000000
2497.388694390 0.478260866
2500.000000000 0.480000002
2502.615277786 0.433628316
2505.234389075 0.440000000
2507.857087837 0.379310337
2510.483128041 0.386666657
2513.112263659 0.296875008
2515.744248659 0.254545434
2518.378837013 0.063829797
2521.015782689 0.024999987
2523.654839659 -0.193548430
2526.295761893 -0.346153840
2528.938303360 -0.833333409
2531.582218031 -1.700000123
2534.227259875 -5.000000410
2536.873182863 5.400000655
2539.519740966 2.615384640
2542.166688152 2.111111174
2544.813778392 1.826086871
2547.460765657 1.576922995
2550.107403916 1.451612863
2552.753447139 1.257142839
2555.398649297 1.205128202
2558.042764360 1.142857171
2560.685546298 1.199999991
2563.326749080 1.170212815
2565.966126677 1.200000025
2568.603433059 1.113207568
2571.238422197 1.105263177
2573.870848060 1.050847431
2576.500464618 1.047619023
2579.127025841 1.000000000
2581.750285701 1.015151539
2584.369998166 1.000000000
2586.985917206 1.014925396
2589.597796793 0.970149268
2592.205390895 0.957142878
2594.808453484 0.956521731
2597.406738529 0.971830972
2600.000000000 0.956521731
2602.588042075 1.014705875
2605.170869763 1.061538462
2607.748538281 1.059701492
2610.321102844 1.062500000
2612.888618670 1.059701492
2615.451140975 1.000000000
2618.008724975 0.958333326
2620.561425887 0.929577473
2623.109298927 0.919999987
2625.652399312 0.880000008
2628.190782258 0.871794883
2630.724502982 0.879999980
2633.253616700 0.848101267
2635.778178630 0.842105263
2638.298243986 0.846153844
2640.813867986 0.853333351
2643.325105847 0.824999987
2645.832012784 0.855263151
2648.334644014 0.824999987
2650.833054755 0.842105263
2653.327300221 0.870129883
2655.817435630 0.929577444
2658.303516199 0.972222208
2660.785597143 1.058823529
2663.263733679 1.042253499
2665.737981024 1.042857151
2668.208394394 0.986666646
2670.675029006 0.946666667
2673.137940076 0.921052618
2675.597182820 0.945945945
2678.052812456 0.933333313
2680.504884199 0.930555534
2682.953453267 0.958333326
2685.398574875 0.930555563
2687.840304240 0.893333334
2690.278696579 0.891891890
2692.713807108 0.894736842
2695.145691043 0.893333331
2697.574403602 0.870129856
2700.000000000 0.905405397
2702.422538256 0.894736842
2704.842087593 0.918918932
2707.258720037 0.907894730
2709.672507613 0.933333313
2712.083522348 0.921052618
2714.491836265 0.933333313
2716.897521392 0.921052618
2719.300649752 0.919999987
2721.701293372 0.909090902
2724.099524277 0.934210506
2726.495414493 0.934210506
2728.889036044 0.946666640
2731.280460957 0.946666640
2733.669761257 0.986111090
2736.057008969 0.972222208
2738.442276119 0.944444444
2740.825634731 0.945205479
2743.207156833 0.958333326
2745.586914448 0.945205479
2747.964979603 0.945945919
2750.341424323 0.972972960
2752.716320633 0.986301377
2755.089740560 0.973333320
2757.461756127 1.000000000
2759.832439361 0.948051948
2762.201862287 0.960526309
2764.570096931 0.923076935
2766.937215318 0.934210506
2769.303289473 0.907894730
2771.668391422 0.958904102
2774.032593191 0.945205479
2776.395966804 0.986111090
2778.758584288 0.958904102
2781.120517667 0.958904102
2783.481838968 0.958904102
2785.842620215 0.986301377
2788.202933434 0.985915471
2790.562850650 1.014084500
2792.922443890 0.985915471
2795.281785178 0.986111118
2797.640946539 0.958904102
2800.000000000 0.921052618
2802.358987912 0.896103895
2804.717833932 0.909090902
2807.076432043 0.884615366
2809.434676229 0.897435873
2811.792460473 0.909090902
2814.149678758 0.934210533
2816.506225068 0.921052618
2818.861993386 0.958904102
2821.216877695 0.944444444
2823.570771979 0.944444444
2825.923570220 0.930555534
2828.275166404 0.972222208
2830.625454511 0.919999987
2832.974328527 0.922077935
2835.321682434 0.934210533
2837.667410215 0.934210533
2840.011405855 0.921052618
2842.353563336 0.973333320
2844.693776641 0.986301377
2847.031939754 0.959999993
2849.367946659 0.959459452
2851.701691338 0.959459452
2854.033067775 0.932432438
2856.361969953 0.945945945
2858.688291856 0.985915471
2861.011927466 0.972972986
2863.332770768 0.972972986
2865.650715745 0.986486493
2867.965656379 0.959999993
2870.277486655 0.922077935
2872.586100555 0.958333326
2874.891392063 0.972222208
2877.193255162 0.929577444
2879.491583835 0.943661972
2881.786272067 0.929577473
2884.077213839 0.931506856
2886.364303136 0.917808233
2888.647433941 0.959999993
2890.926500237 0.945945945
2893.201396008 0.973333320
2895.472015236 0.947368421
2897.738251906 0.960526309
2900.000000000 0.972222208
2902.257180680 0.986301377
2904.509823819 0.957746472
2906.757986469 0.985714293
2909.001725682 0.985294125
2911.241098509 0.971830972
2913.476162002 0.957142878
2915.706973212 1.014084500
2917.933589191 0.985714293
2920.156066991 0.971830972
2922.374463663 0.985294125
2924.588836259 1.028985522
2926.799241830 1.029850731
2929.005737428 1.058823529
2931.208380104 1.075757600
2933.407226911 1.057971015
2935.602334899 0.985507254
2937.793761121 0.958333326
2939.981562628 0.929577473
2942.165796472 0.894736842
2944.346519703 0.858974377
2946.523789374 0.873417709
2948.697662537 0.893333307
2950.868196243 0.896103895
2953.035447543 0.893333307
2955.199473489 0.931506856
2957.360331133 0.985507254
2959.518077526 0.932432413
2961.672769721 0.930555563
2963.824464768 0.985915471
2965.973219719 0.985714293
2968.119091625 0.945205479
2970.262137539 0.985507254
2972.402414512 0.945205479
2974.539979596 0.891891890
2976.674889841 0.879999980
2978.807202301 0.878378384
2980.936974025 0.842105263
2983.064262067 0.901408444
2985.189123477 0.915492944
2987.311615307 0.913043492
2989.431794609 0.901408444
2991.549718434 0.927536239
2993.665443834 0.902777771
2995.779027861 0.927536239
2997.890527566 0.928571435
3000.000000000 0.954545477
3002.107484631 0.925373112
3004.212950585 0.923076930
3006.316349406 0.897058816
3008.417632635 0.909090923
3010.516751814 0.884057970
3012.613658487 0.913043492
3014.708304195 0.900000020
3016.800640481 0.898550716
3018.890618887 0.873239441
3020.978190956 0.882352941
3023.063308230 0.867647066
3025.145922251 0.878787908
3027.225984561 0.876923076
3029.303446704 0.887096797
3031.378260221 0.859375008
3033.450376655 0.901639360
3035.519747547 0.870967740
3037.586324441 0.901639360
3039.650058879 0.873015874
3041.710902404 0.916666675
3043.768806556 0.885245892
3045.823722880 0.948275888
3047.875602917 0.929824561
3049.924398209 0.981481491
3051.970060299 0.981481491
3054.012540730 0.962962981
3056.051791044 0.927272691
3058.087762782 0.944444434
3060.120407488 0.909090882
3062.149676704 0.924528301
3064.175521971 0.921568588
3066.197894834 0.919999998
3068.216746833 0.900000008
3070.232029511 0.918367346
3072.243694411 0.897959193
3074.251693075 0.958333312
3076.255977045 0.916666667
3078.256497864 0.937499989
3080.253207074 0.857142845
3082.246056218 0.874999979
3084.234996837 0.795918386
3086.219980474 0.872340405
3088.200958672 0.866666688
3090.177882972 0.976744151
3092.150704918 0.930232547
3094.119376051 1.024390232
3096.083847914 0.976190488
3098.044072050 1.000000000
3100.000000000 0.906976745
3101.951608529 0.976190488
3103.898975288 0.883720896
3105.842203151 0.926829255
3107.781394990 0.829268278
3109.716653678 0.974999962
3111.648082090 0.924999987
3113.575783097 1.108108110
3115.499859574 1.114285654
3117.420414393 1.375000000
3119.337550427 1.290322559
3121.251370551 1.433333331
3123.161977636 1.299999993
3125.069474556 1.312499968
3126.973964184 1.151515138
3128.875549393 1.235294125
3130.774333057 1.085714241
3132.670418049 1.111111111
3134.563907241 1.000000000
3136.454903508 1.027027014
3138.343509722 0.944444416
3140.229828756 1.057142827
3142.113963483 1.029411751
3143.996016777 1.156249984
3145.876091511 1.000000000
3147.754290558 1.090909108
3149.630716791 0.970588249
3151.505473084 1.029411811
3153.378662309 0.941176499
3155.250387339 1.093750016
3157.120751049 1.034482742
3158.989856310 1.071428535
3160.857805996 0.964285733
3162.724702981 1.071428535
3164.590650138 1.000000076
3166.455750339 1.107142875
3168.320106457 1.291666688
3170.183821367 1.416666624
3172.046997941 1.291666688
3173.909739052 1.500000000
3175.772147574 1.347826199
3177.634326379 1.291666688
3179.496378341 1.208333312
3181.358406334 1.409090998
3183.220513229 1.238095220
3185.082801900 1.380952390
3186.945375221 1.227272808
3188.808336065 1.350000026
3190.671787305 1.200000000
3192.535831813 1.368420962
3194.400572464 1.142857171
3196.266112130 1.238095220
3198.132553684 1.090909142
3200.000000000 1.181818190
3201.868553951 1.043478238
3203.738318410 1.285714341
3205.609396249 1.249999974
3207.481890344 1.421052620
3209.355903565 1.333333257
3211.231538788 1.529411751
3213.108898884 1.437500032
3214.988086727 1.470588249
3216.869205190 1.277777734
3218.752357147 1.238095220
3220.637645469 1.190476195
3222.525173032 1.227272715
3224.415042707 1.238095220
3226.307357369 1.400000000
3228.202219889 1.600000000
3230.099733142 1.499999949
3232.000000000 1.666666689
