1500.000000000 0.488495576
1503.526547071 0.480000000
1507.162542457 0.511265166
1510.907781993 0.503412971
1514.762061516 0.524451941
1518.725176859 0.511513159
1522.796923859 0.536348951
1526.977098350 0.520376176
1531.265496168 0.509984639
1535.661913149 0.517189834
1540.166145127 0.508076357
1544.777987938 0.523672883
1549.497237417 0.514809591
1554.323689399 0.522633745
1559.257139720 0.512786002
1564.297384215 0.526867626
1569.444218719 0.515384614
1574.697439068 0.524344570
1580.056841096 0.515970517
1585.522220640 0.534050180
1591.093373534 0.522807018
1596.770095614 0.534777651
1602.552182715 0.524608501
1608.439430673 0.541893361
1614.431635321 0.531483457
1620.528592497 0.541188739
1626.730098035 0.531218015
1633.035947771 0.544366900
1639.445937539 0.533724341
1645.959863175 0.541984733
1652.577520515 0.530841121
1659.298705393 0.542465754
1666.123213645 0.532258065
1673.050841107 0.540280209
1680.081383612 0.530524505
1687.214636998 0.545759866
1694.450397099 0.556743421
1701.788459750 0.544650040
1709.228620787 0.560821485
1716.770676045 0.548686244
1724.414421359 0.563401670
1732.159652565 0.551672862
1740.006165498 0.567055393
1747.953755993 0.554526016
1756.002219885 0.564944134
1764.151353010 0.552595628
1772.400951203 0.567314133
1780.750810299 0.554319372
1789.200726134 0.564102564
1797.750494543 0.552416824
1806.399911361 0.564923078
1815.148772423 0.552679110
1823.996873565 0.564420804
1832.944010623 0.552662037
1841.989979430 0.566893424
1851.134575824 0.554938957
1860.377595638 0.566068515
1869.718834708 0.554018094
1879.158088870 0.567257560
1888.695153959 0.554536187
1898.329825810 0.566933067
1908.061900259 0.554740958
1917.891173140 0.568693155
1927.817440289 0.556179775
1937.840497541 0.566193312
1947.960140732 0.553515450
1958.176165697 0.567922875
1968.488368270 0.554794521
1978.896544289 0.567057837
1989.400489587 0.554508197
2000.000000000 0.566907051
2010.694871363 0.553599374
2021.484899512 0.565416985
2032.369880282 0.552316890
2043.349609509 0.567093236
2054.423883026 0.554126474
2065.592496671 0.566433566
2076.855246277 0.553846154
2088.211927681 0.568037446
2099.662336718 0.555047370
2111.206269222 0.567774936
2122.843521030 0.554826617
2134.573887976 0.567369386
2146.397165896 0.554659498
2158.313150625 0.565789474
2170.321637999 0.553489703
2182.422423852 0.565947914
2194.615304020 0.554002193
2206.900074339 0.564563759
2219.276530643 0.552693824
2231.744468768 0.564769508
2244.303684549 0.553648069
2256.953973822 0.564172448
2269.695132421 0.553745136
2282.526956183 0.565082398
2295.449240941 0.554878049
2308.461782533 0.564676043
2321.564376792 0.555454752
2334.756819554 0.565430996
2348.038906655 0.556850671
2361.410433930 0.566160521
2374.871197214 0.558408216
2388.420992342 0.567116927
2402.059615150 0.559908314
2415.786861473 0.567957166
2429.602527146 0.561139369
2443.506408004 0.568268651
2457.498299884 0.561829026
2471.577998619 0.569124877
2485.745300046 0.563144581
2500.000000000 0.569254479
2514.341861506 0.575000000
2528.770516353 0.569672906
2543.285563520 0.575042158
2557.886601985 0.569916434
2572.573230727 0.573978653
2587.345048725 0.568849170
2602.201654958 0.572539797
2617.142648404 0.568222621
2632.167628042 0.571657754
2647.276192852 0.568012752
2662.467941811 0.572007042
2677.742473899 0.568802521
2693.099388095 0.572348947
2708.538283376 0.569473320
2724.058758723 0.573301138
2739.660413113 0.571035905
2755.342845526 0.574606434
2771.105654940 0.572256305
2786.948440335 0.575526137
2802.870800688 0.573094473
2818.872334979 0.575997307
2834.952642187 0.573391421
2851.111321289 0.575717145
2867.347971266 0.572946058
2883.662191096 0.575061932
2900.053579757 0.571569271
2916.521736228 0.573013542
2933.066259489 0.569205835
2949.686748518 0.570003219
2966.382802294 0.565453385
2983.154019795 0.565251821
3000.000000000 0.560282575
3016.921274854 0.555227131
3033.922108164 0.554014486
3051.007696704 0.548603693
3068.183237245 0.546978852
3085.453926561 0.541336523
3102.824961425 0.538985057
3120.301538609 0.533225995
3137.888854888 0.530621109
3155.592107033 0.524770905
3173.416491818 0.521597507
3191.367206015 0.515826330
3209.449446397 0.512536362
3227.668409739 0.507057695
3246.029292811 0.501626898
3264.537292388 0.497786720
3283.197605242 0.492436306
3302.015428146 0.488509521
3320.995957874 0.483367983
3340.144391198 0.479099678
3359.465924890 0.474159878
3378.965755725 0.469439193
3398.649080475 0.464753587
3418.521095912 0.459466139
3438.586998811 0.455135267
3458.851985943 0.449551297
3479.321254081 0.445499339
3500.000000000 0.439494997
3520.889690743 0.432888679
3541.976874443 0.429089633
3563.244369506 0.423001044
3584.674994335 0.419640801
3606.251567335 0.413714286
3627.956906912 0.410990009
3649.773831469 0.405731694
3671.685159412 0.401055113
3693.673709145 0.399128686
3715.722299073 0.395304851
3737.813747600 0.393946114
3759.930873131 0.390885964
3782.056494072 0.388343084
3804.173428826 0.387914875
3826.264495798 0.386488869
3848.312513394 0.386531467
3870.300300017 0.386015220
3892.210674072 0.386526781
3914.026453965 0.386921885
3935.730458099 0.387779996
3957.305504880 0.389191593
3978.734412712 0.390581408
4000.000000000 0.392985208
4021.089673671 0.395110410
4042.009194740 0.398458749
4062.768912748 0.401095140
4083.379177231 0.405284319
4103.850337729 0.408286078
4124.192743779 0.412744641
4144.416744922 0.415893884
4164.532690694 0.420716566
4184.550930635 0.423975215
4204.481814282 0.429583384
4224.335691175 0.433224361
4244.122910852 0.436820901
4263.853822851 0.443499692
4283.538776712 0.447525491
4303.188121971 0.454853698
4322.812208169 0.459528038
4342.421384842 0.467367611
4362.026001531 0.472272609
4381.636407773 0.477594340
4401.262953107 0.486020935
4420.915987071 0.491689008
4440.605859204 0.500271297
4460.342919044 0.506384732
4480.137516130 0.515353620
4500.000000000 0.521586275
4519.937590740 0.527445961
4539.944990624 0.536083956
4560.013772472 0.541769577
4580.135509107 0.550256786
4600.301773348 0.555473263
4620.504138017 0.563462401
4640.734175935 0.568133856
4660.983459923 0.575660893
4681.243562802 0.580156178
4701.506057393 0.586919636
4721.762516517 0.591022057
4742.004512995 0.597246127
4762.223619648 0.601576044
4782.411409298 0.606570386
4802.559454764 0.610898050
4822.659328869 0.615223688
4842.702604433 0.618276086
4862.680854277 0.622410700
4882.585651223 0.625266962
4902.408568090 0.629507112
4922.141177701 0.630974188
4941.775052877 0.635311871
4961.301766438 0.636563133
4980.712891205 0.640672783
5000.000000000 0.640841457
5019.156693968 0.641294989
5038.184687554 0.645855012
5057.087723528 0.644665619
5075.869544659 0.649314105
5094.533893718 0.649300018
5113.084513472 0.653818701
5131.525146693 0.652056763
5149.859536150 0.656657019
5168.091424612 0.654833424
5186.224554849 0.659153381
5204.262669631 0.656330749
5222.209511727 0.661089422
5240.068823907 0.658678150
5257.844348940 0.663898849
5275.539829596 0.660517307
5293.159008645 0.665580682
5310.705628856 0.662028985
5328.183432999 0.668096724
5345.596163844 0.664107108
5362.947564160 0.670843278
5380.241376716 0.667135961
5397.481344283 0.675560082
5414.671209630 0.671275279
5431.814715527 0.680686336
5448.915604742 0.675440458
5465.977620046 0.686367558
5483.004504209 0.680622534
5500.000000000 0.692153366
5516.967337840 0.704241325
5533.907698754 0.697943148
5550.821751419 0.710755472
5567.710164511 0.702709183
5584.573606709 0.716275660
5601.412746687 0.707627119
5618.228253124 0.722024415
5635.020794695 0.711912795
5651.791040077 0.727200424
5668.539657948 0.715949093
5685.267316983 0.731801827
5701.974685860 0.719581211
5718.662433255 0.736034732
5735.331227845 0.753258293
5751.981738307 0.741504854
5768.614633317 0.759006211
5785.230581552 0.744829780
5801.830251689 0.762789182
5818.414312404 0.747329773
5834.983432375 0.765470086
5851.538280278 0.749386610
5868.079524789 0.767684021
5884.607834586 0.751196172
5901.123878345 0.769607843
5917.628324743 0.749903363
5934.121842456 0.768012669
5950.605100162 0.749188311
5967.078766537 0.768846314
5983.543510257 0.748398121
6000.000000000 0.767747590
6016.448578655 0.787415731
6032.888285967 0.765193370
6049.317835891 0.783592645
6065.735942386 0.762088975
6082.141319408 0.780584448
6098.532680913 0.761808025
6114.908740860 0.740374610
6131.268213204 0.757720980
6147.609811904 0.735982580
6163.932250915 0.753203342
6180.234244195 0.729391700
6196.514505702 0.745496805
6212.771749390 0.723013049
6229.004689219 0.738787880
6245.212039145 0.712785669
6261.392513124 0.727616645
6277.544825114 0.703917791
6293.667689071 0.718688525
6309.759818953 0.696000000
6325.819928717 0.708276798
6341.846732320 0.688965518
6357.838943718 0.700561011
6373.795276868 0.679459844
6389.714445728 0.690252708
6405.595164255 0.672035139
6421.436146404 0.681008901
6437.236106135 0.662659653
6452.993757403 0.671744097
6468.707814165 0.654083205
6484.376990378 0.662763466
6500.000000000 0.644268774
6515.576078936 0.629006410
6531.106550891 0.637692932
6546.593261516 0.646622734
6562.038056465 0.629166665
6577.442781390 0.637668918
6592.809281945 0.621899058
6608.139403781 0.628892732
6623.434992552 0.609798774
6638.697893911 0.617360496
6653.929953510 0.599820948
6669.133017002 0.605786618
6684.308930040 0.587751372
6699.459538277 0.594819612
6714.586687365 0.576097105
6729.692222957 0.580979284
6744.777990706 0.562203229
6759.845836265 0.567593480
6774.897605286 0.549662487
6789.935143423 0.553935859
6804.960296328 0.535225049
6819.974909653 0.538385827
6834.980829053 0.515841584
6849.979900178 0.518407960
6864.973968683 0.495504496
6879.964880220 0.498492462
6894.954480442 0.475277498
6909.944615001 0.475757577
6924.937129550 0.451874365
6939.933869743 0.453252031
6954.936681232 0.427263479
6969.947409669 0.428571429
6984.967900707 0.407369498
7000.000000000 0.408205127
7015.044759992 0.386036961
7030.100060295 0.386433710
7045.162987315 0.365878726
7060.230627455 0.365503080
7075.300067122 0.344615384
7090.368392718 0.343558282
7105.432690650 0.323799795
7120.490047321 0.322810590
7135.537549136 0.304655870
7150.572282500 0.302816901
7165.591333818 0.286573148
7180.591789493 0.284577116
7195.570735932 0.270029673
7210.525259538 0.268172888
7225.452446716 0.256585366
7240.349383871 0.254598258
7255.213157408 0.247600767
7270.040853731 0.245714285
7284.829559244 0.239810426
7299.576360353 0.237064911
7314.278343462 0.235734331
7328.932594975 0.233488371
7343.536201298 0.231763618
7358.086248835 0.230486684
7372.579823991 0.229643183
7387.014013170 0.230000000
7401.385902777 0.228752260
7415.692579216 0.228417265
7429.931128893 0.226583407
7444.098638212 0.225177304
7458.192193577 0.224183583
7472.208881394 0.225153914
7486.145788067 0.224364593
7500.000000000 0.227272727
7513.769534945 0.231505656
7527.456136041 0.231103387
7541.062477772 0.237435008
7554.591234623 0.236819360
7568.045081081 0.245689655
7581.426691629 0.245055889
7594.738740754 0.254063302
7607.983902939 0.253196931
7621.164852671 0.263605441
7634.284264435 0.263157894
7647.344812715 0.270727580
7660.349171997 0.270727580
7673.300016766 0.281250000
7686.200021507 0.281250000
7699.051860705 0.280539174
7711.858208846 0.292580102
7724.621740414 0.291841884
7737.345129895 0.302267002
7750.031051773 0.301507537
7762.682180535 0.312919463
7775.301190664 0.312395309
7787.890756647 0.323554065
7800.453552968 0.323554065
7812.992254113 0.333892617
7825.509534566 0.333612740
7838.008068813 0.340890008
7850.490531339 0.341176470
7862.959596629 0.350420168
7875.417939168 0.350420168
7887.868233442 0.360807401
7900.313153935 0.361111111
7912.755375133 0.370682392
7925.197571521 0.371935756
7937.642417583 0.379661017
7950.092587806 0.379983036
7962.550756674 0.391341256
7975.019598672 0.392006802
7987.501788286 0.400682011
8000.000000000 0.402053036
8012.516224399 0.403780068
8025.049716461 0.413287317
8037.599047265 0.415437988
8050.162787886 0.422976501
8062.739509404 0.424454148
8075.327782896 0.434706398
8087.926179439 0.437389770
8100.533270111 0.442869796
8113.147625990 0.444839858
8125.767818153 0.452593916
8138.392417677 0.455035970
8151.019995641 0.456678699
8163.649123121 0.458333332
8176.278371196 0.462238398
8188.906310943 0.464351006
8201.531513440 0.465137616
8214.152549764 0.467712178
8226.767990993 0.470806303
8239.376408205 0.473438956
8251.976372476 0.472404116
8264.566454885 0.475966069
8277.145226509 0.478219696
8289.711258426 0.482330467
8302.263121713 0.482228626
8314.799387449 0.486434108
8327.318626710 0.487329435
8339.819410574 0.491642085
8352.300310119 0.486673248
8364.759896422 0.489087301
8377.196740561 0.487051792
8389.609413614 0.480961924
8401.996486658 0.483383686
8414.356530770 0.481218275
8426.688117029 0.484662578
8438.989816512 0.477319589
8451.260200296 0.479296067
8463.497839460 0.474012475
8475.701305080 0.475000000
8487.869168234 0.464921466
8500.000000000 0.466386555
8512.092795095 0.469344608
8524.148242797 0.466029724
8536.167456022 0.469017095
8548.151547687 0.462943072
8560.101630710 0.464940669
8572.018818006 0.461038962
8583.904222493 0.463547335
8595.758957087 0.454148472
8607.584134706 0.456140351
8619.380868267 0.453744493
8631.150270686 0.456256921
8642.893454880 0.445555555
8654.611533767 0.447544642
8666.305620262 0.438478748
8677.976827284 0.440449439
8689.626267748 0.426801802
8701.255054572 0.429218574
8712.864300672 0.424999999
8724.455118966 0.427428570
8736.028622371 0.413990825
8747.585923803 0.415898617
8759.128136179 0.408304497
8770.656372416 0.410196986
8782.171745431 0.397911834
8793.675368141 0.399301514
8805.168353463 0.396732789
8816.651814313 0.399061033
8828.126863609 0.387779084
8839.594614267 0.390532546
8851.056179205 0.390272834
8862.512671339 0.393070489
8873.965203586 0.387290169
8885.414888863 0.390568320
8896.862840087 0.393462470
8908.310170175 0.395858709
8919.757992043 0.390243902
8931.207418609 0.391676867
8942.659562789 0.392900856
8954.115537501 0.394833948
8965.576455661 0.395320196
8977.043430187 0.393300248
8988.517573994 0.394278606
9000.000000000 0.399749372
9011.491465184 0.397741530
9022.991302775 0.400252525
9034.498490062 0.407079644
9046.012004337 0.409148664
9057.530822890 0.407878017
9069.053923011 0.411011523
9080.580281991 0.417201540
9092.108877120 0.418814432
9103.638685690 0.418604652
9115.168684989 0.420233464
9126.697852310 0.421530480
9138.225164942 0.424281984
9149.749600176 0.422774870
9161.270135302 0.426684281
9172.785747611 0.435590970
9184.295414394 0.438502674
9195.798112941 0.439678285
9207.292820542 0.442048518
9218.778514488 0.446837146
9230.254172070 0.450474899
9241.718770578 0.454421767
9253.171287302 0.456284152
9264.610699533 0.463013698
9276.035984562 0.464924345
9287.446119679 0.464285713
9298.840082174 0.473029045
9310.216849338 0.473684210
9321.575398462 0.477715879
9332.914706836 0.480392158
9344.233751751 0.486600846
9355.531510496 0.487977368
9366.806960364 0.490028491
9378.059078643 0.490727532
9389.286842625 0.494992845
9400.489229600 0.494992845
9411.665216859 0.492816093
9422.813781692 0.493525180
9433.933901389 0.496371552
9445.024553242 0.497816592
9456.084714540 0.497797358
9467.113362574 0.498529413
9478.109474636 0.500740739
9489.072028014 0.499261446
9500.000000000 0.498507462
9510.892694944 0.498507462
9521.750725434 0.502255638
9532.575031117 0.497744362
9543.366551642 0.503039515
9554.126226655 0.501519756
9564.854995806 0.505359876
9575.553798741 0.502304149
9586.223575108 0.505409585
9596.865264555 0.504643962
9607.479806730 0.507788161
9618.068141281 0.501557632
9628.631207854 0.504702194
9639.169946098 0.505511811
9649.685295661 0.509523810
9660.178196190 0.509554140
9670.649587332 0.514469454
9681.100408737 0.512077293
9691.531600051 0.515397081
9701.944100922 0.508943088
9712.338850997 0.511437908
9722.716789926 0.512274960
9733.078857354 0.515650742
9743.425992931 0.512396693
9753.759136303 0.514950165
9764.079227119 0.509999998
9774.387205025 0.512562813
9784.684009671 0.510101010
9794.970580703 0.512690356
9805.247857769 0.515306123
9815.516780517 0.517948719
9825.778288595 0.512027491
9836.033321651 0.514680481
9846.282819331 0.506944444
9856.527721284 0.509598604
9866.768967158 0.504393674
9877.007496600 0.507067140
9887.244249259 0.500884957
9897.480164780 0.502664299
9907.716182814 0.495527727
9917.953243006 0.497307001
9928.192285005 0.492753623
9938.434248459 0.496350365
9948.680073015 0.493577981
9958.930698321 0.495395947
9969.187064025 0.487037038
9979.450109774 0.487037038
9989.720775217 0.477611940
10000.000000000 0.481203008
10010.288437026 0.483931948
10020.585592213 0.471482891
10030.890684732 0.476007678
10041.202933757 0.463461537
10051.521558459 0.467054263
10061.845778011 0.449612403
10072.174811585 0.452241716
10082.507878352 0.440313110
10092.844197486 0.443786981
10103.182988158 0.426877471
10113.523469541 0.432000000
10123.864860807 0.417670684
10134.206381127 0.419354839
10144.547249675 0.401622716
10154.886685623 0.403258653
10165.223908141 0.385714285
10175.558136404 0.388090348
10185.888589583 0.373966941
10196.214486850 0.377083332
10206.535047377 0.369198310
10216.849490337 0.373134325
10227.157034902 0.360515022
10237.456900243 0.364425163
10247.748305534 0.356521739
10258.030469947 0.358078603
10268.302612653 0.347921227
10278.563952825 0.350993379
10288.813709635 0.338495574
10299.051102255 0.341517856
10309.275349858 0.327354259
10319.485671615 0.330316741
10329.681286699 0.323462412
10339.861414282 0.326436779
10350.025273536 0.314942527
10360.172083634 0.318604651
10370.301063748 0.310023309
10380.411433049 0.310023309
10390.502410711 0.303738315
10400.573215904 0.307328602
10410.623067802 0.302600472
10420.651185577 0.305489260
10430.656788401 0.299760191
10440.639095446 0.303398057
10450.597325884 0.302439025
10460.530698887 0.305418720
10470.438433628 0.301980195
10480.319749279 0.304999997
10490.173865013 0.306532662
10500.000000000 0.308860757
10509.797640348 0.308860757
10519.567339897 0.312020457
10529.309919424 0.313624676
10539.026199703 0.317829458
10548.717001509 0.318652852
10558.383145618 0.314960630
10568.025452806 0.314960630
10577.644743846 0.323607425
10587.241839516 0.323607425
10596.817560589 0.329758715
10606.372727842 0.328000001
10615.908162049 0.342318060
10625.424683986 0.344173444
10634.923114428 0.351648352
10644.404274150 0.351648352
10653.868983928 0.370473536
10663.318064536 0.370473536
10672.752336751 0.380952381
10682.172621347 0.382022472
10691.579739100 0.397727273
10700.974510785 0.398860401
10710.357757177 0.407514451
10719.730299051 0.407514451
10729.092957183 0.421511626
10738.446552349 0.420289854
10747.791905322 0.429824558
10757.129836880 0.429824558
10766.461167796 0.445103855
10775.786718846 0.446428568
10785.107310805 0.447447447
10794.423764450 0.447447447
10803.736900554 0.452887537
10813.047539893 0.454545450
10822.356503243 0.458715592
10831.664611379 0.461538459
10840.972685076 0.465838508
10850.281545109 0.467492261
10859.592012253 0.473354233
10868.904907285 0.473354233
10878.221050979 0.479365080
10887.541264110 0.488888885
10896.866367453 0.493589740
10906.197181785 0.488817891
10915.534527880 0.493548387
10924.879226514 0.501607716
10934.232098461 0.508143322
10943.593964497 0.503246755
10952.965645398 0.513245037
10962.347961938 0.513245037
10971.741734893 0.518394650
10981.147785038 0.511705683
10990.566933149 0.520408163
11000.000000000 0.516891890
11009.447528263 0.513793100
11018.908948193 0.513793100
11028.383411941 0.524647886
11037.870071657 0.522807017
11047.368079492 0.528571429
11056.876587597 0.522968201
11066.394748124 0.530685916
11075.921713222 0.521276592
11085.456635042 0.521582734
11094.998665736 0.516014234
11104.546957454 0.519855597
11114.100662347 0.516129031
11123.658932567 0.518518520
11133.220920262 0.516605165
11142.785777585 0.516981131
11152.352656687 0.518939392
11161.920709718 0.511538460
11171.489088828 0.505703419
11181.056946170 0.511627909
11190.623433893 0.494208493
11200.187704149 0.503937010
11209.748909088 0.503937010
11219.306200861 0.512000002
11228.858731619 0.494023903
11238.405653512 0.500000000
11247.946118692 0.500000000
11257.479279310 0.504032256
11267.004287516 0.469879517
11276.520295461 0.473684211
11286.026455296 0.467741935
11295.521919171 0.471544717
11305.005839238 0.448979589
11314.477367648 0.450819668
11323.935656550 0.450819668
11333.379858097 0.423236511
11342.809124438 0.423236511
11352.222607725 0.443514639
11361.619460109 0.447257381
11370.998833740 0.433476394
11380.359880769 0.431623931
11389.701753347 0.443965511
11399.023603624 0.442060080
11408.324583753 0.424242419
11417.603845882 0.424242419
11426.860542164 0.442982454
11436.093824749 0.442982454
11445.302845788 0.424778763
11454.486757432 0.426666668
11463.644711831 0.439461878
11472.775861137 0.441441439
11481.879357500 0.426605504
11490.954353070 0.430555553
11500.000000000 0.450704226
11509.015687893 0.429906544
11518.001756169 0.431924884
11526.958781702 0.434579435
11535.887341365 0.438679243
11544.788012031 0.415887846
11553.661370574 0.421800944
11562.507993868 0.419811318
11571.328458785 0.442857143
11580.123342199 0.440758290
11588.893220985 0.427884613
11597.638672014 0.427884613
11606.360272161 0.455882350
11615.058598299 0.458128075
11623.734227301 0.460000000
11632.387736041 0.457711444
11641.019701392 0.472361803
11649.630700229 0.472361803
11658.221309423 0.461928927
11666.792105849 0.461928927
11675.343666381 0.471794871
11683.876567890 0.469387755
11692.391387252 0.446153837
11700.888701340 0.443877543
11709.369087026 0.446153837
11717.833121184 0.443877543
11726.281380688 0.438144330
11734.714442412 0.440414506
11743.132883228 0.429319370
11751.537280010 0.433862430
11759.928209632 0.445652168
11768.306248967 0.423913038
11776.671974888 0.426229501
11785.025964269 0.409836067
11793.368793984 0.409836067
11801.701040905 0.383783788
11810.023281906 0.385869568
11818.336093861 0.369565217
11826.640053644 0.375690609
11834.935738126 0.351648354
11843.223724183 0.355555556
11851.504588687 0.351955309
11859.778908512 0.355932207
11868.047260532 0.337078650
11876.310221619 0.340909091
11884.568368647 0.340909091
11892.822278490 0.325714282
11901.072528021 0.329479767
11909.319694114 0.313953482
11917.564353642 0.313953482
11925.807083478 0.315789467
11934.048460496 0.317647055
11942.289061569 0.280701757
11950.529463571 0.280701757
11958.770243375 0.284023669
11967.011977855 0.282352943
11975.255243884 0.266272187
11983.500618336 0.269461074
11991.748678083 0.263473053
12000.000000000 0.261904762
12008.255018183 0.265060243
12016.513595622 0.246987950
12024.775452528 0.246987950
12033.040309116 0.253012044
12041.307885597 0.257668705
12049.577902184 0.234567896
12057.850079090 0.237499994
12066.124136527 0.245283021
12074.399794708 0.250000003
12082.676773847 0.230769231
12090.954794154 0.232258064
12099.233575843 0.217948711
12107.512839128 0.217948711
12115.792304219 0.206451612
12124.071691330 0.206451612
12132.350720674 0.212903222
12140.629112464 0.214285710
12148.906586911 0.202614370
12157.182864228 0.202614370
12165.457664629 0.210526316
12173.730708326 0.210526316
12182.001715531 0.210526316
12190.270406458 0.210526316
12198.536501318 0.210526316
12206.799720324 0.211920529
12215.059783690 0.209459449
12223.316411627 0.212328758
12231.569324349 0.222222222
12239.818242068 0.223776223
12248.062884997 0.226950355
12256.302973348 0.223776223
12264.538227334 0.230769226
12272.768367167 0.229166663
12280.993113061 0.229166663
12289.212185228 0.227586204
12297.425303880 0.232394364
12305.632189231 0.235714282
12313.832561492 0.228571429
12322.026140877 0.230215826
12330.212647598 0.224637668
12338.391801868 0.224637668
12346.563323900 0.215827330
12354.726933905 0.220588228
12362.882352097 0.222222214
12371.029298689 0.222222214
12379.167493893 0.223880591
12387.296657922 0.225563903
12395.416510987 0.229007625
12403.526773303 0.230769225
12411.627165082 0.228346452
12419.717406536 0.228346452
12427.797217878 0.217741923
12435.866319320 0.214285704
12443.924431076 0.209677411
12451.971273358 0.204724401
12460.006566378 0.199999997
12468.030030349 0.195312496
12476.041385485 0.190476189
12484.040351996 0.188976377
12492.026650097 0.193548387
12500.000000000 0.192000001
12507.960205338 0.198347108
12515.907403425 0.204918030
12523.841814999 0.208333329
12531.763660794 0.206611567
12539.673161546 0.210084028
12547.570537990 0.201680671
12555.456010863 0.205128206
12563.329800900 0.205128206
12571.192128836 0.208695651
12579.043215408 0.206896552
12586.883281351 0.205128206
12594.712547400 0.203389829
12602.531234291 0.201680671
12610.339562760 0.193277314
12618.137753542 0.196581202
12625.926027374 0.205128206
12633.704604990 0.210526318
12641.473707127 0.221238935
12649.233554519 0.225225220
12656.984367904 0.232142848
12664.726368015 0.238532102
12672.459775590 0.234234224
12680.184811363 0.238532102
12687.901696070 0.243243228
12695.610650447 0.245454534
12703.311895230 0.250000000
12711.005651154 0.256880735
12718.692138955 0.245454534
12726.371579368 0.257142844
12734.044193129 0.264150946
12741.710200974 0.277227724
12749.369823638 0.281553397
12757.023281857 0.287128709
12764.670796367 0.285714277
12772.312587903 0.299999990
12779.948877201 0.310679616
12787.579884997 0.323232328
12795.205832026 0.329999995
12802.826939024 0.343749995
12810.443426726 0.354166656
12818.055515868 0.365591389
12825.663427187 0.354166656
12833.267381416 0.369565206
12840.867599293 0.350515455
12848.464301552 0.357894724
12856.057708930 0.329896909
12863.648042162 0.347826087
12871.235521983 0.344086023
12878.820369130 0.367816090
12886.402804338 0.326086945
12893.983048342 0.344827572
12901.561321878 0.326086945
12909.137845683 0.333333326
12916.712840490 0.329670317
12924.286527037 0.348837202
12931.859126059 0.348314591
12939.430858291 0.369047601
12947.001944469 0.360465103
12954.572605329 0.378048766
12962.143061606 0.361445777
12969.713534036 0.374999987
12977.284243355 0.357142845
12984.855410298 0.370370360
12992.427255601 0.349397582
13000.000000000 0.358024687
13007.573864230 0.349397582
13015.149069026 0.376623372
13022.725835126 0.367088599
13030.304383263 0.363636366
13037.884934174 0.354430387
13045.467708594 0.376623372
13053.052927260 0.367088599
13060.640810906 0.381578941
13068.231580268 0.367088599
13075.825456083 0.394736829
13083.422659085 0.389610379
13091.023410011 0.359999987
13098.627929595 0.355263138
13106.236438574 0.383561647
13113.849157683 0.368421053
13121.466307658 0.351351342
13129.088109234 0.342105250
13136.714783148 0.346666660
13144.346550134 0.346666660
13151.983630929 0.338028176
13159.626246267 0.338028176
13167.274616886 0.385714299
13174.928963520 0.380281695
13182.589506904 0.342465749
13190.256467776 0.342465749
13197.930066869 0.371428551
13205.610524921 0.388059683
13213.298062666 0.359375008
13220.992900840 0.383333342
13228.695260179 0.423728801
13236.405361419 0.409836061
13244.123425294 0.354838699
13251.849672542 0.343749984
13259.584323897 0.396825385
13267.327600094 0.396825385
13275.079721871 0.396825385
13282.840909962 0.365079370
13290.611385103 0.370967756
13298.391368029 0.396825385
13306.181079477 0.396825385
13313.980740182 0.333333322
13321.790570879 0.338709675
13329.610792304 0.354838699
13337.441625193 0.354838699
13345.283290282 0.409090886
13353.136008306 0.299999983
13361.000000000 0.000000000
