999,000000000	-0,024414062	0,002441406
0,000000000	-0,039062500	0,002441406
1,000000000	-0,036621094	0,000000000
2,000000000	-0,039062500	0,000000000
3,000000000	-0,034179687	0,000000000
4,000000000	-0,036621094	0,000000000
5,000000000	-0,034179687	0,000000000
6,000000000	-0,039062500	0,002441406
7,000000000	-0,034179687	0,002441406
8,000000000	-0,039062500	0,000000000
9,000000000	-0,034179687	0,000000000
10,000000000	-0,041503906	0,002441406
11,000000000	-0,034179687	0,000000000
12,000000000	-0,041503906	0,000000000
13,000000000	-0,031738281	0,002441406
14,000000000	-0,036621094	0,002441406
15,000000000	-0,034179687	0,000000000
16,000000000	-0,039062500	0,002441406
17,000000000	-0,034179687	0,000000000
18,000000000	-0,039062500	0,002441406
19,000000000	-0,034179687	0,000000000
20,000000000	-0,039062500	0,002441406
21,000000000	-0,034179687	0,000000000
22,000000000	-0,034179687	0,000000000
23,000000000	-0,031738281	0,002441406
24,000000000	-0,036621094	0,000000000
25,000000000	-0,034179687	0,002441406
26,000000000	-0,036621094	0,002441406
27,000000000	-0,034179687	0,000000000
28,000000000	-0,039062500	0,000000000
29,000000000	-0,039062500	0,002441406
30,000000000	-0,036621094	0,002441406
31,000000000	-0,034179687	0,002441406
32,000000000	-0,039062500	0,000000000
33,000000000	-0,036621094	0,000000000
34,000000000	-0,036621094	0,000000000
35,000000000	-0,039062500	0,000000000
36,000000000	-0,036621094	0,000000000
37,000000000	-0,034179687	0,002441406
38,000000000	-0,039062500	0,000000000
39,000000000	-0,034179687	0,000000000
40,000000000	-0,041503906	0,002441406
41,000000000	-0,036621094	0,002441406
42,000000000	-0,036621094	0,002441406
43,000000000	-0,034179687	0,002441406
44,000000000	-0,036621094	0,002441406
45,000000000	-0,036621094	0,000000000
46,000000000	-0,036621094	0,002441406
47,000000000	-0,039062500	0,000000000
48,000000000	-0,036621094	0,002441406
49,000000000	-0,036621094	0,000000000
50,000000000	-0,039062500	0,002441406
51,000000000	-0,039062500	0,000000000
52,000000000	-0,034179687	0,002441406
53,000000000	-0,036621094	0,000000000
54,000000000	-0,034179687	0,002441406
55,000000000	-0,036621094	0,002441406
56,000000000	-0,034179687	0,000000000
57,000000000	-0,036621094	0,000000000
58,000000000	-0,034179687	0,002441406
59,000000000	-0,039062500	0,000000000
60,000000000	-0,034179687	0,002441406
61,000000000	-0,036621094	0,002441406
62,000000000	-0,036621094	0,002441406
63,000000000	-0,039062500	0,002441406
64,000000000	-0,034179687	0,000000000
65,000000000	-0,039062500	0,000000000
66,000000000	-0,034179687	0,000000000
67,000000000	-0,034179687	0,000000000
68,000000000	-0,031738281	0,002441406
69,000000000	-0,039062500	0,000000000
70,000000000	-0,036621094	0,000000000
71,000000000	-0,041503906	0,000000000
72,000000000	-0,034179687	0,002441406
73,000000000	-0,036621094	0,002441406
74,000000000	-0,036621094	0,000000000
75,000000000	-0,039062500	0,000000000
76,000000000	-0,034179687	0,002441406
77,000000000	-0,036621094	0,002441406
78,000000000	-0,036621094	0,002441406
79,000000000	-0,036621094	0,000000000
80,000000000	-0,034179687	0,000000000
81,000000000	-0,036621094	0,002441406
82,000000000	-0,036621094	0,000000000
83,000000000	-0,039062500	0,000000000
84,000000000	-0,034179687	0,002441406
85,000000000	-0,039062500	0,000000000
86,000000000	-0,036621094	0,002441406
87,000000000	-0,036621094	0,000000000
88,000000000	-0,039062500	0,002441406
89,000000000	-0,036621094	0,002441406
90,000000000	-0,039062500	1,000976562
91,000000000	-0,036621094	0,002441406
92,000000000	-0,036621094	0,000000000
93,000000000	-0,034179687	0,000000000
94,000000000	-0,034179687	0,000000000
95,000000000	-0,034179687	0,002441406
96,000000000	-0,036621094	0,002441406
97,000000000	-0,036621094	0,002441406
98,000000000	-0,036621094	0,000000000
99,000000000	-0,036621094	0,000000000
100,000000000	-0,036621094	0,000000000
101,000000000	-0,039062500	0,002441406
102,000000000	-0,036621094	0,002441406
103,000000000	-0,036621094	0,002441406
104,000000000	-0,036621094	0,000000000
105,000000000	-0,036621094	0,002441406
106,000000000	-0,043945312	0,000000000
107,000000000	-0,036621094	0,000000000
108,000000000	-0,039062500	0,002441406
109,000000000	-0,034179687	0,002441406
110,000000000	-0,036621094	0,000000000
111,000000000	-0,034179687	0,002441406
112,000000000	-0,036621094	0,000000000
113,000000000	-0,031738281	0,000000000
114,000000000	-0,036621094	0,000000000
115,000000000	-0,034179687	0,000000000
116,000000000	-0,039062500	0,000000000
117,000000000	-0,034179687	0,002441406
118,000000000	-0,036621094	0,000000000
119,000000000	-0,034179687	0,000000000
120,000000000	-0,034179687	0,000000000
121,000000000	-0,036621094	0,002441406
122,000000000	-0,036621094	0,000000000
123,000000000	-0,034179687	0,000000000
124,000000000	-0,036621094	0,000000000
125,000000000	-0,029296875	0,000000000
126,000000000	-0,036621094	0,000000000
127,000000000	-0,034179687	0,002441406
128,000000000	-0,039062500	0,000000000
129,000000000	-0,031738281	0,004882812
130,000000000	-0,036621094	0,000000000
131,000000000	-0,034179687	0,000000000
132,000000000	-0,036621094	0,002441406
133,000000000	-0,031738281	0,000000000
134,000000000	-0,036621094	0,000000000
135,000000000	-0,031738281	0,000000000
136,000000000	-0,039062500	0,000000000
137,000000000	-0,036621094	0,002441406
138,000000000	-0,039062500	0,000000000
139,000000000	-0,036621094	0,000000000
140,000000000	-0,041503906	0,002441406
141,000000000	-0,036621094	0,000000000
142,000000000	-0,039062500	0,002441406
143,000000000	-0,034179687	0,000000000
144,000000000	-0,039062500	0,998535156
145,000000000	-0,031738281	0,002441406
146,000000000	-0,036621094	0,000000000
147,000000000	-0,031738281	0,000000000
148,000000000	-0,036621094	0,000000000
149,000000000	-0,034179687	0,002441406
150,000000000	-0,034179687	0,002441406
151,000000000	-0,026855469	0,000000000
152,000000000	-0,041503906	0,002441406
153,000000000	-0,034179687	0,002441406
154,000000000	-0,041503906	0,002441406
155,000000000	-0,031738281	0,000000000
156,000000000	-0,036621094	0,000000000
157,000000000	-0,034179687	0,000000000
158,000000000	-0,039062500	0,002441406
159,000000000	-0,034179687	0,000000000
160,000000000	-0,039062500	0,000000000
161,000000000	-0,034179687	0,000000000
162,000000000	-0,039062500	-0,002441406
163,000000000	-0,031738281	0,002441406
164,000000000	-0,041503906	0,000000000
165,000000000	-0,034179687	0,002441406
166,000000000	-0,036621094	0,000000000
167,000000000	-0,031738281	0,000000000
168,000000000	-0,039062500	0,002441406
169,000000000	-0,031738281	0,000000000
170,000000000	-0,036621094	0,000000000
171,000000000	-0,034179687	0,000000000
172,000000000	-0,036621094	0,002441406
173,000000000	-0,031738281	0,000000000
174,000000000	-0,036621094	0,002441406
175,000000000	-0,036621094	0,000000000
176,000000000	-0,034179687	0,000000000
177,000000000	-0,034179687	0,000000000
178,000000000	-0,036621094	0,002441406
179,000000000	-0,036621094	0,002441406
180,000000000	-0,039062500	0,000000000
181,000000000	-0,034179687	0,000000000
182,000000000	-0,036621094	0,002441406
183,000000000	-0,034179687	0,000000000
184,000000000	-0,034179687	0,000000000
185,000000000	-0,034179687	0,998535156
186,000000000	-0,036621094	0,000000000
187,000000000	-0,034179687	0,000000000
188,000000000	-0,036621094	0,002441406
189,000000000	-0,034179687	0,000000000
190,000000000	-0,036621094	0,000000000
191,000000000	-0,034179687	0,002441406
192,000000000	-0,041503906	0,000000000
193,000000000	-0,034179687	0,000000000
194,000000000	-0,034179687	0,000000000
195,000000000	-0,034179687	0,000000000
196,000000000	-0,039062500	0,002441406
197,000000000	-0,034179687	0,000000000
198,000000000	-0,039062500	0,000000000
199,000000000	-0,031738281	0,000000000
200,000000000	-0,036621094	0,000000000
201,000000000	-0,036621094	0,000000000
202,000000000	-0,036621094	0,000000000
203,000000000	-0,036621094	0,002441406
204,000000000	-0,034179687	0,000000000
205,000000000	-0,036621094	0,002441406
206,000000000	-0,039062500	0,002441406
207,000000000	-0,034179687	0,002441406
208,000000000	-0,039062500	0,000000000
209,000000000	-0,034179687	0,000000000
210,000000000	-0,039062500	0,002441406
211,000000000	-0,036621094	0,002441406
212,000000000	-0,034179687	0,002441406
213,000000000	-0,034179687	0,000000000
214,000000000	-0,036621094	0,000000000
215,000000000	-0,034179687	0,002441406
216,000000000	-0,036621094	0,000000000
217,000000000	-0,031738281	0,000000000
218,000000000	-0,036621094	0,000000000
219,000000000	-0,031738281	0,998535156
220,000000000	-0,036621094	0,002441406
221,000000000	-0,036621094	0,002441406
222,000000000	-0,036621094	0,000000000
223,000000000	-0,036621094	0,000000000
224,000000000	-0,034179687	0,000000000
225,000000000	-0,034179687	0,000000000
226,000000000	-0,036621094	0,002441406
227,000000000	-0,034179687	0,000000000
228,000000000	-0,036621094	0,000000000
229,000000000	-0,034179687	0,002441406
230,000000000	-0,036621094	0,000000000
231,000000000	-0,036621094	0,002441406
232,000000000	-0,034179687	0,002441406
233,000000000	-0,036621094	0,000000000
234,000000000	-0,034179687	0,000000000
235,000000000	-0,041503906	0,000000000
236,000000000	-0,029296875	0,000000000
237,000000000	-0,041503906	0,002441406
238,000000000	-0,036621094	0,000000000
239,000000000	-0,036621094	0,002441406
240,000000000	-0,034179687	0,000000000
241,000000000	-0,036621094	0,000000000
242,000000000	-0,034179687	0,000000000
243,000000000	-0,036621094	0,000000000
244,000000000	-0,034179687	0,002441406
245,000000000	-0,036621094	0,002441406
246,000000000	-0,034179687	0,000000000
247,000000000	-0,036621094	0,998535156
248,000000000	-0,034179687	0,000000000
249,000000000	-0,043945312	0,002441406
250,000000000	-0,034179687	0,000000000
251,000000000	-0,039062500	0,000000000
252,000000000	-0,034179687	0,002441406
253,000000000	-0,034179687	0,002441406
254,000000000	-0,034179687	0,002441406
255,000000000	-0,036621094	0,002441406
256,000000000	-0,031738281	0,000000000
257,000000000	-0,039062500	0,000000000
258,000000000	-0,036621094	0,000000000
259,000000000	-0,051269531	0,000000000
260,000000000	-0,031738281	0,000000000
261,000000000	-0,034179687	0,000000000
262,000000000	-0,026855469	0,000000000
263,000000000	-0,041503906	0,000000000
264,000000000	-0,034179687	0,002441406
265,000000000	-0,043945312	0,000000000
266,000000000	-0,034179687	0,002441406
267,000000000	-0,039062500	0,000000000
268,000000000	-0,031738281	0,002441406
269,000000000	-0,036621094	0,000000000
270,000000000	-0,034179687	0,000000000
271,000000000	-0,041503906	0,002441406
272,000000000	-0,041503906	0,002441406
273,000000000	-0,036621094	0,000000000
274,000000000	-0,034179687	0,996093750
275,000000000	-0,039062500	0,002441406
276,000000000	-0,036621094	0,000000000
277,000000000	-0,039062500	0,002441406
278,000000000	-0,034179687	0,002441406
279,000000000	-0,039062500	0,000000000
280,000000000	-0,034179687	0,002441406
281,000000000	-0,041503906	0,000000000
282,000000000	-0,034179687	0,000000000
283,000000000	-0,041503906	0,000000000
284,000000000	-0,026855469	0,000000000
285,000000000	-0,036621094	0,000000000
286,000000000	-0,034179687	0,000000000
287,000000000	-0,041503906	0,000000000
288,000000000	-0,029296875	0,000000000
289,000000000	-0,039062500	0,000000000
290,000000000	-0,034179687	0,000000000
291,000000000	-0,041503906	0,000000000
292,000000000	-0,036621094	0,000000000
293,000000000	-0,036621094	0,000000000
294,000000000	-0,031738281	0,002441406
295,000000000	-0,036621094	0,002441406
296,000000000	-0,031738281	0,002441406
297,000000000	-0,036621094	0,998535156
298,000000000	-0,031738281	0,000000000
299,000000000	-0,034179687	0,000000000
300,000000000	-0,031738281	0,002441406
301,000000000	-0,036621094	0,002441406
302,000000000	-0,034179687	0,002441406
303,000000000	-0,041503906	0,000000000
304,000000000	-0,034179687	0,002441406
305,000000000	-0,036621094	0,000000000
306,000000000	-0,036621094	0,002441406
307,000000000	-0,039062500	0,000000000
308,000000000	-0,034179687	0,002441406
309,000000000	-0,036621094	0,002441406
310,000000000	-0,034179687	0,000000000
311,000000000	-0,039062500	0,000000000
312,000000000	-0,034179687	0,000000000
313,000000000	-0,036621094	0,000000000
314,000000000	-0,034179687	0,000000000
315,000000000	-0,036621094	0,000000000
316,000000000	-0,036621094	0,000000000
317,000000000	-0,031738281	0,000000000
318,000000000	-0,036621094	0,002441406
319,000000000	-0,034179687	0,002441406
320,000000000	-0,034179687	1,000976562
321,000000000	-0,034179687	0,000000000
322,000000000	-0,036621094	0,002441406
323,000000000	-0,034179687	0,000000000
324,000000000	-0,039062500	0,000000000
325,000000000	-0,034179687	0,000000000
326,000000000	-0,036621094	0,000000000
327,000000000	-0,034179687	0,000000000
328,000000000	-0,034179687	0,002441406
329,000000000	-0,031738281	0,000000000
330,000000000	-0,034179687	0,000000000
331,000000000	-0,034179687	0,000000000
332,000000000	-0,034179687	0,000000000
333,000000000	-0,034179687	0,000000000
334,000000000	-0,031738281	0,000000000
335,000000000	-0,034179687	0,000000000
336,000000000	-0,034179687	0,000000000
337,000000000	-0,036621094	0,000000000
338,000000000	-0,036621094	0,000000000
339,000000000	-0,031738281	0,000000000
340,000000000	-0,034179687	0,002441406
341,000000000	-0,031738281	0,000000000
342,000000000	-0,034179687	0,002441406
343,000000000	-0,034179687	0,002441406
344,000000000	-0,029296875	0,998535156
345,000000000	-0,034179687	0,002441406
346,000000000	-0,034179687	0,000000000
347,000000000	-0,034179687	0,000000000
348,000000000	-0,034179687	0,000000000
349,000000000	-0,034179687	0,000000000
350,000000000	-0,034179687	0,002441406
351,000000000	-0,034179687	0,000000000
352,000000000	-0,034179687	0,002441406
353,000000000	-0,031738281	0,000000000
354,000000000	-0,034179687	0,000000000
355,000000000	-0,036621094	0,000000000
356,000000000	-0,036621094	0,002441406
357,000000000	-0,036621094	0,002441406
358,000000000	-0,036621094	0,000000000
359,000000000	-0,034179687	0,002441406
360,000000000	-0,036621094	0,000000000
361,000000000	-0,034179687	0,002441406
362,000000000	-0,036621094	0,000000000
363,000000000	-0,034179687	0,000000000
364,000000000	-0,036621094	0,000000000
365,000000000	-0,034179687	0,000000000
366,000000000	-0,034179687	0,000000000
367,000000000	-0,034179687	0,002441406
368,000000000	-0,039062500	0,998535156
369,000000000	-0,036621094	0,000000000
370,000000000	-0,036621094	0,000000000
371,000000000	-0,034179687	0,000000000
372,000000000	-0,036621094	0,002441406
373,000000000	-0,034179687	0,000000000
374,000000000	-0,036621094	0,002441406
375,000000000	-0,034179687	0,002441406
376,000000000	-0,036621094	0,000000000
377,000000000	-0,034179687	0,002441406
378,000000000	-0,036621094	0,002441406
379,000000000	-0,031738281	0,000000000
380,000000000	-0,041503906	0,000000000
381,000000000	-0,034179687	0,002441406
382,000000000	-0,036621094	0,000000000
383,000000000	-0,036621094	0,002441406
384,000000000	-0,039062500	0,000000000
385,000000000	-0,029296875	0,002441406
386,000000000	-0,039062500	0,000000000
387,000000000	-0,034179687	0,002441406
388,000000000	-0,041503906	0,000000000
389,000000000	-0,031738281	0,000000000
390,000000000	-0,041503906	0,000000000
391,000000000	-0,034179687	0,002441406
392,000000000	-0,036621094	1,000976562
393,000000000	-0,034179687	0,000000000
394,000000000	-0,034179687	0,002441406
395,000000000	-0,029296875	0,002441406
396,000000000	-0,036621094	0,000000000
397,000000000	-0,034179687	0,000000000
398,000000000	-0,036621094	0,002441406
399,000000000	-0,029296875	0,002441406
400,000000000	-0,036621094	0,002441406
401,000000000	-0,029296875	0,000000000
402,000000000	-0,036621094	0,000000000
403,000000000	-0,031738281	0,000000000
404,000000000	-0,036621094	0,000000000
405,000000000	-0,031738281	0,000000000
406,000000000	-0,036621094	0,000000000
407,000000000	-0,029296875	0,000000000
408,000000000	-0,036621094	0,002441406
409,000000000	-0,031738281	0,000000000
410,000000000	-0,041503906	0,000000000
411,000000000	-0,029296875	0,000000000
412,000000000	-0,036621094	0,000000000
413,000000000	-0,029296875	0,002441406
414,000000000	-0,036621094	0,002441406
415,000000000	-0,031738281	0,000000000
416,000000000	-0,036621094	0,000000000
417,000000000	-0,034179687	0,002441406
418,000000000	-0,036621094	0,998535156
419,000000000	-0,036621094	0,000000000
420,000000000	-0,036621094	0,002441406
421,000000000	-0,034179687	0,000000000
422,000000000	-0,034179687	0,000000000
423,000000000	-0,034179687	0,000000000
424,000000000	-0,034179687	0,000000000
425,000000000	-0,034179687	0,002441406
426,000000000	-0,036621094	0,000000000
427,000000000	-0,029296875	0,000000000
428,000000000	-0,036621094	0,002441406
429,000000000	-0,031738281	0,000000000
430,000000000	-0,034179687	0,000000000
431,000000000	-0,031738281	0,000000000
432,000000000	-0,029296875	0,002441406
433,000000000	-0,026855469	0,002441406
434,000000000	-0,031738281	0,000000000
435,000000000	-0,026855469	0,002441406
436,000000000	-0,029296875	0,000000000
437,000000000	-0,024414062	0,000000000
438,000000000	-0,021972656	0,000000000
439,000000000	-0,017089844	0,000000000
440,000000000	-0,012207031	0,002441406
441,000000000	-0,007324219	0,000000000
442,000000000	-0,004882812	0,000000000
443,000000000	0,004882812	0,002441406
444,000000000	0,009765625	0,000000000
445,000000000	0,021972656	0,996093750
446,000000000	0,026855469	0,002441406
447,000000000	0,043945312	0,002441406
448,000000000	0,061035156	0,000000000
449,000000000	0,078125000	0,000000000
450,000000000	0,090332031	0,002441406
451,000000000	0,107421875	0,000000000
452,000000000	0,131835937	0,000000000
453,000000000	0,146484375	0,002441406
454,000000000	0,166015625	0,000000000
455,000000000	0,175781250	0,000000000
456,000000000	0,197753906	0,000000000
457,000000000	0,209960937	0,000000000
458,000000000	0,236816406	0,002441406
459,000000000	0,246582031	0,000000000
460,000000000	0,270996094	0,000000000
461,000000000	0,285644531	0,000000000
462,000000000	0,312500000	0,002441406
463,000000000	0,327148437	0,002441406
464,000000000	0,349121094	0,000000000
465,000000000	0,366210937	0,000000000
466,000000000	0,390625000	0,000000000
467,000000000	0,402832031	0,000000000
468,000000000	0,429687500	0,002441406
469,000000000	0,444335937	0,000000000
470,000000000	0,471191406	0,000000000
471,000000000	0,490722656	0,002441406
472,000000000	0,520019531	0,002441406
473,000000000	0,534667969	0,996093750
474,000000000	0,556640625	0,000000000
475,000000000	0,568847656	0,002441406
476,000000000	0,585937500	0,000000000
477,000000000	0,593261719	0,000000000
478,000000000	0,612792969	0,000000000
479,000000000	0,612792969	0,000000000
480,000000000	0,632324219	0,000000000
481,000000000	0,634765625	0,000000000
482,000000000	0,659179687	0,000000000
483,000000000	0,668945312	0,002441406
484,000000000	0,693359375	0,000000000
485,000000000	0,703125000	0,000000000
486,000000000	0,732421875	0,000000000
487,000000000	0,742187500	0,000000000
488,000000000	0,764160156	0,000000000
489,000000000	0,783691406	0,000000000
490,000000000	0,808105469	0,000000000
491,000000000	0,827636719	0,000000000
492,000000000	0,839843750	0,000000000
493,000000000	0,852050781	0,000000000
494,000000000	0,874023437	0,000000000
495,000000000	0,881347656	0,000000000
496,000000000	0,898437500	0,000000000
497,000000000	0,900878906	0,000000000
498,000000000	0,913085937	0,000000000
499,000000000	0,910644531	0,000000000
500,000000000	0,915527344	0,000000000
501,000000000	0,908203125	0,000000000
502,000000000	0,913085937	0,998535156
503,000000000	0,903320312	0,000000000
504,000000000	0,908203125	0,002441406
505,000000000	0,895996094	0,000000000
506,000000000	0,895996094	0,002441406
507,000000000	0,886230469	0,000000000
508,000000000	0,881347656	0,002441406
509,000000000	0,866699219	0,000000000
510,000000000	0,859375000	0,000000000
511,000000000	0,852050781	0,002441406
512,000000000	0,834960937	0,000000000
513,000000000	0,827636719	0,000000000
514,000000000	0,812988281	0,002441406
515,000000000	0,800781250	0,000000000
516,000000000	0,793457031	0,000000000
517,000000000	0,778808594	0,000000000
518,000000000	0,766601562	0,000000000
519,000000000	0,754394531	0,000000000
520,000000000	0,742187500	0,000000000
521,000000000	0,732421875	0,000000000
522,000000000	0,722656250	0,000000000
523,000000000	0,708007812	0,000000000
524,000000000	0,705566406	0,000000000
525,000000000	0,698242187	0,002441406
526,000000000	0,690917969	0,000000000
527,000000000	0,681152344	0,002441406
528,000000000	0,676269531	0,002441406
529,000000000	0,668945312	0,000000000
530,000000000	0,666503906	0,002441406
531,000000000	0,664062500	0,000000000
532,000000000	0,661621094	0,000000000
533,000000000	0,651855469	0,998535156
534,000000000	0,646972656	0,000000000
535,000000000	0,642089844	0,000000000
536,000000000	0,637207031	0,000000000
537,000000000	0,634765625	0,000000000
538,000000000	0,627441406	0,000000000
539,000000000	0,615234375	0,000000000
540,000000000	0,612792969	0,000000000
541,000000000	0,605468750	0,000000000
542,000000000	0,590820312	0,002441406
543,000000000	0,581054687	0,002441406
544,000000000	0,568847656	0,000000000
545,000000000	0,556640625	0,002441406
546,000000000	0,544433594	0,000000000
547,000000000	0,534667969	0,000000000
548,000000000	0,517578125	0,000000000
549,000000000	0,493164062	0,000000000
550,000000000	0,480957031	0,000000000
551,000000000	0,458984375	0,000000000
552,000000000	0,437011719	0,000000000
553,000000000	0,417480469	0,002441406
554,000000000	0,390625000	0,000000000
555,000000000	0,371093750	0,002441406
556,000000000	0,346679687	0,000000000
557,000000000	0,324707031	0,000000000
558,000000000	0,295410156	0,000000000
559,000000000	0,275878906	0,000000000
560,000000000	0,249023437	0,000000000
561,000000000	0,224609375	0,004882812
562,000000000	0,195312500	0,000000000
563,000000000	0,175781250	0,000000000
564,000000000	0,141601562	0,998535156
565,000000000	0,124511719	0,002441406
566,000000000	0,090332031	0,000000000
567,000000000	0,075683594	0,000000000
568,000000000	0,051269531	0,000000000
569,000000000	0,034179687	0,000000000
570,000000000	0,012207031	0,000000000
571,000000000	0,007324219	0,000000000
572,000000000	-0,004882812	0,000000000
573,000000000	-0,007324219	0,000000000
574,000000000	-0,017089844	0,002441406
575,000000000	-0,014648437	0,000000000
576,000000000	-0,024414062	0,000000000
577,000000000	-0,019531250	0,000000000
578,000000000	-0,029296875	0,000000000
579,000000000	-0,024414062	0,000000000
580,000000000	-0,026855469	0,002441406
581,000000000	-0,024414062	0,000000000
582,000000000	-0,029296875	0,000000000
583,000000000	-0,021972656	0,000000000
584,000000000	-0,029296875	0,000000000
585,000000000	-0,024414062	0,000000000
586,000000000	-0,024414062	0,002441406
587,000000000	-0,024414062	0,000000000
588,000000000	-0,024414062	0,002441406
589,000000000	-0,017089844	0,000000000
590,000000000	-0,019531250	0,000000000
591,000000000	-0,017089844	0,000000000
592,000000000	-0,014648437	0,000000000
593,000000000	-0,007324219	0,000000000
594,000000000	-0,009765625	0,002441406
595,000000000	-0,002441406	0,000000000
596,000000000	0,000000000	0,000000000
597,000000000	0,009765625	0,000000000
598,000000000	0,014648437	0,996093750
599,000000000	0,024414062	0,000000000
600,000000000	0,031738281	0,000000000
601,000000000	0,039062500	0,002441406
602,000000000	0,048828125	0,000000000
603,000000000	0,061035156	0,002441406
604,000000000	0,068359375	0,000000000
605,000000000	0,075683594	0,000000000
606,000000000	0,087890625	0,000000000
607,000000000	0,097656250	0,000000000
608,000000000	0,107421875	0,002441406
609,000000000	0,117187500	0,000000000
610,000000000	0,129394531	0,000000000
611,000000000	0,134277344	0,000000000
612,000000000	0,148925781	0,000000000
613,000000000	0,153808594	0,000000000
614,000000000	0,158691406	0,000000000
615,000000000	0,166015625	0,002441406
616,000000000	0,173339844	0,000000000
617,000000000	0,178222656	0,000000000
618,000000000	0,185546875	0,002441406
619,000000000	0,190429687	0,000000000
620,000000000	0,195312500	0,000000000
621,000000000	0,197753906	0,000000000
622,000000000	0,202636719	0,000000000
623,000000000	0,202636719	0,002441406
624,000000000	0,205078125	0,002441406
625,000000000	0,209960937	0,002441406
626,000000000	0,209960937	0,000000000
627,000000000	0,209960937	0,000000000
628,000000000	0,212402344	0,000000000
629,000000000	0,209960937	0,000000000
630,000000000	0,205078125	0,000000000
631,000000000	0,207519531	0,000000000
632,000000000	0,202636719	0,000000000
633,000000000	0,202636719	0,998535156
634,000000000	0,205078125	0,000000000
635,000000000	0,200195312	0,000000000
636,000000000	0,192871094	0,002441406
637,000000000	0,185546875	0,000000000
638,000000000	0,183105469	0,000000000
639,000000000	0,173339844	0,000000000
640,000000000	0,170898437	0,000000000
641,000000000	0,161132812	0,000000000
642,000000000	0,156250000	0,002441406
643,000000000	0,151367187	0,000000000
644,000000000	0,144042969	0,000000000
645,000000000	0,129394531	0,000000000
646,000000000	0,129394531	0,000000000
647,000000000	0,117187500	0,000000000
648,000000000	0,117187500	0,000000000
649,000000000	0,104980469	0,000000000
650,000000000	0,100097656	0,000000000
651,000000000	0,090332031	0,000000000
652,000000000	0,090332031	0,000000000
653,000000000	0,078125000	0,002441406
654,000000000	0,075683594	0,002441406
655,000000000	0,070800781	0,000000000
656,000000000	0,065917969	0,000000000
657,000000000	0,056152344	0,000000000
658,000000000	0,053710937	0,000000000
659,000000000	0,043945312	0,000000000
660,000000000	0,043945312	0,000000000
661,000000000	0,039062500	0,000000000
662,000000000	0,039062500	0,000000000
663,000000000	0,029296875	0,000000000
664,000000000	0,029296875	0,000000000
665,000000000	0,021972656	0,000000000
666,000000000	0,026855469	0,002441406
667,000000000	0,017089844	0,000000000
668,000000000	0,017089844	0,000000000
669,000000000	0,009765625	0,000000000
670,000000000	0,012207031	0,000000000
671,000000000	0,004882812	0,998535156
672,000000000	0,007324219	0,002441406
673,000000000	0,000000000	0,000000000
674,000000000	0,000000000	0,000000000
675,000000000	-0,004882812	0,002441406
676,000000000	-0,004882812	0,002441406
677,000000000	-0,009765625	0,000000000
678,000000000	-0,009765625	0,000000000
679,000000000	-0,017089844	0,002441406
680,000000000	-0,017089844	0,000000000
681,000000000	-0,019531250	0,000000000
682,000000000	-0,014648437	0,000000000
683,000000000	-0,021972656	0,000000000
684,000000000	-0,024414062	0,000000000
685,000000000	-0,024414062	0,000000000
686,000000000	-0,021972656	0,000000000
687,000000000	-0,029296875	0,000000000
688,000000000	-0,026855469	0,000000000
689,000000000	-0,029296875	0,000000000
690,000000000	-0,029296875	0,000000000
691,000000000	-0,034179687	0,000000000
692,000000000	-0,026855469	0,000000000
693,000000000	-0,031738281	0,002441406
694,000000000	-0,029296875	0,000000000
695,000000000	-0,036621094	0,000000000
696,000000000	-0,024414062	0,002441406
697,000000000	-0,034179687	0,000000000
698,000000000	-0,029296875	0,000000000
699,000000000	-0,034179687	0,000000000
700,000000000	-0,029296875	0,002441406
701,000000000	-0,034179687	0,000000000
702,000000000	-0,026855469	0,000000000
703,000000000	-0,034179687	0,002441406
704,000000000	-0,031738281	0,000000000
705,000000000	-0,036621094	0,000000000
706,000000000	-0,034179687	0,000000000
707,000000000	-0,036621094	0,000000000
708,000000000	-0,031738281	0,000000000
709,000000000	-0,034179687	0,998535156
710,000000000	-0,031738281	0,000000000
711,000000000	-0,034179687	0,000000000
712,000000000	-0,034179687	0,000000000
713,000000000	-0,039062500	0,000000000
714,000000000	-0,034179687	0,000000000
715,000000000	-0,034179687	0,000000000
716,000000000	-0,041503906	0,000000000
717,000000000	-0,039062500	0,002441406
718,000000000	-0,034179687	0,002441406
719,000000000	-0,031738281	0,000000000
720,000000000	-0,034179687	0,002441406
721,000000000	-0,034179687	0,002441406
722,000000000	-0,034179687	0,002441406
723,000000000	-0,036621094	0,000000000
724,000000000	-0,034179687	0,000000000
725,000000000	-0,036621094	0,000000000
726,000000000	-0,034179687	0,000000000
727,000000000	-0,036621094	0,000000000
728,000000000	-0,034179687	0,000000000
729,000000000	-0,036621094	0,000000000
730,000000000	-0,034179687	0,002441406
731,000000000	-0,034179687	0,000000000
732,000000000	-0,039062500	0,000000000
733,000000000	-0,034179687	0,000000000
734,000000000	-0,034179687	0,000000000
735,000000000	-0,036621094	0,000000000
736,000000000	-0,034179687	0,000000000
737,000000000	-0,036621094	0,000000000
738,000000000	-0,034179687	0,000000000
739,000000000	-0,036621094	0,002441406
740,000000000	-0,034179687	0,000000000
741,000000000	-0,034179687	0,002441406
742,000000000	-0,034179687	0,000000000
743,000000000	-0,036621094	0,000000000
744,000000000	-0,039062500	0,002441406
745,000000000	-0,036621094	0,000000000
746,000000000	-0,036621094	0,004882812
747,000000000	-0,034179687	0,002441406
748,000000000	-0,036621094	0,000000000
749,000000000	-0,039062500	0,998535156
750,000000000	-0,034179687	0,002441406
751,000000000	-0,036621094	0,002441406
752,000000000	-0,039062500	0,002441406
753,000000000	-0,036621094	0,000000000
754,000000000	-0,034179687	0,000000000
755,000000000	-0,039062500	0,000000000
756,000000000	-0,034179687	0,000000000
757,000000000	-0,036621094	0,000000000
758,000000000	-0,036621094	0,000000000
759,000000000	-0,039062500	0,000000000
760,000000000	-0,036621094	0,000000000
761,000000000	-0,036621094	0,000000000
762,000000000	-0,036621094	0,000000000
763,000000000	-0,031738281	0,002441406
764,000000000	-0,031738281	0,000000000
765,000000000	-0,036621094	0,000000000
766,000000000	-0,034179687	0,000000000
767,000000000	-0,036621094	0,000000000
768,000000000	-0,039062500	0,000000000
769,000000000	-0,039062500	0,000000000
770,000000000	-0,036621094	0,002441406
771,000000000	-0,031738281	0,000000000
772,000000000	-0,036621094	0,000000000
773,000000000	-0,036621094	0,000000000
774,000000000	-0,036621094	0,002441406
775,000000000	-0,039062500	0,000000000
776,000000000	-0,036621094	0,002441406
777,000000000	-0,034179687	0,000000000
778,000000000	-0,039062500	0,000000000
779,000000000	-0,034179687	0,000000000
780,000000000	-0,034179687	0,000000000
781,000000000	-0,034179687	0,002441406
782,000000000	-0,036621094	0,000000000
783,000000000	-0,034179687	0,000000000
784,000000000	-0,039062500	0,000000000
785,000000000	-0,034179687	0,002441406
786,000000000	-0,036621094	0,000000000
787,000000000	-0,031738281	0,002441406
788,000000000	-0,036621094	0,000000000
789,000000000	-0,031738281	0,002441406
790,000000000	-0,039062500	0,000000000
791,000000000	-0,034179687	0,998535156
792,000000000	-0,039062500	0,002441406
793,000000000	-0,034179687	0,000000000
794,000000000	-0,039062500	0,002441406
795,000000000	-0,034179687	0,000000000
796,000000000	-0,039062500	0,000000000
797,000000000	-0,034179687	0,002441406
798,000000000	-0,036621094	0,000000000
799,000000000	-0,031738281	0,000000000
800,000000000	-0,039062500	0,000000000
801,000000000	-0,034179687	0,000000000
802,000000000	-0,036621094	0,000000000
803,000000000	-0,031738281	0,000000000
804,000000000	-0,039062500	0,000000000
805,000000000	-0,031738281	0,000000000
806,000000000	-0,036621094	0,004882812
807,000000000	-0,031738281	0,000000000
808,000000000	-0,036621094	0,002441406
809,000000000	-0,031738281	0,002441406
810,000000000	-0,039062500	0,000000000
811,000000000	-0,034179687	0,000000000
812,000000000	-0,039062500	0,004882812
813,000000000	-0,034179687	0,002441406
814,000000000	-0,039062500	0,000000000
815,000000000	-0,031738281	0,000000000
816,000000000	-0,039062500	0,000000000
817,000000000	-0,031738281	0,000000000
818,000000000	-0,036621094	0,000000000
819,000000000	-0,034179687	0,000000000
820,000000000	-0,036621094	0,000000000
821,000000000	-0,031738281	0,000000000
822,000000000	-0,036621094	0,000000000
823,000000000	-0,026855469	0,000000000
824,000000000	-0,041503906	0,000000000
825,000000000	-0,031738281	0,000000000
826,000000000	-0,039062500	0,000000000
827,000000000	-0,031738281	0,002441406
828,000000000	-0,036621094	0,002441406
829,000000000	-0,034179687	0,000000000
830,000000000	-0,041503906	0,000000000
831,000000000	-0,029296875	0,000000000
832,000000000	-0,036621094	0,000000000
833,000000000	-0,034179687	0,002441406
834,000000000	-0,041503906	0,998535156
835,000000000	-0,036621094	0,002441406
836,000000000	-0,036621094	0,002441406
837,000000000	-0,034179687	0,002441406
838,000000000	-0,036621094	0,000000000
839,000000000	-0,029296875	0,000000000
840,000000000	-0,036621094	0,004882812
841,000000000	-0,034179687	0,002441406
842,000000000	-0,034179687	0,000000000
843,000000000	-0,034179687	0,002441406
844,000000000	-0,036621094	0,000000000
845,000000000	-0,036621094	0,000000000
846,000000000	-0,036621094	0,002441406
847,000000000	-0,034179687	0,000000000
848,000000000	-0,034179687	0,000000000
849,000000000	-0,031738281	0,000000000
850,000000000	-0,036621094	0,002441406
851,000000000	-0,031738281	0,000000000
852,000000000	-0,036621094	0,000000000
853,000000000	-0,029296875	0,002441406
854,000000000	-0,039062500	0,000000000
855,000000000	-0,034179687	0,002441406
856,000000000	-0,036621094	0,002441406
857,000000000	-0,029296875	0,000000000
858,000000000	-0,034179687	0,002441406
859,000000000	-0,034179687	0,000000000
860,000000000	-0,034179687	0,000000000
861,000000000	-0,034179687	0,000000000
862,000000000	-0,034179687	0,000000000
863,000000000	-0,031738281	0,000000000
864,000000000	-0,034179687	0,002441406
865,000000000	-0,034179687	0,000000000
866,000000000	-0,034179687	0,000000000
867,000000000	-0,039062500	0,000000000
868,000000000	-0,034179687	0,004882812
869,000000000	-0,034179687	0,000000000
870,000000000	-0,036621094	0,002441406
871,000000000	-0,034179687	0,000000000
872,000000000	-0,034179687	0,002441406
873,000000000	-0,029296875	0,002441406
874,000000000	-0,034179687	0,000000000
875,000000000	-0,034179687	0,000000000
876,000000000	-0,031738281	0,002441406
877,000000000	-0,031738281	0,002441406
878,000000000	-0,034179687	0,002441406
879,000000000	-0,031738281	0,000000000
880,000000000	-0,031738281	0,998535156
881,000000000	-0,036621094	0,000000000
882,000000000	-0,031738281	0,002441406
883,000000000	-0,034179687	0,000000000
884,000000000	-0,026855469	0,000000000
885,000000000	-0,036621094	0,000000000
886,000000000	-0,034179687	0,000000000
887,000000000	-0,031738281	0,000000000
888,000000000	-0,029296875	0,000000000
889,000000000	-0,034179687	0,000000000
890,000000000	-0,036621094	0,000000000
891,000000000	-0,034179687	0,000000000
892,000000000	-0,031738281	0,000000000
893,000000000	-0,034179687	0,002441406
894,000000000	-0,029296875	0,000000000
895,000000000	-0,029296875	0,000000000
896,000000000	-0,029296875	0,000000000
897,000000000	-0,034179687	0,000000000
898,000000000	-0,026855469	0,000000000
899,000000000	-0,034179687	0,000000000
900,000000000	-0,026855469	0,002441406
901,000000000	-0,031738281	0,000000000
902,000000000	-0,026855469	0,002441406
903,000000000	-0,031738281	0,000000000
904,000000000	-0,029296875	0,000000000
905,000000000	-0,029296875	0,002441406
906,000000000	-0,021972656	0,002441406
907,000000000	-0,029296875	0,000000000
908,000000000	-0,024414062	0,000000000
909,000000000	-0,034179687	0,000000000
910,000000000	-0,024414062	0,000000000
911,000000000	-0,029296875	0,002441406
912,000000000	-0,024414062	0,000000000
913,000000000	-0,031738281	0,000000000
914,000000000	-0,024414062	0,000000000
915,000000000	-0,029296875	0,002441406
916,000000000	-0,024414062	0,000000000
917,000000000	-0,029296875	0,000000000
918,000000000	-0,024414062	0,000000000
919,000000000	-0,031738281	0,002441406
920,000000000	-0,026855469	0,000000000
921,000000000	-0,029296875	0,002441406
922,000000000	-0,019531250	0,000000000
923,000000000	-0,026855469	0,000000000
924,000000000	-0,021972656	0,000000000
925,000000000	-0,026855469	0,002441406
926,000000000	-0,024414062	0,002441406
927,000000000	-0,026855469	0,000000000
928,000000000	-0,021972656	0,000000000
929,000000000	-0,024414062	0,998535156
930,000000000	-0,021972656	0,000000000
931,000000000	-0,024414062	0,002441406
932,000000000	-0,021972656	0,000000000
933,000000000	-0,024414062	0,000000000
934,000000000	-0,024414062	0,002441406
935,000000000	-0,029296875	0,000000000
936,000000000	-0,021972656	0,000000000
937,000000000	-0,026855469	0,000000000
938,000000000	-0,021972656	0,000000000
939,000000000	-0,024414062	0,000000000
940,000000000	-0,019531250	0,000000000
941,000000000	-0,029296875	0,000000000
942,000000000	-0,021972656	0,000000000
943,000000000	-0,024414062	0,000000000
944,000000000	-0,021972656	0,002441406
945,000000000	-0,024414062	0,002441406
946,000000000	-0,019531250	0,000000000
947,000000000	-0,024414062	0,000000000
948,000000000	-0,019531250	0,000000000
949,000000000	-0,024414062	0,000000000
950,000000000	-0,017089844	0,000000000
951,000000000	-0,026855469	0,000000000
952,000000000	-0,019531250	0,002441406
953,000000000	-0,024414062	0,000000000
954,000000000	-0,019531250	0,002441406
955,000000000	-0,024414062	0,000000000
956,000000000	-0,019531250	0,002441406
957,000000000	-0,024414062	0,002441406
958,000000000	-0,017089844	0,000000000
959,000000000	-0,024414062	0,000000000
960,000000000	-0,019531250	0,000000000
961,000000000	-0,024414062	0,002441406
962,000000000	-0,017089844	0,002441406
963,000000000	-0,024414062	0,000000000
964,000000000	-0,017089844	0,000000000
965,000000000	-0,021972656	0,000000000
966,000000000	-0,017089844	0,000000000
967,000000000	-0,021972656	0,000000000
968,000000000	-0,017089844	0,002441406
969,000000000	-0,021972656	0,002441406
970,000000000	-0,019531250	0,000000000
971,000000000	-0,024414062	0,002441406
972,000000000	-0,024414062	0,000000000
973,000000000	-0,021972656	0,000000000
974,000000000	-0,021972656	0,000000000
975,000000000	-0,019531250	0,000000000
976,000000000	-0,021972656	0,000000000
977,000000000	-0,024414062	0,002441406
978,000000000	-0,024414062	0,000000000
979,000000000	-0,021972656	0,002441406
980,000000000	-0,024414062	0,000000000
981,000000000	-0,021972656	0,002441406
982,000000000	-0,021972656	0,998535156
983,000000000	-0,021972656	0,000000000
984,000000000	-0,021972656	0,002441406
985,000000000	-0,021972656	0,002441406
986,000000000	-0,021972656	0,002441406
987,000000000	-0,019531250	0,000000000
988,000000000	-0,021972656	0,000000000
989,000000000	-0,021972656	0,000000000
990,000000000	-0,021972656	0,000000000
991,000000000	-0,021972656	0,002441406
992,000000000	-0,017089844	0,000000000
993,000000000	-0,017089844	0,000000000
994,000000000	-0,024414062	0,000000000
995,000000000	-0,019531250	0,000000000
996,000000000	-0,021972656	0,000000000
997,000000000	-0,021972656	0,002441406
998,000000000	-0,021972656	0,000000000
