1500.000000000 0.092773437
1505.454944417 0.095214844
1511.444444623 0.090332031
1517.963858020 0.095214844
1525.008542012 0.100097656
1532.573854000 0.102539062
1540.655151387 0.109863281
1549.247791575 0.114746094
1558.347131968 0.117187500
1567.948529967 0.129394531
1578.047342975 0.134277344
1588.638928395 0.141601562
1599.718643628 0.146484375
1611.281846079 0.156250000
1623.323893148 0.163574219
1635.840142240 0.173339844
1648.825950755 0.180664062
1662.276676097 0.187988281
1676.187675668 0.195312500
1690.554306871 0.205078125
1705.371927108 0.214843750
1720.635893782 0.224609375
1736.341564295 0.236816406
1752.484296049 0.251464844
1769.059446448 0.261230469
1786.062372894 0.275878906
1803.488432789 0.283203125
1821.332983536 0.295410156
1839.591382537 0.310058594
1858.258987194 0.327148437
1877.331154911 0.334472656
1896.803243090 0.354003906
1916.670609134 0.371093750
1936.928610444 0.388183594
1957.572604423 0.405273437
1978.597948474 0.432128906
2000.000000000 0.446777344
2021.774116403 0.471191406
2043.915655084 0.490722656
2066.419973448 0.520019531
2089.282428897 0.541992187
2112.498378832 0.573730469
2136.063180656 0.603027344
2159.972191773 0.632324219
2184.220769584 0.656738281
2208.804271492 0.698242187
2233.718054900 0.725097656
2258.957477209 0.759277344
2284.517895823 0.793457031
2310.394668145 0.827636719
2336.583151575 0.854492187
2363.078703518 0.891113281
2389.876681375 0.917968750
2416.972442549 0.947265625
2444.361344443 0.981445312
2472.038744459 1.008300781
2500.000000000 1.032714844
2528.244815128 1.059570312
2556.790280546 1.076660156
2585.657833616 1.103515625
2614.868911702 1.123046875
2644.444952166 1.145019531
2674.407392371 1.159667969
2704.777669681 1.176757812
2735.577221457 1.188964844
2766.827485062 1.198730469
2798.549897860 1.213378906
2830.765897212 1.228027344
2863.496920483 1.242675781
2896.764405034 1.262207031
2930.589788229 1.276855469
2964.994507430 1.303710937
3000.000000000 1.325683594
3035.618829483 1.357421875
3071.828064147 1.384277344
3108.595898443 1.420898437
3145.890526819 1.455078125
3183.680143725 1.496582031
3221.932943610 1.533203125
3260.617120925 1.577148437
3299.700870118 1.618652344
3339.152385640 1.667480469
3378.939861939 1.711425781
3419.031493466 1.755371094
3459.395474670 1.799316406
3500.000000000 1.840820312
3540.816481773 1.884765625
3581.829203776 1.928710937
3623.025667660 1.967773437
3664.393375078 2.011718750
3705.919827683 2.041015625
3747.592527129 2.070312500
3789.398975067 2.089843750
3831.326673151 2.109375000
3873.363123034 2.116699219
3915.495826368 2.124023437
3957.712284805 2.121582031
4000.000000000 2.126464844
4042.341577070 2.114257812
4084.700034998 2.109375000
4127.033496231 2.087402344
4169.300083218 2.075195312
4211.457918407 2.048339844
4253.465124245 2.021484375
4295.279823180 1.992187500
4336.860137661 1.955566406
4378.164190136 1.911621094
4419.150103052 1.875000000
4459.775998857 1.831054687
4500.000000000 1.799316406
4539.795119545 1.760253906
4579.193933026 1.730957031
4618.243906592 1.701660156
4656.992506394 1.674804687
4695.487198583 1.647949219
4733.775449307 1.628417969
4771.904724717 1.608886719
4809.922490964 1.586914062
4847.876214198 1.569824219
4885.813360568 1.555175781
4923.781396225 1.538085937
4961.827787319 1.525878906
5000.000000000 1.503906250
5038.332170592 1.489257812
5076.805116117 1.477050781
5115.386323767 1.464843750
5154.043280738 1.450195312
5192.743474225 1.437988281
5231.454391421 1.418457031
5270.143519521 1.406250000
5308.778345720 1.384277344
5347.326357212 1.367187500
5385.755041191 1.340332031
5424.031884853 1.308593750
5462.124375391 1.276855469
5500.000000000 1.245117187
5537.630152343 1.206054687
5575.001851956 1.174316406
5612.106024843 1.132812500
5648.933597009 1.093750000
5685.475494459 1.049804687
5721.722643197 1.018066406
5757.665969227 0.976562500
5793.296398554 0.937500000
5828.604857182 0.893554687
5863.582271116 0.854492187
5898.219566360 0.812988281
5932.507668919 0.776367187
5966.437504798 0.742187500
6000.000000000 0.705566406
6033.191051915 0.666503906
6066.026443466 0.637207031
6098.526928964 0.605468750
6130.713262716 0.573730469
6162.606199031 0.546875000
6194.226492219 0.527343750
6225.594896587 0.493164062
6256.732166446 0.473632812
6287.659056103 0.451660156
6318.396319867 0.437011719
6348.964712048 0.417480469
6379.384986953 0.402832031
6409.677898892 0.385742187
6439.864202174 0.380859375
6469.964651107 0.363769531
6500.000000000 0.358886719
6529.986779358 0.346679687
6559.924624468 0.336914062
6589.808946813 0.329589844
6619.635157877 0.319824219
6649.398669143 0.314941406
6679.094892094 0.305175781
6708.719238214 0.292968750
6738.267118986 0.292968750
6767.733945892 0.283203125
6797.115130417 0.285644531
6826.406084044 0.268554687
6855.602218255 0.275878906
6884.698944535 0.266113281
6913.691674366 0.266113281
6942.575819231 0.261230469
6971.346790615 0.258789062
7000.000000000 0.258789062
7028.532506750 0.256347656
7056.947961754 0.258789062
7085.251663782 0.256347656
7113.448911601 0.258789062
7141.545003981 0.263671875
7169.545239692 0.261230469
7197.454917503 0.266113281
7225.279336183 0.266113281
7253.023794501 0.270996094
7280.693591226 0.270996094
7308.294025128 0.283203125
7335.830394976 0.283203125
7363.307999539 0.285644531
7390.732137586 0.288085937
7418.108107886 0.295410156
7445.441209209 0.295410156
7472.736740324 0.297851562
7500.000000000 0.302734375
7527.233528919 0.302734375
7554.428835410 0.302734375
7581.574669719 0.307617187
7608.659782086 0.305175781
7635.672922756 0.307617187
7662.602841972 0.312500000
7689.438289976 0.317382812
7716.168017012 0.314941406
7742.780773322 0.314941406
7769.265309150 0.314941406
7795.610374739 0.314941406
7821.804720331 0.317382812
7847.837096171 0.314941406
7873.696252500 0.317382812
7899.370939562 0.317382812
7924.849907600 0.317382812
7950.121906857 0.314941406
7975.175687576 0.314941406
8000.000000000 0.314941406
8024.589168277 0.314941406
8048.959812176 0.307617187
8073.134125370 0.310058594
8097.134301532 0.312500000
8120.982534336 0.312500000
8144.701017456 0.307617187
8168.311944564 0.300292969
8191.837509334 0.300292969
8215.299905439 0.300292969
8238.721326554 0.295410156
8262.123966351 0.295410156
8285.530018503 0.290527344
8308.961676685 0.290527344
8332.441134569 0.285644531
8355.990585830 0.285644531
8379.632224140 0.283203125
8403.388243172 0.278320312
8427.280836601 0.283203125
8451.332198100 0.278320312
8475.564521342 0.275878906
8500.000000000 0.270996094
8524.652633940 0.273437500
8549.503647792 0.270996094
8574.526072380 0.263671875
8599.692938526 0.266113281
8624.977277052 0.258789062
8650.352118781 0.258789062
8675.790494536 0.251464844
8701.265435139 0.256347656
8726.749971414 0.251464844
8752.217134182 0.251464844
8777.639954267 0.244140625
8802.991462491 0.244140625
8828.244689676 0.239257812
8853.372666645 0.239257812
8878.348424222 0.234375000
8903.144993228 0.231933594
8927.735404486 0.227050781
8952.092688819 0.231933594
8976.189877049 0.222167969
9000.000000000 0.219726562
9023.503783595 0.217285156
9046.712734162 0.217285156
9069.646053133 0.217285156
9092.322941938 0.214843750
9114.762602007 0.209960937
9136.984234771 0.212402344
9159.007041659 0.202636719
9180.850224102 0.202636719
9202.532983531 0.195312500
9224.074521375 0.197753906
9245.494039066 0.192871094
9266.810738033 0.200195312
9288.043819708 0.187988281
9309.212485519 0.192871094
9330.335936898 0.185546875
9351.433375274 0.187988281
9372.524002079 0.185546875
9393.627018743 0.187988281
9414.761626695 0.175781250
9435.947027367 0.180664062
9457.202422188 0.175781250
9478.547012589 0.175781250
9500.000000000 0.166015625
9521.575038094 0.173339844
9543.263589508 0.166015625
9565.051569125 0.175781250
9586.924891824 0.166015625
9608.869472486 0.170898437
9630.871225992 0.158691406
9652.916067223 0.166015625
9674.989911058 0.156250000
9697.078672378 0.161132812
9719.168266065 0.153808594
9741.244606999 0.156250000
9763.293610060 0.146484375
9785.301190129 0.151367187
9807.253262087 0.146484375
9829.135740814 0.146484375
9850.934541191 0.144042969
9872.635578099 0.146484375
9894.224766418 0.141601562
9915.688021028 0.144042969
9937.011256811 0.129394531
9958.180388647 0.139160156
9979.181331416 0.129394531
10000.000000000 0.134277344
10020.626225739 0.122070312
10041.065505815 0.126953125
10061.327253872 0.122070312
10081.420883552 0.126953125
10101.355808498 0.122070312
10121.141442352 0.124511719
10140.787198757 0.114746094
10160.302491356 0.122070312
10179.696733792 0.114746094
10198.979339707 0.119628906
10218.159722744 0.112304687
10237.247296546 0.112304687
10256.251474756 0.107421875
10275.181671016 0.112304687
10294.047298968 0.109863281
10312.857772257 0.107421875
10331.622504523 0.104980469
10350.350909411 0.107421875
10369.052400563 0.100097656
10387.736391621 0.104980469
10406.412296228 0.097656250
10425.089528028 0.100097656
10443.777500662 0.095214844
10462.485627774 0.097656250
10481.223323005 0.090332031
10500.000000000 0.095214844
10518.823211038 0.090332031
10537.693062955 0.092773437
10556.607801221 0.090332031
10575.565671309 0.092773437
10594.564918692 0.080566406
10613.603788841 0.085449219
10632.680527230 0.085449219
10651.793379329 0.085449219
10670.940590611 0.078125000
10690.120406549 0.080566406
10709.331072614 0.078125000
10728.570834279 0.083007812
10747.837937016 0.078125000
10767.130626297 0.080566406
10786.447147595 0.075683594
10805.785746381 0.078125000
10825.144668128 0.073242187
10844.522158308 0.073242187
10863.916462394 0.070800781
10883.325825856 0.075683594
10902.748494168 0.070800781
10922.182712802 0.070800781
10941.626727230 0.073242187
10961.078782924 0.073242187
10980.537125357 0.068359375
11000.000000000 0.068359375
11019.465545492 0.065917969
11038.931473135 0.065917969
11058.395387398 0.065917969
11077.854892749 0.065917969
11097.307593657 0.065917969
11116.751094590 0.063476562
11136.183000017 0.063476562
11155.600914406 0.063476562
11175.002442225 0.058593750
11194.385187944 0.056152344
11213.746756030 0.061035156
11233.084750952 0.056152344
11252.396777179 0.058593750
11271.680439179 0.056152344
11290.933341420 0.058593750
11310.153088372 0.058593750
11329.337284502 0.058593750
11348.483534278 0.056152344
11367.589442171 0.056152344
11386.652612647 0.056152344
11405.670650175 0.053710937
11424.641159224 0.056152344
11443.561744263 0.051269531
11462.430009760 0.051269531
11481.243560182 0.051269531
11500.000000000 0.048828125
11518.697285924 0.048828125
11537.334783641 0.043945312
11555.912211080 0.053710937
11574.429286170 0.048828125
11592.885726841 0.043945312
11611.281251022 0.039062500
11629.615576642 0.051269531
11647.888421631 0.043945312
11666.099503917 0.048828125
11684.248541431 0.041503906
11702.335252102 0.039062500
11720.359353858 0.041503906
11738.320564630 0.043945312
11756.218602347 0.039062500
11774.053184938 0.039062500
11791.824030332 0.036621094
11809.530856458 0.041503906
11827.173381247 0.041503906
11844.751322627 0.039062500
11862.264398528 0.039062500
11879.712326879 0.039062500
11897.094825609 0.036621094
11914.411612648 0.036621094
11931.662405925 0.034179687
11948.846923369 0.036621094
11965.964882910 0.031738281
11983.016002477 0.036621094
12000.000000000 0.031738281
12016.916872941 0.034179687
12033.767736898 0.031738281
12050.553987004 0.034179687
12067.277018388 0.029296875
12083.938226184 0.029296875
12100.539005521 0.031738281
12117.080751533 0.031738281
12133.564859351 0.026855469
12149.992724105 0.029296875
12166.365740928 0.026855469
12182.685304951 0.031738281
12198.952811306 0.021972656
12215.169655124 0.031738281
12231.337231536 0.024414062
12247.456935675 0.031738281
12263.530162672 0.019531250
12279.558307658 0.026855469
12295.542765765 0.024414062
12311.484932124 0.029296875
12327.386201867 0.021972656
12343.247970126 0.026855469
12359.071632031 0.024414062
12374.858582715 0.026855469
12390.610217310 0.024414062
12406.327930945 0.024414062
12422.013118754 0.019531250
12437.667175868 0.026855469
12453.291497418 0.019531250
12468.887478535 0.024414062
12484.456514352 0.014648437
12500.000000000 0.021972656
12515.519567136 0.017089844
12531.017793521 0.021972656
12546.497493443 0.014648437
12561.961481189 0.021972656
12577.412571045 0.017089844
12592.853577299 0.019531250
12608.287314238 0.019531250
12623.716596149 0.021972656
12639.144237318 0.014648437
12654.573052034 0.021972656
12670.005854583 0.012207031
12685.445459253 0.017089844
12700.894680329 0.007324219
12716.356332100 0.017089844
12731.833228853 0.014648437
12747.328184874 0.014648437
12762.844014451 0.009765625
12778.383531871 0.014648437
12793.949551420 0.009765625
12809.544887386 0.014648437
12825.172354057 0.009765625
12840.834765718 0.014648437
12856.534936658 0.009765625
12872.275681163 0.012207031
12888.059813520 0.007324219
12903.890148016 0.012207031
12919.769498939 0.007324219
12935.700680576 0.012207031
12951.686507213 0.007324219
12967.729793138 0.009765625
12983.833352638 0.007324219
13000.000000000 0.012207031
13016.230944583 0.009765625
13032.520976037 0.012207031
13048.863279082 0.009765625
13065.251038442 0.004882812
13081.677438836 0.004882812
13098.135664986 0.009765625
13114.618901615 0.007324219
13131.120333443 0.009765625
13147.633145192 0.004882812
13164.150521584 0.004882812
13180.665647339 0.009765625
13197.171707180 0.004882812
13213.661885828 0.004882812
13230.129368005 0.009765625
13246.567338432 0.007324219
13262.968981830 0.009765625
13279.327482921 0.004882812
13295.636026426 0.007324219
13311.887797068 0.007324219
13328.075979567 0.007324219
13344.193758645 0.004882812
13360.234319023 0.002441406
13376.190845424 0.004882812
13392.056522568 0.002441406
13407.824535177 0.000000000
13423.488067972 0.004882812
13439.040305676 0.002441406
13454.474433009 0.004882812
13469.783634693 0.002441406
13484.961095449 0.004882812
13500.000000000 0.000000000
13514.895855845 0.002441406
13529.653461598 0.002441406
13544.279938653 0.000000000
13558.782408403 0.002441406
13573.167992241 0.004882812
13587.443811561 0.002441406
13601.616987755 0.002441406
13615.694642216 0.000000000
13629.683896338 0.002441406
13643.591871515 0.000000000
13657.425689138 0.004882812
13671.192470601 -0.002441406
13684.899337298 0.002441406
13698.553410622 0.002441406
13712.161811965 -0.002441406
13725.731662721 0.000000000
13739.270084283 0.002441406
13752.784198044 -0.002441406
13766.281125397 0.002441406
13779.767987736 0.007324219
13793.251906454 0.000000000
13806.740002943 -0.002441406
13820.239398597 -0.004882812
13833.757214810 -0.002441406
13847.300572973 0.002441406
13860.876594482 -0.004882812
13874.492400727 -0.002441406
13888.155113104 -0.004882812
13901.871853004 -0.002441406
13915.649741821 -0.002441406
13929.495900949 -0.004882812
13943.417451780 -0.004882812
13957.421515707 -0.002441406
13971.515214124 -0.002441406
13985.705668424 -0.004882812
14000.000000000 -0.002441406
14014.403198804 -0.004882812
14028.911729021 -0.004882812
14043.519923396 -0.002441406
14058.222114673 -0.002441406
14073.012635596 -0.004882812
14087.885818911 -0.002441406
14102.835997361 -0.007324219
14117.857503690 -0.002441406
14132.944670643 -0.004882812
14148.091830965 -0.004882812
14163.293317399 -0.004882812
14178.543462690 -0.002441406
14193.836599582 -0.004882812
14209.167060820 -0.002441406
14224.529179148 -0.007324219
14239.917287311 -0.007324219
14255.325718052 -0.007324219
14270.748804116 -0.002441406
14286.180878248 -0.007324219
14301.616273191 -0.004882812
14317.049321690 -0.007324219
14332.474356490 -0.007324219
14347.885710335 -0.007324219
14363.277715968 -0.004882812
14378.644706136 -0.009765625
14393.981013581 -0.002441406
14409.280971048 -0.007324219
14424.538911281 -0.004882812
14439.749167026 -0.009765625
14454.906071026 -0.004882812
14470.003956025 -0.009765625
14485.037154768 -0.009765625
14500.000000000 -0.009765625
14514.888024781 -0.007324219
14529.701563439 -0.014648437
14544.442150620 -0.007324219
14559.111320969 -0.012207031
14573.710609130 -0.007324219
14588.241549748 -0.012207031
14602.705677469 -0.007324219
14617.104526937 -0.014648437
14631.439632797 -0.009765625
14645.712529695 -0.014648437
14659.924752274 -0.009765625
14674.077835181 -0.014648437
14688.173313060 -0.009765625
14702.212720557 -0.014648437
14716.197592315 -0.012207031
14730.129462980 -0.017089844
14744.009867197 -0.009765625
14757.840339611 -0.014648437
14771.622414868 -0.009765625
14785.357627611 -0.017089844
14799.047512485 -0.009765625
14812.693604137 -0.014648437
14826.297437210 -0.012207031
14839.860546350 -0.014648437
14853.384466202 -0.009765625
14866.870731410 -0.014648437
14880.320876620 -0.012207031
14893.736436477 -0.017089844
14907.118945625 -0.012207031
14920.469938709 -0.014648437
14933.790950375 -0.012207031
14947.083515267 -0.019531250
14960.349168031 -0.009765625
14973.589443311 -0.017089844
14986.805875752 -0.012207031
15000.000000000 -0.019531250
15013.173122614 -0.014648437
15026.325637814 -0.021972656
15039.457711737 -0.014648437
15052.569510516 -0.019531250
15065.661200289 -0.014648437
15078.732947190 -0.024414062
15091.784917354 -0.014648437
15104.817276918 -0.019531250
15117.830192015 -0.017089844
15130.823828783 -0.019531250
15143.798353356 -0.014648437
15156.753931869 -0.021972656
15169.690730458 -0.014648437
15182.608915259 -0.019531250
15195.508652406 -0.014648437
15208.390108036 -0.021972656
15221.253448283 -0.012207031
15234.098839283 -0.017089844
15246.926447171 -0.014648437
15259.736438083 -0.014648437
15272.528978154 -0.014648437
15285.304233520 -0.017089844
15298.062370316 -0.012207031
15310.803554677 -0.014648437
15323.527952738 -0.014648437
15336.235730636 -0.019531250
15348.927054505 -0.014648437
15361.602090482 -0.019531250
15374.261004700 -0.017089844
15386.903963297 -0.019531250
15399.531132406 -0.017089844
15412.142678164 -0.019531250
15424.738766706 -0.012207031
15437.319564167 -0.021972656
15449.885236682 -0.014648437
15462.435950388 -0.019531250
15474.971871419 -0.014648437
15487.493165912 -0.024414062
15500.000000000 -0.014648437
15512.492691022 -0.019531250
15524.972161124 -0.014648437
15537.439483653 -0.019531250
15549.895731958 -0.017089844
15562.341979385 -0.019531250
15574.779299284 -0.014648437
15587.208765002 -0.021972656
15599.631449886 -0.014648437
15612.048427285 -0.021972656
15624.460770547 -0.014648437
15636.869553020 -0.019531250
15649.275848050 -0.014648437
15661.680728987 -0.017089844
15674.085269178 -0.014648437
15686.490541971 -0.017089844
15698.897620714 -0.014648437
15711.307578755 -0.019531250
15723.721489441 -0.017089844
15736.140426121 -0.021972656
15748.565462142 -0.012207031
15760.997670853 -0.019531250
15773.438125601 -0.017089844
15785.887899733 -0.019531250
15798.348066599 -0.017089844
15810.819699546 -0.019531250
15823.303871921 -0.017089844
15835.801657073 -0.021972656
15848.314128349 -0.014648437
15860.842359097 -0.021972656
15873.387422666 -0.014648437
15885.950392403 -0.017089844
15898.532341656 -0.019531250
15911.134343773 -0.017089844
15923.757472101 -0.014648437
15936.402799989 -0.017089844
15949.071400785 -0.014648437
15961.764347836 -0.017089844
15974.482714490 -0.012207031
15987.227574096 -0.017089844
16000.000000000 -0.014648437
16012.800541803 -0.017089844
16025.627654113 -0.017089844
16038.479267788 -0.017089844
16051.353313689 -0.014648437
16064.247722674 -0.014648437
16077.160425604 -0.017089844
16090.089353337 -0.017089844
16103.032436733 -0.019531250
16115.987606652 -0.017089844
16128.952793952 -0.019531250
16141.925929494 -0.017089844
16154.904944137 -0.014648437
16167.887768739 -0.017089844
16180.872334162 -0.017089844
16193.856571264 -0.019531250
16206.838410904 -0.017089844
16219.815783942 -0.014648437
16232.786621238 -0.017089844
16245.748853651 -0.014648437
16258.700412040 -0.017089844
16271.639227265 -0.014648437
16284.563230185 -0.019531250
16297.470351659 -0.017089844
16310.358522548 -0.017089844
16323.225673711 -0.017089844
16336.069736006 -0.019531250
16348.888640294 -0.014648437
16361.680317434 -0.014648437
16374.442698285 -0.017089844
16387.173713707 -0.019531250
16399.871294560 -0.019531250
16412.533371702 -0.019531250
16425.157875993 -0.014648437
16437.742738292 -0.019531250
16450.285889460 -0.014648437
16462.785260355 -0.021972656
16475.238781837 -0.017089844
16487.644384766 -0.014648437
16500.000000000 -0.019531250
16512.304128890 -0.021972656
16524.557554750 -0.012207031
16536.761631382 -0.021972656
16548.917712592 -0.017089844
16561.027152183 -0.024414062
16573.091303958 -0.017089844
16585.111521723 -0.021972656
16597.089159281 -0.017089844
16609.025570435 -0.024414062
16620.922108990 -0.014648437
16632.780128750 -0.024414062
16644.600983519 -0.014648437
16656.386027100 -0.024414062
16668.136613298 -0.017089844
16679.854095916 -0.019531250
16691.539828759 -0.017089844
16703.195165630 -0.019531250
16714.821460334 -0.012207031
16726.420066674 -0.019531250
16737.992338454 -0.017089844
16749.539629478 -0.021972656
16761.063293551 -0.021972656
16772.564684476 -0.021972656
16784.045156057 -0.014648437
16795.506062097 -0.024414062
16806.948756402 -0.017089844
16818.374592775 -0.021972656
16829.784925020 -0.021972656
16841.181106940 -0.021972656
16852.564492341 -0.017089844
16863.936435025 -0.024414062
16875.298288796 -0.017089844
16886.651407459 -0.019531250
16897.997144818 -0.017089844
16909.336854677 -0.021972656
16920.671890838 -0.017089844
16932.003607108 -0.024414062
16943.333357288 -0.017089844
16954.662495184 -0.021972656
16965.992374599 -0.019531250
16977.324349338 -0.024414062
16988.659773203 -0.014648437
17000.000000000 -0.021972656
17011.346098553 -0.019531250
17022.697997773 -0.019531250
17034.055341592 -0.019531250
17045.417773941 -0.021972656
17056.784938752 -0.014648437
17068.156479957 -0.021972656
17079.532041489 -0.019531250
17090.911267278 -0.021972656
17102.293801256 -0.019531250
17113.679287356 -0.019531250
17125.067369509 -0.017089844
17136.457691646 -0.017089844
17147.849897701 -0.024414062
17159.243631604 -0.021972656
17170.638537287 -0.017089844
17182.034258683 -0.021972656
17193.430439722 -0.019531250
17204.826724337 -0.021972656
17216.222756460 -0.019531250
17227.618180022 -0.019531250
17239.012638955 -0.017089844
17250.405777191 -0.017089844
17261.797238662 -0.021972656
17273.186667299 -0.019531250
17284.573707035 -0.021972656
17295.958001800 -0.021972656
17307.339195528 -0.019531250
17318.716932150 -0.017089844
17330.090855597 -0.017089844
17341.460609802 -0.019531250
17352.825838695 -0.021972656
17364.186186210 -0.024414062
17375.541296277 -0.021972656
17386.890812830 -0.019531250
17398.234379798 -0.021972656
17409.571641115 -0.019531250
17420.902240711 -0.024414062
17432.225822520 -0.017089844
17443.542030472 -0.021972656
17454.850508500 -0.021972656
17466.150900534 -0.021972656
17477.442850508 -0.021972656
17488.726002353 -0.019531250
17500.000000000 -0.019531250
17511.264574277 -0.021972656
17522.519803593 -0.017089844
17533.765853252 -0.024414062
17545.002888559 -0.017089844
17556.231074817 -0.024414062
17567.450577332 -0.021972656
17578.661561408 -0.024414062
17589.864192349 -0.017089844
17601.058635459 -0.021972656
17612.245056043 -0.019531250
17623.423619405 -0.024414062
17634.594490850 -0.021972656
17645.757835682 -0.024414062
17656.913819205 -0.017089844
17668.062606724 -0.024414062
17679.204363542 -0.019531250
17690.339254966 -0.024414062
17701.467446298 -0.021972656
17712.589102843 -0.024414062
17723.704389906 -0.019531250
17734.813472791 -0.024414062
17745.916516803 -0.021972656
17757.013687245 -0.024414062
17768.105149422 -0.017089844
17779.191068638 -0.021972656
17790.271610199 -0.017089844
17801.346939407 -0.026855469
17812.417221569 -0.019531250
17823.482621987 -0.024414062
17834.543305967 -0.019531250
17845.599438812 -0.024414062
17856.651185827 -0.014648437
17867.698712317 -0.021972656
17878.742183586 -0.019531250
17889.781764938 -0.019531250
17900.817621678 -0.021972656
17911.849919110 -0.021972656
17922.878822538 -0.019531250
17933.904497266 -0.024414062
17944.927108600 -0.012207031
17955.946821844 -0.024414062
17966.963802301 -0.019531250
17977.978215277 -0.024414062
17988.990226075 -0.019531250
18000.000000000 -0.024414062
18011.007631564 -0.019531250
18022.012932110 -0.024414062
18033.015642188 -0.021972656
18044.015502347 -0.024414062
18055.012253139 -0.021972656
18066.005635113 -0.024414062
18076.995388820 -0.017089844
18087.981254810 -0.021972656
18098.962973632 -0.017089844
18109.940285838 -0.024414062
18120.912931977 -0.019531250
18131.880652600 -0.024414062
18142.843188257 -0.019531250
18153.800279498 -0.024414062
18164.751666873 -0.024414062
18175.697090933 -0.029296875
18186.636292227 -0.019531250
18197.569011306 -0.021972656
18208.494988720 -0.017089844
18219.413965019 -0.026855469
18230.325680754 -0.019531250
18241.229876474 -0.021972656
18252.126292731 -0.017089844
18263.014670073 -0.024414062
18273.894749052 -0.019531250
18284.766270217 -0.026855469
18295.628974119 -0.019531250
18306.482601308 -0.029296875
18317.326892334 -0.021972656
18328.161587747 -0.024414062
18338.986428098 -0.019531250
18349.801153936 -0.026855469
18360.605505813 -0.019531250
18371.399224277 -0.024414062
18382.182049880 -0.021972656
18392.953723172 -0.021972656
18403.713984702 -0.024414062
18414.462575021 -0.024414062
18425.199234679 -0.017089844
18435.923704227 -0.021972656
18446.635724214 -0.024414062
18457.335035191 -0.024414062
18468.021377708 -0.021972656
18478.694492315 -0.024414062
18489.354119562 -0.021972656
18500.000000000 -0.024414062
18510.631966855 -0.024414062
18521.250224055 -0.024414062
18531.855068206 -0.021972656
18542.446795914 -0.024414062
18553.025703782 -0.024414062
18563.592088416 -0.024414062
18574.146246421 -0.024414062
18584.688474403 -0.024414062
18595.219068965 -0.021972656
18605.738326714 -0.024414062
18616.246544254 -0.024414062
18626.744018190 -0.024414062
18637.231045128 -0.019531250
18647.707921672 -0.024414062
18658.174944427 -0.021972656
18668.632409999 -0.021972656
18679.080614992 -0.021972656
18689.519856013 -0.024414062
18699.950429664 -0.024414062
18710.372632552 -0.021972656
18720.786761282 -0.021972656
18731.193112459 -0.026855469
18741.591982688 -0.024414062
18751.983668573 -0.024414062
18762.368466721 -0.024414062
18772.746673735 -0.021972656
18783.118586221 -0.024414062
18793.484500784 -0.021972656
18803.844714030 -0.019531250
18814.199522562 -0.021972656
18824.549222987 -0.024414062
18834.894111909 -0.021972656
18845.234485933 -0.024414062
18855.570641665 -0.021972656
18865.902875709 -0.021972656
18876.231484670 -0.017089844
18886.556765154 -0.026855469
18896.879013765 -0.019531250
18907.198527109 -0.024414062
18917.515601790 -0.026855469
18927.830534414 -0.024414062
18938.143621586 -0.024414062
18948.455159910 -0.024414062
18958.765445992 -0.021972656
18969.074776437 -0.024414062
18979.383447850 -0.021972656
18989.691756836 -0.024414062
19000.000000000 -0.021972656
19010.308473947 -0.021972656
19020.617475282 -0.021972656
19030.927300610 -0.026855469
19041.238246536 -0.024414062
19051.550609665 -0.024414062
19061.864686603 -0.024414062
19072.180773954 -0.026855469
19082.499168323 -0.021972656
19092.820166316 -0.026855469
19103.144064537 -0.024414062
19113.471159591 -0.024414062
19123.801748084 -0.024414062
19134.136126621 -0.026855469
19144.474591806 -0.021972656
19154.817440245 -0.024414062
19165.164968542 -0.024414062
19175.517473304 -0.024414062
19185.875251134 -0.021972656
19196.238598638 -0.026855469
19206.607812421 -0.021972656
19216.983189088 -0.029296875
19227.365025244 -0.024414062
19237.753617493 -0.026855469
19248.149262442 -0.021972656
19258.552256695 -0.026855469
19268.962896858 -0.024414062
19279.381479534 -0.026855469
19289.808301330 -0.021972656
19300.243658850 -0.029296875
19310.687848699 -0.021972656
19321.141167483 -0.024414062
19331.603911806 -0.019531250
19342.076378274 -0.026855469
19352.558863492 -0.021972656
19363.051664063 -0.026855469
19373.555076595 -0.024414062
19384.069397691 -0.026855469
19394.594923957 -0.021972656
19405.131951998 -0.024414062
19415.680778419 -0.021972656
19426.241699824 -0.026855469
19436.815012819 -0.024414062
19447.401014010 -0.029296875
19458.000000000 -0.014648437
