500.000000000 -0.002441406
500.706687577 -0.004882812
501.421372296 -0.002441406
502.144091352 -0.004882812
502.874881938 -0.002441406
503.613781249 -0.002441406
504.360826479 0.000000000
505.116054821 -0.002441406
505.879503471 0.002441406
506.651209621 0.000000000
507.431210467 0.000000000
508.219543202 0.000000000
509.016245020 0.000000000
509.821353115 0.002441406
510.634904683 0.002441406
511.456936916 0.002441406
512.287487008 0.002441406
513.126592155 0.004882812
513.974289549 0.002441406
514.830616386 0.007324219
515.695609858 0.007324219
516.569307161 0.009765625
517.451745489 0.007324219
518.342962035 0.009765625
519.242993993 0.004882812
520.151878558 0.009765625
521.069652924 0.012207031
521.996354284 0.014648437
522.932019834 0.014648437
523.876686767 0.017089844
524.830392277 0.014648437
525.793173558 0.017089844
526.765067804 0.014648437
527.746112210 0.017089844
528.736343970 0.017089844
529.735800277 0.024414062
530.744518326 0.017089844
531.762535311 0.024414062
532.789888426 0.021972656
533.826614865 0.024414062
534.872751822 0.024414062
535.928336492 0.026855469
536.993406067 0.024414062
538.067997744 0.031738281
539.152148715 0.029296875
540.245896174 0.029296875
541.349277317 0.029296875
542.462329336 0.036621094
543.585089426 0.031738281
544.717594782 0.036621094
545.859882596 0.034179687
547.011990064 0.039062500
548.173954379 0.036621094
549.345812736 0.043945312
550.527602328 0.039062500
551.719360351 0.048828125
552.921123996 0.041503906
554.132930460 0.043945312
555.354816936 0.041503906
556.586820618 0.048828125
557.828978700 0.039062500
559.081328376 0.056152344
560.343906841 0.051269531
561.616751288 0.058593750
562.899898912 0.053710937
564.193386907 0.058593750
565.497252466 0.056152344
566.811532785 0.068359375
568.136265056 0.058593750
569.471486475 0.065917969
570.817234234 0.063476562
572.173545529 0.070800781
573.540457554 0.063476562
574.918007502 0.073242187
576.306232567 0.070800781
577.705169945 0.075683594
579.114856828 0.073242187
580.535330411 0.078125000
581.966627888 0.075683594
583.408786453 0.083007812
584.861843301 0.080566406
586.325835624 0.085449219
587.800800619 0.083007812
589.286775477 0.090332031
590.783797395 0.090332031
592.291903565 0.097656250
593.811131182 0.092773437
595.341517440 0.097656250
596.883099533 0.097656250
598.435914655 0.107421875
600.000000000 0.102539062
601.575392763 0.109863281
603.162130137 0.104980469
604.760249316 0.117187500
606.369787496 0.109863281
607.990781869 0.117187500
609.623269629 0.114746094
611.267287972 0.124511719
612.922874091 0.117187500
614.590065180 0.134277344
616.268898433 0.124511719
617.959411045 0.134277344
619.661640209 0.129394531
621.375623120 0.134277344
623.101396971 0.134277344
624.838998957 0.146484375
626.588466272 0.141601562
628.349836110 0.151367187
630.123145665 0.148925781
631.908432131 0.156250000
633.705732702 0.153808594
635.515084573 0.161132812
637.336524937 0.158691406
639.170090989 0.168457031
641.015819922 0.163574219
642.873748931 0.175781250
644.743915210 0.168457031
646.626355953 0.178222656
648.521108354 0.175781250
650.428209608 0.190429687
652.347696907 0.185546875
654.279607447 0.195312500
656.223978421 0.195312500
658.180847024 0.202636719
660.150250450 0.205078125
662.132225892 0.209960937
664.126810546 0.207519531
666.134041604 0.214843750
668.153956261 0.214843750
670.186591712 0.224609375
672.231985150 0.224609375
674.290173769 0.236816406
676.361194763 0.234375000
678.445085328 0.239257812
680.541882656 0.239257812
682.651623941 0.246582031
684.774346379 0.246582031
686.910087163 0.256347656
689.058883486 0.258789062
691.220772544 0.258789062
693.395791531 0.266113281
695.583977639 0.270996094
697.785368064 0.268554687
700.000000000 0.275878906
702.227872047 0.278320312
704.468828436 0.288085937
706.722674803 0.285644531
708.989216784 0.290527344
711.268260017 0.295410156
713.559610137 0.302734375
715.863072781 0.302734375
718.178453586 0.310058594
720.505558189 0.310058594
722.844192226 0.317382812
725.194161334 0.317382812
727.555271149 0.327148437
729.927327307 0.332031250
732.310135447 0.336914062
734.703501203 0.339355469
737.107230214 0.351562500
739.521128114 0.354003906
741.945000542 0.354003906
744.378653133 0.356445312
746.821891525 0.366210937
749.274521353 0.373535156
751.736348254 0.373535156
754.207177865 0.375976562
756.686815823 0.383300781
759.175067764 0.388183594
761.671739325 0.393066406
764.176636143 0.395507812
766.689563853 0.395507812
769.210328092 0.402832031
771.738734498 0.405273437
774.274588707 0.415039062
776.817696355 0.422363281
779.367863079 0.422363281
781.924894516 0.424804687
784.488596302 0.434570312
787.058774074 0.437011719
789.635233468 0.444335937
792.217780121 0.446777344
794.806219669 0.454101562
797.400357750 0.458984375
800.000000000 0.466308594
802.605116605 0.466308594
805.216335955 0.480957031
807.834450989 0.478515625
810.460254645 0.490722656
813.094539862 0.493164062
815.738099580 0.495605469
818.391726737 0.507812500
821.056214273 0.517578125
823.732355126 0.517578125
826.420942236 0.529785156
829.122768542 0.537109375
831.838626982 0.546875000
834.569310496 0.551757812
837.315612022 0.563964844
840.078324500 0.573730469
842.858240869 0.581054687
845.656154068 0.590820312
848.472857035 0.610351562
851.309142710 0.615234375
854.165804032 0.637207031
857.043633939 0.644531250
859.943425371 0.659179687
862.865971267 0.673828125
865.812064566 0.698242187
868.782498207 0.710449219
871.778065129 0.727539062
874.799558270 0.747070312
877.847770571 0.771484375
880.923494969 0.791015625
884.027524404 0.817871094
887.160651815 0.832519531
890.323670141 0.869140625
893.517372322 0.891113281
896.742551295 0.917968750
900.000000000 0.944824219
903.290168382 0.974121094
906.612134409 1.003417969
909.964633056 1.037597656
913.346399296 1.069335937
916.756168105 1.098632812
920.192674454 1.127929687
923.654653321 1.166992187
927.140839677 1.198730469
930.649968498 1.232910156
934.180774757 1.267089844
937.731993430 1.306152344
941.302359489 1.340332031
944.890607910 1.379394531
948.495473665 1.418457031
952.115691731 1.459960937
955.749997080 1.496582031
959.397124687 1.535644531
963.055809526 1.577148437
966.724786571 1.611328125
970.402790797 1.645507812
974.088557178 1.684570312
977.780820687 1.728515625
981.478316299 1.767578125
985.179778988 1.816406250
988.883943729 1.855468750
992.589545495 1.901855469
996.295319260 1.948242187
1000.000000000 1.997070312
1003.702789584 2.041015625
1007.404757472 2.084960937
1011.107440016 2.128906250
1014.812373573 2.165527344
1018.521094498 2.204589844
1022.235139144 2.246093750
1025.956043866 2.285156250
1029.685345020 2.336425781
1033.424578961 2.382812500
1037.175282042 2.424316406
1040.938990619 2.473144531
1044.717241046 2.509765625
1048.511569679 2.553710937
1052.323512871 2.592773437
1056.154606979 2.626953125
1060.006388356 2.663574219
1063.880393357 2.695312500
1067.778158337 2.736816406
1071.701219652 2.773437500
1075.651113655 2.810058594
1079.629376701 2.841796875
1083.637545145 2.873535156
1087.677155343 2.912597656
1091.749743648 2.949218750
1095.856846415 2.980957031
1100.000000000 3.007812500
1104.180019447 3.032226562
1108.394834563 3.054199219
1112.641653846 3.081054687
1116.917685792 3.110351562
1121.220138898 3.132324219
1125.546221663 3.161621094
1129.893142582 3.190917969
1134.258110153 3.215332031
1138.638332873 3.239746094
1143.031019239 3.264160156
1147.433377748 3.281250000
1151.842616898 3.305664062
1156.255945186 3.325195312
1160.670571108 3.352050781
1165.083703163 3.364257812
1169.492549846 3.391113281
1173.894319655 3.415527344
1178.286221088 3.435058594
1182.665462641 3.454589844
1187.029252812 3.457031250
1191.374800097 3.474121094
1195.699312994 3.486328125
1200.000000000 3.491210937
1204.274879015 3.508300781
1208.525205551 3.520507812
1212.753044523 3.525390625
1216.960460846 3.540039062
1221.149519435 3.549804687
1225.322285205 3.557128906
1229.480823070 3.564453125
1233.627197946 3.571777344
1237.763474748 3.581542969
1241.891718390 3.583984375
1246.013993787 3.588867187
1250.132365855 3.591308594
1254.248899508 3.588867187
1258.365659662 3.581542969
1262.484711231 3.579101562
1266.608119130 3.579101562
1270.737948274 3.576660156
1274.876263578 3.581542969
1279.025129957 3.581542969
1283.186612326 3.586425781
1287.362775600 3.586425781
1291.555684694 3.591308594
1295.767404522 3.586425781
1300.000000000 3.588867187
1304.254889977 3.586425781
1308.530909040 3.579101562
1312.826245711 3.571777344
1317.139088512 3.566894531
1321.467625963 3.547363281
1325.810046587 3.535156250
1330.164538905 3.515625000
1334.529291439 3.488769531
1338.902492710 3.457031250
1343.282331239 3.417968750
1347.666995550 3.376464844
1352.054674162 3.322753906
1356.443555598 3.264160156
1360.831828379 3.198242187
1365.217681026 3.125000000
1369.599302062 3.049316406
1373.974880008 2.958984375
1378.342603385 2.871093750
1382.700660716 2.775878906
1387.047240521 2.685546875
1391.380531322 2.595214844
1395.698721641 2.507324219
1400.000000000 2.424316406
1404.283028932 2.351074219
1408.548367023 2.282714844
1412.797046870 2.224121094
1417.030101072 2.177734375
1421.248562225 2.138671875
1425.453462929 2.114257812
1429.645835779 2.102050781
1433.826713375 2.099609375
1437.997128313 2.104492187
1442.158113193 2.128906250
1446.310700610 2.163085937
1450.455923164 2.204589844
1454.594813451 2.250976562
1458.728404070 2.312011719
1462.857727619 2.375488281
1466.983816694 2.446289062
1471.107703894 2.512207031
1475.230421817 2.590332031
1479.353003060 2.661132812
1483.476480221 2.731933594
1487.601885898 2.805175781
1491.730252688 2.866210937
1495.862613190 2.924804687
1500.000000000 2.973632812
1504.143193263 3.017578125
1508.291963303 3.054199219
1512.445827992 3.090820312
1516.604305202 3.120117187
1520.766912802 3.139648437
1524.933168664 3.159179687
1529.102590659 3.178710937
1533.274696658 3.190917969
1537.449004533 3.193359375
1541.625032154 3.195800781
1545.802297392 3.195800781
1549.980318119 3.195800781
1554.158612205 3.188476562
1558.336697521 3.183593750
1562.514091939 3.173828125
1566.690313330 3.161621094
1570.864879565 3.154296875
1575.037308514 3.149414062
1579.207118049 3.156738281
1583.373826041 3.144531250
1587.536950361 3.139648437
1591.696008880 3.127441406
1595.850519470 3.117675781
1600.000000000 3.105468750
1604.143924053 3.088378906
1608.281588056 3.081054687
1612.412244143 3.063964844
1616.535144453 3.044433594
1620.649541120 3.034667969
1624.754686283 3.022460937
1628.849832077 3.007812500
1632.934230639 2.995605469
1637.007134106 2.976074219
1641.067794613 2.963867187
1645.115464299 2.949218750
1649.149395298 2.939453125
1653.168839748 2.929687500
1657.173049785 2.917480469
1661.161277546 2.905273437
1665.132775168 2.888183594
1669.086794786 2.873535156
1673.022588537 2.858886719
1676.939408558 2.846679687
1680.836506986 2.829589844
1684.713135957 2.817382812
1688.568547607 2.807617187
1692.401994073 2.785644531
1696.212727492 2.773437500
1700.000000000 2.761230469
1703.763360646 2.749023437
1707.503546130 2.731933594
1711.221590064 2.719726562
1714.918526059 2.714843750
1718.595387729 2.690429687
1722.253208685 2.678222656
1725.893022539 2.661132812
1729.515862904 2.646484375
1733.122763391 2.634277344
1736.714757612 2.622070312
1740.292879180 2.602539062
1743.858161707 2.592773437
1747.411638805 2.573242187
1750.954344085 2.561035156
1754.487311161 2.546386719
1758.011573644 2.531738281
1761.528165146 2.509765625
1765.038119280 2.502441406
1768.542469656 2.482910156
1772.042249889 2.473144531
1775.538493589 2.458496094
1779.032234369 2.443847656
1782.524505840 2.421875000
1786.016341616 2.409667969
1789.508775308 2.390136719
1793.002840528 2.373046875
1796.499570888 2.355957031
1800.000000000 2.336425781
1803.504992464 2.314453125
1807.014736826 2.299804687
1810.529252621 2.270507812
1814.048559382 2.250976562
1817.572676644 2.226562500
1821.101623940 2.197265625
1824.635420804 2.167968750
1828.174086772 2.143554687
1831.717641375 2.116699219
1835.266104149 2.077636719
1838.819494628 2.050781250
1842.377832345 2.016601562
1845.941136834 1.984863281
1849.509427630 1.958007812
1853.082724267 1.921386719
1856.661046278 1.892089844
1860.244413198 1.862792969
1863.832844560 1.838378906
1867.426359898 1.804199219
1871.024978747 1.777343750
1874.628720641 1.750488281
1878.237605113 1.730957031
1881.851651698 1.708984375
1885.470879929 1.689453125
1889.095309341 1.674804687
1892.724959468 1.662597656
1896.359849842 1.643066406
1900.000000000 1.635742187
1903.645240927 1.628417969
1907.294649423 1.613769531
1910.947113738 1.599121094
1914.601522126 1.596679687
1918.256762839 1.589355469
1921.911724127 1.579589844
1925.565294243 1.569824219
1929.216361439 1.572265625
1932.863813966 1.567382812
1936.506540077 1.567382812
1940.143428023 1.560058594
1943.773366057 1.562500000
1947.395242429 1.560058594
1951.007945393 1.562500000
1954.610363200 1.564941406
1958.201384101 1.569824219
1961.779896350 1.569824219
1965.344788196 1.574707031
1968.894947894 1.569824219
1972.429263693 1.574707031
1975.946623847 1.572265625
1979.445916607 1.574707031
1982.926030225 1.579589844
1986.385852952 1.577148437
1989.824273042 1.579589844
1993.240178745 1.574707031
1996.632458314 1.579589844
2000.000000000 1.577148437
2003.342056831 1.569824219
2006.659340937 1.569824219
2009.952929224 1.557617187
2013.223898598 1.555175781
2016.473325965 1.542968750
2019.702288230 1.538085937
2022.911862299 1.528320312
2026.103125079 1.518554687
2029.277153474 1.501464844
2032.435024391 1.486816406
2035.577814736 1.474609375
2038.706601415 1.467285156
2041.822461332 1.452636719
2044.926471395 1.437988281
2048.019708509 1.425781250
2051.103249580 1.408691406
2054.178171513 1.394042969
2057.245551215 1.374511719
2060.306465591 1.359863281
2063.361991547 1.345214844
2066.413205990 1.333007812
2069.461185824 1.315917969
2072.507007956 1.298828125
2075.551749291 1.284179687
2078.596486736 1.271972656
2081.642297195 1.254882812
2084.690257576 1.247558594
2087.741444784 1.232910156
2090.796935724 1.218261719
2093.857807303 1.203613281
2096.925136427 1.193847656
2100.000000000 1.176757812
2103.083205825 1.166992187
2106.174485282 1.149902344
2109.273300648 1.135253906
2112.379114200 1.120605469
2115.491388215 1.110839844
2118.609584968 1.096191406
2121.733166737 1.086425781
2124.861595799 1.074218750
2127.994334428 1.066894531
2131.130844903 1.037597656
2134.270589500 1.030273437
2137.413030495 1.010742187
2140.557630166 0.996093750
2143.703850787 0.971679687
2146.851154637 0.954589844
2149.999003992 0.930175781
2153.146861128 0.908203125
2156.294188322 0.876464844
2159.440447850 0.856933594
2162.585101990 0.825195312
2165.727613017 0.800781250
2168.867443208 0.766601562
2172.004054840 0.737304687
2175.136910189 0.703125000
2178.265471533 0.666503906
2181.389201147 0.632324219
2184.507561308 0.600585937
2187.620014292 0.561523437
2190.726022378 0.524902344
2193.825047839 0.485839844
2196.916552955 0.456542969
2200.000000000 0.417480469
2203.074947850 0.383300781
2206.141341773 0.346679687
2209.199223634 0.312500000
2212.248635301 0.275878906
2215.289618637 0.249023437
2218.322215511 0.212402344
2221.346467788 0.190429687
2224.362417333 0.158691406
2227.370106013 0.139160156
2230.369575694 0.112304687
2233.360868242 0.095214844
2236.344025523 0.070800781
2239.319089403 0.056152344
2242.286101748 0.041503906
2245.245104424 0.031738281
2248.196139297 0.017089844
2251.139248234 0.012207031
2254.074473099 0.000000000
2257.001855760 0.000000000
2259.921438082 -0.009765625
2262.833261931 -0.009765625
2265.737369174 -0.009765625
2268.633801676 -0.004882812
2271.522601303 -0.009765625
2274.403809922 -0.004882812
2277.277469398 -0.004882812
2280.143621598 0.000000000
2283.002308387 0.009765625
2285.853571632 0.019531250
2288.697453198 0.017089844
2291.533994952 0.029296875
2294.363238760 0.036621094
2297.185226487 0.041503906
2300.000000000 0.051269531
2302.807668029 0.061035156
2305.608606765 0.073242187
2308.403259260 0.083007812
2311.192068569 0.095214844
2313.975477747 0.109863281
2316.753929847 0.124511719
2319.527867923 0.131835937
2322.297735029 0.148925781
2325.063974220 0.163574219
2327.827028550 0.178222656
2330.587341072 0.190429687
2333.345354841 0.207519531
2336.101512911 0.214843750
2338.856258336 0.236816406
2341.610034171 0.246582031
2344.363283468 0.266113281
2347.116449283 0.273437500
2349.869974669 0.285644531
2352.624302681 0.295410156
2355.379876372 0.310058594
2358.137138797 0.314941406
2360.896533010 0.327148437
2363.658502064 0.332031250
2366.423489015 0.346679687
2369.191936915 0.351562500
2371.964288820 0.356445312
2374.740987783 0.361328125
2377.522476859 0.371093750
2380.309199101 0.363769531
2383.101597563 0.368652344
2385.900115301 0.368652344
2388.705195367 0.373535156
2391.517280815 0.368652344
2394.336814701 0.371093750
2397.164240078 0.366210937
2400.000000000 0.366210937
2402.844352218 0.361328125
2405.696813267 0.361328125
2408.556714381 0.349121094
2411.423386792 0.346679687
2414.296161733 0.334472656
2417.174370436 0.332031250
2420.057344134 0.317382812
2422.944414059 0.314941406
2425.834911444 0.307617187
2428.728167523 0.295410156
2431.623513526 0.285644531
2434.520280688 0.278320312
2437.417800240 0.270996094
2440.315403415 0.256347656
2443.212421446 0.244140625
2446.108185566 0.236816406
2449.002027006 0.219726562
2451.893277000 0.214843750
2454.781266780 0.202636719
2457.665327579 0.195312500
2460.544790630 0.183105469
2463.418987165 0.173339844
2466.287248416 0.163574219
2469.148905616 0.156250000
2472.003289999 0.146484375
2474.849732796 0.139160156
2477.687565240 0.124511719
2480.516118563 0.119628906
2483.334723999 0.112304687
2486.142712780 0.104980469
2488.939416139 0.092773437
2491.724165307 0.092773437
2494.496291519 0.085449219
2497.255126005 0.080566406
2500.000000000 0.070800781
2502.730429637 0.065917969
2505.446670654 0.063476562
2508.149163692 0.056152344
2510.838349392 0.048828125
2513.514668393 0.041503906
2516.178561336 0.034179687
2518.830468861 0.031738281
2521.470831608 0.026855469
2524.100090217 0.021972656
2526.718685329 0.019531250
2529.327057583 0.014648437
2531.925647621 0.014648437
2534.514896082 0.004882812
2537.095243607 0.009765625
2539.667130835 -0.000000000
2542.230998407 -0.004882812
2544.787286963 -0.009765625
2547.336437144 -0.007324219
2549.878889589 -0.009765625
2552.415084939 -0.012207031
2554.945463834 -0.017089844
2557.470466914 -0.017089844
2559.990534820 -0.019531250
2562.506108191 -0.019531250
2565.017627669 -0.021972656
2567.525533892 -0.024414062
2570.030267502 -0.024414062
2572.532269139 -0.024414062
2575.031979442 -0.026855469
2577.529839053 -0.029296875
2580.026288610 -0.034179687
2582.521768756 -0.029296875
2585.016720128 -0.034179687
2587.511583369 -0.029296875
2590.006799118 -0.034179687
2592.502808016 -0.031738281
2595.000050701 -0.034179687
2597.498967816 -0.034179687
2600.000000000 -0.036621094
2602.503481109 -0.031738281
2605.009317861 -0.036621094
2607.517310192 -0.029296875
2610.027258036 -0.031738281
2612.538961328 -0.029296875
2615.052220001 -0.036621094
2617.566833992 -0.029296875
2620.082603233 -0.036621094
2622.599327660 -0.034179687
2625.116807207 -0.039062500
2627.634841810 -0.034179687
2630.153231402 -0.039062500
2632.671775917 -0.036621094
2635.190275292 -0.041503906
2637.708529459 -0.031738281
2640.226338354 -0.043945312
2642.743501912 -0.031738281
2645.259820066 -0.041503906
2647.775092751 -0.034179687
2650.289119903 -0.043945312
2652.801701455 -0.034179687
2655.312637342 -0.041503906
2657.821727498 -0.031738281
2660.328771859 -0.036621094
2662.833570358 -0.029296875
2665.335922931 -0.036621094
2667.835629512 -0.031738281
2670.332490035 -0.039062500
2672.826304435 -0.034179687
2675.316872647 -0.041503906
2677.803994604 -0.036621094
2680.287470242 -0.034179687
2682.767099496 -0.034179687
2685.242682299 -0.036621094
2687.714018587 -0.034179687
2690.180908294 -0.036621094
2692.643151354 -0.034179687
2695.100547702 -0.041503906
2697.552897272 -0.034179687
2700.000000000 -0.039062500
2702.441718033 -0.034179687
2704.878162371 -0.039062500
2707.309506228 -0.034179687
2709.735922818 -0.039062500
2712.157585355 -0.034179687
2714.574667052 -0.039062500
2716.987341124 -0.036621094
2719.395780783 -0.036621094
2721.800159243 -0.036621094
2724.200649719 -0.036621094
2726.597425424 -0.036621094
2728.990659572 -0.041503906
2731.380525376 -0.034179687
2733.767196051 -0.036621094
2736.150844809 -0.034179687
2738.531644865 -0.036621094
2740.909769433 -0.034179687
2743.285391726 -0.034179687
2745.658684957 -0.036621094
2748.029822341 -0.036621094
2750.398977092 -0.034179687
2752.766322423 -0.036621094
2755.132031547 -0.036621094
2757.496277679 -0.036621094
2759.859234032 -0.034179687
2762.221073821 -0.039062500
2764.581970258 -0.036621094
2766.942096557 -0.041503906
2769.301625933 -0.034179687
2771.660731598 -0.039062500
2774.019586768 -0.034179687
2776.378364654 -0.036621094
2778.737238472 -0.034179687
2781.096381435 -0.034179687
2783.455966756 -0.036621094
2785.816167650 -0.036621094
2788.177157330 -0.036621094
2790.539109009 -0.034179687
2792.902195902 -0.034179687
2795.266591223 -0.031738281
2797.632468184 -0.036621094
2800.000000000 -0.036621094
2802.369286592 -0.036621094
2804.740134711 -0.036621094
2807.112277817 -0.039062500
2809.485449369 -0.039062500
2811.859382824 -0.036621094
2814.233811643 -0.039062500
2816.608469285 -0.036621094
2818.983089207 -0.036621094
2821.357404870 -0.036621094
2823.731149733 -0.036621094
2826.104057253 -0.031738281
2828.475860891 -0.034179687
2830.846294105 -0.036621094
2833.215090354 -0.036621094
2835.581983097 -0.036621094
2837.946705794 -0.039062500
2840.308991902 -0.039062500
2842.668574882 -0.034179687
2845.025188192 -0.036621094
2847.378565290 -0.036621094
2849.728439637 -0.036621094
2852.074544691 -0.034179687
2854.416613911 -0.039062500
2856.754380756 -0.034179687
2859.087578685 -0.036621094
2861.415941157 -0.036621094
2863.739201631 -0.034179687
2866.057093565 -0.031738281
2868.369350420 -0.041503906
2870.675705653 -0.036621094
2872.975892724 -0.036621094
2875.269645093 -0.036621094
2877.556696216 -0.036621094
2879.836779555 -0.029296875
2882.109628568 -0.036621094
2884.374976713 -0.034179687
2886.632557450 -0.036621094
2888.882104237 -0.036621094
2891.123350534 -0.034179687
2893.356029800 -0.036621094
2895.579875494 -0.039062500
2897.794621074 -0.034179687
2900.000000000 -0.039062500
2902.195839600 -0.036621094
2904.382342679 -0.036621094
2906.559805914 -0.029296875
2908.728525978 -0.036621094
2910.888799548 -0.034179687
2913.040923299 -0.034179687
2915.185193905 -0.031738281
2917.321908042 -0.036621094
2919.451362385 -0.034179687
2921.573853609 -0.036621094
2923.689678390 -0.031738281
2925.799133403 -0.034179687
2927.902515322 -0.029296875
2930.000120823 -0.036621094
2932.092246582 -0.031738281
2934.179189273 -0.034179687
2936.261245571 -0.029296875
2938.338712152 -0.036621094
2940.411885691 -0.036621094
2942.481062864 -0.039062500
2944.546540344 -0.031738281
2946.608614808 -0.041503906
2948.667582931 -0.041503906
2950.723741388 -0.039062500
2952.777386854 -0.029296875
2954.828816004 -0.036621094
2956.878325513 -0.036621094
2958.926212057 -0.036621094
2960.972772311 -0.029296875
2963.018302950 -0.041503906
2965.063100649 -0.031738281
2967.107462084 -0.034179687
2969.151683929 -0.034179687
2971.196062860 -0.036621094
2973.240895551 -0.031738281
2975.286478679 -0.041503906
2977.333108918 -0.036621094
2979.381082944 -0.036621094
2981.430697432 -0.034179687
2983.482249056 -0.036621094
2985.536034492 -0.029296875
2987.592350416 -0.036621094
2989.651493502 -0.031738281
2991.713760425 -0.039062500
2993.779447862 -0.031738281
2995.848852486 -0.036621094
2997.922270974 -0.029296875
3000.000000000 -0.034179687
3002.082240256 -0.029296875
3004.168808499 -0.034179687
3006.259425503 -0.031738281
3008.353812040 -0.036621094
3010.451688885 -0.029296875
3012.552776811 -0.036621094
3014.656796592 -0.034179687
3016.763469001 -0.034179687
3018.872514811 -0.034179687
3020.983654796 -0.034179687
3023.096609730 -0.029296875
3025.211100385 -0.034179687
3027.326847536 -0.029296875
3029.443571956 -0.031738281
3031.560994419 -0.026855469
3033.678835697 -0.034179687
3035.796816565 -0.026855469
3037.914657796 -0.031738281
3040.032080163 -0.029296875
3042.148804440 -0.031738281
3044.264551401 -0.026855469
3046.379041818 -0.029296875
3048.491996466 -0.024414062
3050.603136118 -0.026855469
3052.712181547 -0.024414062
3054.818853526 -0.026855469
3056.922872831 -0.029296875
3059.023960233 -0.026855469
3061.121836506 -0.024414062
3063.216222425 -0.026855469
3065.306838761 -0.021972656
3067.393406289 -0.024414062
3069.475645783 -0.024414062
3071.553278016 -0.024414062
3073.626023760 -0.024414062
3075.693603791 -0.021972656
3077.755738881 -0.021972656
3079.812149804 -0.024414062
3081.862557332 -0.024414062
3083.906682241 -0.026855469
3085.944245303 -0.019531250
3087.974967291 -0.024414062
3089.998568980 -0.019531250
3092.014771143 -0.019531250
3094.023294553 -0.021972656
3096.023859983 -0.019531250
3098.016188208 -0.019531250
3100.000000000 -0.021972656
3101.975158844 -0.021972656
3103.942099063 -0.021972656
3105.901397692 -0.017089844
3107.853631765 -0.021972656
3109.799378317 -0.017089844
3111.739214381 -0.021972656
3113.673716993 -0.019531250
3115.603463186 -0.017089844
3117.529029995 -0.014648437
3119.450994454 -0.012207031
3121.369933597 -0.014648437
3123.286424459 -0.017089844
3125.201044075 -0.014648437
3127.114369477 -0.014648437
3129.026977702 -0.017089844
3130.939445783 -0.017089844
3132.852350754 -0.019531250
3134.766269650 -0.017089844
3136.681779504 -0.017089844
3138.599457353 -0.019531250
3140.519880229 -0.017089844
3142.443625167 -0.017089844
3144.371269201 -0.014648437
3146.303389366 -0.014648437
3148.240562697 -0.014648437
3150.183366226 -0.019531250
3152.132376990 -0.017089844
3154.088172021 -0.017089844
3156.051328355 -0.014648437
3158.022423025 -0.014648437
3160.002033066 -0.014648437
3161.990735513 -0.009765625
3163.989107399 -0.014648437
3165.997725760 -0.014648437
3168.017167629 -0.014648437
3170.048010040 -0.012207031
3172.090830028 -0.012207031
3174.146204628 -0.004882812
3176.214710873 -0.014648437
3178.296925798 -0.014648437
3180.393426438 -0.012207031
3182.504789826 -0.009765625
3184.631592997 -0.007324219
3186.774412985 -0.014648437
3188.933826825 -0.009765625
3191.110411551 -0.009765625
3193.304744197 -0.009765625
3195.517401798 -0.009765625
3197.748961387 -0.009765625
3200.000000000 -0.009765625
3202.271094670 -0.007324219
3204.562822433 -0.014648437
3206.875760321 -0.009765625
3209.210485370 -0.012207031
3211.567574614 -0.009765625
3213.947605087 -0.009765625
3216.351153824 -0.009765625
3218.778797858 -0.007324219
3221.231114225 -0.009765625
3223.708679958 -0.007324219
3226.212072092 -0.007324219
3228.741867661 -0.007324219
3231.298643700 -0.009765625
3233.882977242 -0.012207031
3236.495445323 -0.014648437
3239.136624976 -0.007324219
3241.807093236 -0.009765625
3244.507427137 -0.007324219
3247.238203714 -0.009765625
3250.000000000 -0.014648437
