500.000000000 -0.039062500
500.753353597 -0.036621094
501.513362953 -0.039062500
502.280075241 -0.034179687
503.053537633 -0.036621094
503.833797301 -0.034179687
504.620901420 -0.039062500
505.414897161 -0.034179687
506.215831698 -0.039062500
507.023752203 -0.034179687
507.838705849 -0.041503906
508.660739810 -0.034179687
509.489901257 -0.041503906
510.326237364 -0.031738281
511.169795303 -0.036621094
512.020622247 -0.034179687
512.878765370 -0.039062500
513.744271844 -0.034179687
514.617188841 -0.039062500
515.497563535 -0.034179687
516.385443098 -0.039062500
517.280874703 -0.034179687
518.183905524 -0.034179687
519.094582732 -0.031738281
520.012953501 -0.036621094
520.939065003 -0.034179687
521.872964412 -0.036621094
522.814698900 -0.034179687
523.764315639 -0.039062500
524.721861804 -0.039062500
525.687384566 -0.036621094
526.660931099 -0.034179687
527.642548575 -0.039062500
528.632284166 -0.036621094
529.630185047 -0.036621094
530.636298390 -0.039062500
531.650671367 -0.036621094
532.673351151 -0.034179687
533.704384916 -0.039062500
534.743819833 -0.034179687
535.791703076 -0.041503906
536.848081818 -0.036621094
537.913003232 -0.036621094
538.986514489 -0.034179687
540.068662764 -0.036621094
541.159495229 -0.036621094
542.259059056 -0.036621094
543.367401419 -0.039062500
544.484569490 -0.036621094
545.610610443 -0.036621094
546.745571449 -0.039062500
547.889499683 -0.039062500
549.042442316 -0.034179687
550.204446521 -0.036621094
551.375559472 -0.034179687
552.555828341 -0.036621094
553.745300301 -0.034179687
554.944022525 -0.036621094
556.152042185 -0.034179687
557.369406455 -0.039062500
558.596162507 -0.034179687
559.832357514 -0.036621094
561.078038649 -0.036621094
562.333253084 -0.039062500
563.598047994 -0.034179687
564.872470549 -0.039062500
566.156567924 -0.034179687
567.450387290 -0.034179687
568.753975822 -0.031738281
570.067380691 -0.039062500
571.390649070 -0.036621094
572.723828133 -0.041503906
574.066965052 -0.034179687
575.420107000 -0.036621094
576.783301149 -0.036621094
578.156594673 -0.039062500
579.540034745 -0.034179687
580.933668536 -0.036621094
582.337543221 -0.036621094
583.751705972 -0.036621094
585.176203961 -0.034179687
586.611084361 -0.036621094
588.056394346 -0.036621094
589.512181089 -0.039062500
590.978491761 -0.034179687
592.455373535 -0.039062500
593.942873586 -0.036621094
595.441039085 -0.036621094
596.949917205 -0.039062500
598.469555119 -0.036621094
600.000000000 -0.039062500
601.541299021 -0.036621094
603.093499354 -0.036621094
604.656648173 -0.034179687
606.230792649 -0.034179687
607.815979957 -0.034179687
609.412257269 -0.036621094
611.019671757 -0.036621094
612.638270594 -0.036621094
614.268100954 -0.036621094
615.909210009 -0.036621094
617.561644932 -0.039062500
619.225452896 -0.036621094
620.900681073 -0.036621094
622.587376637 -0.036621094
624.285586759 -0.036621094
625.995358614 -0.043945312
627.716739374 -0.036621094
629.449776211 -0.039062500
631.194516299 -0.034179687
632.951006810 -0.036621094
634.719294917 -0.034179687
636.499427793 -0.036621094
638.291452611 -0.031738281
640.095416544 -0.036621094
641.911366764 -0.034179687
643.739350444 -0.039062500
645.579414757 -0.034179687
647.431606876 -0.036621094
649.295973974 -0.034179687
651.172563224 -0.034179687
653.061421797 -0.036621094
654.962596868 -0.036621094
656.876135609 -0.034179687
658.802085193 -0.036621094
660.740492792 -0.029296875
662.691405580 -0.036621094
664.654870729 -0.034179687
666.630935412 -0.039062500
668.619646802 -0.031738281
670.621052071 -0.036621094
672.635198394 -0.034179687
674.662132941 -0.036621094
676.701902887 -0.031738281
678.754555404 -0.036621094
680.820137665 -0.031738281
682.898696842 -0.039062500
684.990280109 -0.036621094
687.094934638 -0.039062500
689.212707603 -0.036621094
691.343646175 -0.041503906
693.487797528 -0.036621094
695.645208835 -0.039062500
697.815927268 -0.034179687
700.000000000 -0.039062500
702.197450595 -0.031738281
704.408208177 -0.036621094
706.632178263 -0.031738281
708.869266367 -0.036621094
711.119378006 -0.034179687
713.382418694 -0.034179687
715.658293948 -0.026855469
717.946909282 -0.041503906
720.248170213 -0.034179687
722.561982256 -0.041503906
724.888250927 -0.031738281
727.226881741 -0.036621094
729.577780213 -0.034179687
731.940851860 -0.039062500
734.316002196 -0.034179687
736.703136738 -0.039062500
739.102161001 -0.034179687
741.512980500 -0.039062500
743.935500751 -0.031738281
746.369627270 -0.041503906
748.815265571 -0.034179687
751.272321172 -0.036621094
753.740699586 -0.031738281
756.220306330 -0.039062500
758.711046920 -0.031738281
761.212826870 -0.036621094
763.725551697 -0.034179687
766.249126915 -0.036621094
768.783458042 -0.031738281
771.328450591 -0.036621094
773.884010079 -0.036621094
776.450042020 -0.034179687
779.026451932 -0.034179687
781.613145329 -0.036621094
784.210027727 -0.036621094
786.817004641 -0.039062500
789.433981586 -0.034179687
792.060864080 -0.036621094
794.697557636 -0.034179687
797.343967771 -0.034179687
800.000000000 -0.034179687
802.665678004 -0.036621094
805.341498127 -0.034179687
808.028074876 -0.036621094
810.726022761 -0.034179687
813.435956289 -0.036621094
816.158489971 -0.034179687
818.894238314 -0.041503906
821.643815827 -0.034179687
824.407837018 -0.034179687
827.186916396 -0.034179687
829.981668471 -0.039062500
832.792707749 -0.034179687
835.620648741 -0.039062500
838.466105954 -0.031738281
841.329693897 -0.036621094
844.212027079 -0.036621094
847.113720008 -0.036621094
850.035387193 -0.036621094
852.977643143 -0.034179687
855.941102367 -0.036621094
858.926379372 -0.039062500
861.934088667 -0.034179687
864.964844762 -0.039062500
868.019262164 -0.034179687
871.097955382 -0.039062500
874.201538925 -0.036621094
877.330627302 -0.034179687
880.485835021 -0.034179687
883.667776591 -0.036621094
886.877066519 -0.034179687
890.114319316 -0.036621094
893.380149489 -0.031738281
896.675171548 -0.036621094
900.000000000 -0.031738281
903.354898976 -0.036621094
906.738731096 -0.036621094
910.150008599 -0.036621094
913.587243727 -0.036621094
917.048948720 -0.034179687
920.533635819 -0.034179687
924.039817265 -0.036621094
927.566005298 -0.034179687
931.110712159 -0.036621094
934.672450088 -0.034179687
938.249731328 -0.036621094
941.841068117 -0.036621094
945.444972698 -0.034179687
949.059957310 -0.036621094
952.684534194 -0.034179687
956.317215591 -0.041503906
959.956513743 -0.029296875
963.600940888 -0.041503906
967.249009269 -0.036621094
970.899231126 -0.036621094
974.550118700 -0.034179687
978.200184230 -0.036621094
981.847939959 -0.034179687
985.491898127 -0.036621094
989.130570974 -0.034179687
992.762470742 -0.036621094
996.386109670 -0.034179687
1000.000000000 -0.036621094
1003.603240580 -0.034179687
1007.197276691 -0.043945312
1010.784140221 -0.034179687
1014.365863058 -0.039062500
1017.944477090 -0.034179687
1021.522014205 -0.034179687
1025.100506293 -0.034179687
1028.681985240 -0.036621094
1032.268482936 -0.031738281
1035.862031268 -0.039062500
1039.464662125 -0.036621094
1043.078407395 -0.051269531
1046.705298966 -0.031738281
1050.347368726 -0.034179687
1054.006648564 -0.026855469
1057.685170368 -0.041503906
1061.384966027 -0.034179687
1065.108067427 -0.043945312
1068.856506459 -0.034179687
1072.632315009 -0.039062500
1076.437524966 -0.031738281
1080.274168219 -0.036621094
1084.144276655 -0.034179687
1088.049882163 -0.041503906
1091.993016631 -0.041503906
1095.975711947 -0.036621094
1100.000000000 -0.034179687
1104.067196678 -0.039062500
1108.175753874 -0.036621094
1112.323407479 -0.039062500
1116.507893386 -0.034179687
1120.726947488 -0.039062500
1124.978305677 -0.034179687
1129.259703846 -0.041503906
1133.568877886 -0.034179687
1137.903563691 -0.041503906
1142.261497153 -0.026855469
1146.640414164 -0.036621094
1151.038050617 -0.034179687
1155.452142404 -0.041503906
1159.880425418 -0.029296875
1164.320635551 -0.039062500
1168.770508696 -0.034179687
1173.227780744 -0.041503906
1177.690187590 -0.036621094
1182.155465124 -0.036621094
1186.621349240 -0.031738281
1191.085575829 -0.036621094
1195.545880785 -0.031738281
1200.000000000 -0.036621094
1204.446036751 -0.031738281
1208.883563854 -0.034179687
1213.312521510 -0.031738281
1217.732849919 -0.036621094
1222.144489283 -0.034179687
1226.547379803 -0.041503906
1230.941461678 -0.034179687
1235.326675111 -0.036621094
1239.702960302 -0.036621094
1244.070257451 -0.039062500
1248.428506760 -0.034179687
1252.777648428 -0.036621094
1257.117622658 -0.034179687
1261.448369650 -0.039062500
1265.769829605 -0.034179687
1270.081942723 -0.036621094
1274.384649206 -0.034179687
1278.677889254 -0.036621094
1282.961603068 -0.036621094
1287.235730849 -0.031738281
1291.500212797 -0.036621094
1295.754989114 -0.034179687
1300.000000000 -0.034179687
1304.235272812 -0.034179687
1308.461183532 -0.036621094
1312.678195297 -0.034179687
1316.886771244 -0.039062500
1321.087374510 -0.034179687
1325.280468234 -0.036621094
1329.466515552 -0.034179687
1333.645979601 -0.034179687
1337.819323520 -0.031738281
1341.987010445 -0.034179687
1346.149503514 -0.034179687
1350.307265864 -0.034179687
1354.460760632 -0.034179687
1358.610450957 -0.031738281
1362.756799975 -0.034179687
1366.900270823 -0.034179687
1371.041326640 -0.036621094
1375.180430562 -0.036621094
1379.318045727 -0.031738281
1383.454635271 -0.034179687
1387.590662334 -0.031738281
1391.726590051 -0.034179687
1395.862881561 -0.034179687
1400.000000000 -0.029296875
1404.138354753 -0.034179687
1408.278140194 -0.034179687
1412.419496944 -0.034179687
1416.562565622 -0.034179687
1420.707486850 -0.034179687
1424.854401247 -0.034179687
1429.003449436 -0.034179687
1433.154772035 -0.034179687
1437.308509667 -0.031738281
1441.464802952 -0.034179687
1445.623792509 -0.036621094
1449.785618960 -0.036621094
1453.950422926 -0.036621094
1458.118345027 -0.036621094
1462.289525884 -0.034179687
1466.464106116 -0.036621094
1470.642226346 -0.034179687
1474.824027193 -0.036621094
1479.009649279 -0.034179687
1483.199233223 -0.036621094
1487.392919647 -0.034179687
1491.590849170 -0.034179687
1495.793162414 -0.034179687
1500.000000000 -0.039062500
1504.211308174 -0.036621094
1508.426255690 -0.036621094
1512.643816928 -0.034179687
1516.862966269 -0.036621094
1521.082678092 -0.034179687
1525.301926777 -0.036621094
1529.519686706 -0.034179687
1533.734932257 -0.036621094
1537.946637811 -0.034179687
1542.153777749 -0.036621094
1546.355326450 -0.031738281
1550.550258295 -0.041503906
1554.737547663 -0.034179687
1558.916168935 -0.036621094
1563.085096491 -0.036621094
1567.243304711 -0.039062500
1571.389767976 -0.029296875
1575.523460665 -0.039062500
1579.643357158 -0.034179687
1583.748431836 -0.041503906
1587.837659080 -0.031738281
1591.910013268 -0.041503906
1595.964468781 -0.034179687
1600.000000000 -0.036621094
1604.015870252 -0.034179687
1608.012498656 -0.034179687
1611.990593280 -0.029296875
1615.950862190 -0.036621094
1619.894013453 -0.034179687
1623.820755136 -0.036621094
1627.731795306 -0.029296875
1631.627842029 -0.036621094
1635.509603373 -0.029296875
1639.377787405 -0.036621094
1643.233102191 -0.031738281
1647.076255799 -0.036621094
1650.907956294 -0.031738281
1654.728911745 -0.036621094
1658.539830218 -0.029296875
1662.341419779 -0.036621094
1666.134388497 -0.031738281
1669.919444437 -0.041503906
1673.697295666 -0.029296875
1677.468650252 -0.036621094
1681.234216262 -0.029296875
1684.994701761 -0.036621094
1688.750814818 -0.031738281
1692.503263499 -0.036621094
1696.252755871 -0.034179687
1700.000000000 -0.036621094
1703.745555957 -0.036621094
1707.489391821 -0.036621094
1711.231327675 -0.034179687
1714.971183602 -0.034179687
1718.708779684 -0.034179687
1722.443936003 -0.034179687
1726.176472644 -0.034179687
1729.906209687 -0.036621094
1733.632967216 -0.029296875
1737.356565313 -0.036621094
1741.076824062 -0.031738281
1744.793563544 -0.034179687
1748.506603842 -0.031738281
1752.215765040 -0.029296875
1755.920867218 -0.026855469
1759.621730461 -0.031738281
1763.318174851 -0.026855469
1767.010020470 -0.029296875
1770.697087401 -0.024414062
1774.379195727 -0.021972656
1778.056165530 -0.017089844
1781.727816893 -0.012207031
1785.393969899 -0.007324219
1789.054444630 -0.004882812
1792.709061169 0.004882812
1796.357639598 0.009765625
1800.000000000 0.021972656
1803.636020261 0.026855469
1807.265809479 0.043945312
1810.889534553 0.061035156
1814.507362387 0.078125000
1818.119459879 0.090332031
1821.725993931 0.107421875
1825.327131444 0.131835937
1828.923039318 0.146484375
1832.513884454 0.166015625
1836.099833754 0.175781250
1839.681054118 0.197753906
1843.257712447 0.209960937
1846.829975641 0.236816406
1850.398010602 0.246582031
1853.961984230 0.270996094
1857.522063426 0.285644531
1861.078415091 0.312500000
1864.631206127 0.327148437
1868.180603432 0.349121094
1871.726773910 0.366210937
1875.269884459 0.390625000
1878.810101982 0.402832031
1882.347593378 0.429687500
1885.882525550 0.444335937
1889.415065397 0.471191406
1892.945379820 0.490722656
1896.473635721 0.520019531
1900.000000000 0.534667969
1903.524549684 0.556640625
1907.047002306 0.568847656
1910.566985526 0.585937500
1914.084127001 0.593261719
1917.598054392 0.612792969
1921.108395357 0.612792969
1924.614777556 0.632324219
1928.116828647 0.634765625
1931.614176290 0.659179687
1935.106448144 0.668945312
1938.593271868 0.693359375
1942.074275120 0.703125000
1945.549085561 0.732421875
1949.017330849 0.742187500
1952.478638642 0.764160156
1955.932636602 0.783691406
1959.378952385 0.808105469
1962.817213652 0.827636719
1966.247048062 0.839843750
1969.668083273 0.852050781
1973.079946945 0.874023437
1976.482266737 0.881347656
1979.874670308 0.898437500
1983.256785317 0.900878906
1986.628239423 0.913085937
1989.988660285 0.910644531
1993.337675563 0.915527344
1996.674912915 0.908203125
2000.000000000 0.913085937
2003.312731653 0.903320312
2006.613571411 0.908203125
2009.903149986 0.895996094
2013.182098089 0.895996094
2016.451046432 0.886230469
2019.710625727 0.881347656
2022.961466687 0.866699219
2026.204200022 0.859375000
2029.439456446 0.852050781
2032.667866670 0.834960937
2035.890061405 0.827636719
2039.106671365 0.812988281
2042.318327260 0.800781250
2045.525659803 0.793457031
2048.729299706 0.778808594
2051.929877680 0.766601562
2055.128024438 0.754394531
2058.324370691 0.742187500
2061.519547151 0.732421875
2064.714184531 0.722656250
2067.908913543 0.708007812
2071.104364897 0.705566406
2074.301169307 0.698242187
2077.499957483 0.690917969
2080.701360139 0.681152344
2083.906007985 0.676269531
2087.114531735 0.668945312
2090.327562099 0.666503906
2093.545729790 0.664062500
2096.769665520 0.661621094
2100.000000000 0.651855469
2103.237137186 0.646972656
2106.480574005 0.642089844
2109.729580629 0.637207031
2112.983427227 0.634765625
2116.241383971 0.627441406
2119.502721032 0.615234375
2122.766708580 0.612792969
2126.032616786 0.605468750
2129.299715821 0.590820312
2132.567275856 0.581054687
2135.834567061 0.568847656
2139.100859607 0.556640625
2142.365423666 0.544433594
2145.627529407 0.534667969
2148.886447003 0.517578125
2152.141446622 0.493164062
2155.391798437 0.480957031
2158.636772619 0.458984375
2161.875639337 0.437011719
2165.107668762 0.417480469
2168.332131066 0.390625000
2171.548296420 0.371093750
2174.755434993 0.346679687
2177.952816958 0.324707031
2181.139712484 0.295410156
2184.315391742 0.275878906
2187.479124904 0.249023437
2190.630182140 0.224609375
2193.767833621 0.195312500
2196.891349517 0.175781250
2200.000000000 0.141601562
2203.093267986 0.124511719
2206.171487379 0.090332031
2209.235204828 0.075683594
2212.284966982 0.051269531
2215.321320491 0.034179687
2218.344812003 0.012207031
2221.355988168 0.007324219
2224.355395636 -0.004882812
2227.343581055 -0.007324219
2230.321091075 -0.017089844
2233.288472345 -0.014648437
2236.246271515 -0.024414062
2239.195035233 -0.019531250
2242.135310150 -0.029296875
2245.067642914 -0.024414062
2247.992580175 -0.026855469
2250.910668581 -0.024414062
2253.822454783 -0.029296875
2256.728485430 -0.021972656
2259.629307171 -0.029296875
2262.525466654 -0.024414062
2265.417510530 -0.024414062
2268.305985448 -0.024414062
2271.191438057 -0.024414062
2274.074415006 -0.017089844
2276.955462945 -0.019531250
2279.835128523 -0.017089844
2282.713958389 -0.014648437
2285.592499193 -0.007324219
2288.471297584 -0.009765625
2291.350900210 -0.002441406
2294.231853722 0.000000000
2297.114704769 0.009765625
2300.000000000 0.014648437
2302.888128102 0.024414062
2305.778845912 0.031738281
2308.671752307 0.039062500
2311.566446162 0.048828125
2314.462526351 0.061035156
2317.359591751 0.068359375
2320.257241237 0.075683594
2323.155073684 0.087890625
2326.052687969 0.097656250
2328.949682965 0.107421875
2331.845657549 0.117187500
2334.740210596 0.129394531
2337.632940982 0.134277344
2340.523447581 0.148925781
2343.411329270 0.153808594
2346.296184924 0.158691406
2349.177613419 0.166015625
2352.055213629 0.173339844
2354.928584430 0.178222656
2357.797324697 0.185546875
2360.661033307 0.190429687
2363.519309134 0.195312500
2366.371751054 0.197753906
2369.217957943 0.202636719
2372.057528675 0.202636719
2374.890062126 0.205078125
2377.715157172 0.209960937
2380.532412688 0.209960937
2383.341427550 0.209960937
2386.141800633 0.212402344
2388.933130812 0.209960937
2391.715016962 0.205078125
2394.487057960 0.207519531
2397.248852681 0.202636719
2400.000000000 0.202636719
2402.740231998 0.205078125
2405.469813576 0.200195312
2408.189142841 0.192871094
2410.898617900 0.185546875
2413.598636860 0.183105469
2416.289597828 0.173339844
2418.971898910 0.170898437
2421.645938213 0.161132812
2424.312113845 0.156250000
2426.970823911 0.151367187
2429.622466519 0.144042969
2432.267439775 0.129394531
2434.906141787 0.129394531
2437.538970661 0.117187500
2440.166324504 0.117187500
2442.788601423 0.104980469
2445.406199524 0.100097656
2448.019516915 0.090332031
2450.628951702 0.090332031
2453.234901992 0.078125000
2455.837765892 0.075683594
2458.437941509 0.070800781
2461.035826949 0.065917969
2463.631820319 0.056152344
2466.226319726 0.053710937
2468.819723278 0.043945312
2471.412429080 0.043945312
2474.004835239 0.039062500
2476.597339863 0.039062500
2479.190341058 0.029296875
2481.784236932 0.029296875
2484.379425590 0.021972656
2486.976305139 0.026855469
2489.575273687 0.017089844
2492.176729340 0.017089844
2494.781070206 0.009765625
2497.388694390 0.012207031
2500.000000000 0.004882812
2502.615277786 0.007324219
2505.234389075 0.000000000
2507.857087837 0.000000000
2510.483128041 -0.004882812
2513.112263659 -0.004882812
2515.744248659 -0.009765625
2518.378837013 -0.009765625
2521.015782689 -0.017089844
2523.654839659 -0.017089844
2526.295761893 -0.019531250
2528.938303360 -0.014648437
2531.582218031 -0.021972656
2534.227259875 -0.024414062
2536.873182863 -0.024414062
2539.519740966 -0.021972656
2542.166688152 -0.029296875
2544.813778392 -0.026855469
2547.460765657 -0.029296875
2550.107403916 -0.029296875
2552.753447139 -0.034179687
2555.398649297 -0.026855469
2558.042764360 -0.031738281
2560.685546298 -0.029296875
2563.326749080 -0.036621094
2565.966126677 -0.024414062
2568.603433059 -0.034179687
2571.238422197 -0.029296875
2573.870848060 -0.034179687
2576.500464618 -0.029296875
2579.127025841 -0.034179687
2581.750285701 -0.026855469
2584.369998166 -0.034179687
2586.985917206 -0.031738281
2589.597796793 -0.036621094
2592.205390895 -0.034179687
2594.808453484 -0.036621094
2597.406738529 -0.031738281
2600.000000000 -0.034179687
2602.588042075 -0.031738281
2605.170869763 -0.034179687
2607.748538281 -0.034179687
2610.321102844 -0.039062500
2612.888618670 -0.034179687
2615.451140975 -0.034179687
2618.008724975 -0.041503906
2620.561425887 -0.039062500
2623.109298927 -0.034179687
2625.652399312 -0.031738281
2628.190782258 -0.034179687
2630.724502982 -0.034179687
2633.253616700 -0.034179687
2635.778178630 -0.036621094
2638.298243986 -0.034179687
2640.813867986 -0.036621094
2643.325105847 -0.034179687
2645.832012784 -0.036621094
2648.334644014 -0.034179687
2650.833054755 -0.036621094
2653.327300221 -0.034179687
2655.817435630 -0.034179687
2658.303516199 -0.039062500
2660.785597143 -0.034179687
2663.263733679 -0.034179687
2665.737981024 -0.036621094
2668.208394394 -0.034179687
2670.675029006 -0.036621094
2673.137940076 -0.034179687
2675.597182820 -0.036621094
2678.052812456 -0.034179687
2680.504884199 -0.034179687
2682.953453267 -0.034179687
2685.398574875 -0.036621094
2687.840304240 -0.039062500
2690.278696579 -0.036621094
2692.713807108 -0.036621094
2695.145691043 -0.034179687
2697.574403602 -0.036621094
2700.000000000 -0.039062500
2702.422538256 -0.034179687
2704.842087593 -0.036621094
2707.258720037 -0.039062500
2709.672507613 -0.036621094
2712.083522348 -0.034179687
2714.491836265 -0.039062500
2716.897521392 -0.034179687
2719.300649752 -0.036621094
2721.701293372 -0.036621094
2724.099524277 -0.039062500
2726.495414493 -0.036621094
2728.889036044 -0.036621094
2731.280460957 -0.036621094
2733.669761257 -0.031738281
2736.057008969 -0.031738281
2738.442276119 -0.036621094
2740.825634731 -0.034179687
2743.207156833 -0.036621094
2745.586914448 -0.039062500
2747.964979603 -0.039062500
2750.341424323 -0.036621094
2752.716320633 -0.031738281
2755.089740560 -0.036621094
2757.461756127 -0.036621094
2759.832439361 -0.036621094
2762.201862287 -0.039062500
2764.570096931 -0.036621094
2766.937215318 -0.034179687
2769.303289473 -0.039062500
2771.668391422 -0.034179687
2774.032593191 -0.034179687
2776.395966804 -0.034179687
2778.758584288 -0.036621094
2781.120517667 -0.034179687
2783.481838968 -0.039062500
2785.842620215 -0.034179687
2788.202933434 -0.036621094
2790.562850650 -0.031738281
2792.922443890 -0.036621094
2795.281785178 -0.031738281
2797.640946539 -0.039062500
2800.000000000 -0.034179687
2802.358987912 -0.039062500
2804.717833932 -0.034179687
2807.076432043 -0.039062500
2809.434676229 -0.034179687
2811.792460473 -0.039062500
2814.149678758 -0.034179687
2816.506225068 -0.036621094
2818.861993386 -0.031738281
2821.216877695 -0.039062500
2823.570771979 -0.034179687
2825.923570220 -0.036621094
2828.275166404 -0.031738281
2830.625454511 -0.039062500
2832.974328527 -0.031738281
2835.321682434 -0.036621094
2837.667410215 -0.031738281
2840.011405855 -0.036621094
2842.353563336 -0.031738281
2844.693776641 -0.039062500
2847.031939754 -0.034179687
2849.367946659 -0.039062500
2851.701691338 -0.034179687
2854.033067775 -0.039062500
2856.361969953 -0.031738281
2858.688291856 -0.039062500
2861.011927466 -0.031738281
2863.332770768 -0.036621094
2865.650715745 -0.034179687
2867.965656379 -0.036621094
2870.277486655 -0.031738281
2872.586100555 -0.036621094
2874.891392063 -0.026855469
2877.193255162 -0.041503906
2879.491583835 -0.031738281
2881.786272067 -0.039062500
2884.077213839 -0.031738281
2886.364303136 -0.036621094
2888.647433941 -0.034179687
2890.926500237 -0.041503906
2893.201396008 -0.029296875
2895.472015236 -0.036621094
2897.738251906 -0.034179687
2900.000000000 -0.041503906
2902.257180680 -0.036621094
2904.509823819 -0.036621094
2906.757986469 -0.034179687
2909.001725682 -0.036621094
2911.241098509 -0.029296875
2913.476162002 -0.036621094
2915.706973212 -0.034179687
2917.933589191 -0.034179687
2920.156066991 -0.034179687
2922.374463663 -0.036621094
2924.588836259 -0.036621094
2926.799241830 -0.036621094
2929.005737428 -0.034179687
2931.208380104 -0.034179687
2933.407226911 -0.031738281
2935.602334899 -0.036621094
2937.793761121 -0.031738281
2939.981562628 -0.036621094
2942.165796472 -0.029296875
2944.346519703 -0.039062500
2946.523789374 -0.034179687
2948.697662537 -0.036621094
2950.868196243 -0.029296875
2953.035447543 -0.034179687
2955.199473489 -0.034179687
2957.360331133 -0.034179687
2959.518077526 -0.034179687
2961.672769721 -0.034179687
2963.824464768 -0.031738281
2965.973219719 -0.034179687
2968.119091625 -0.034179687
2970.262137539 -0.034179687
2972.402414512 -0.039062500
2974.539979596 -0.034179687
2976.674889841 -0.034179687
2978.807202301 -0.036621094
2980.936974025 -0.034179687
2983.064262067 -0.034179687
2985.189123477 -0.029296875
2987.311615307 -0.034179687
2989.431794609 -0.034179687
2991.549718434 -0.031738281
2993.665443834 -0.031738281
2995.779027861 -0.034179687
2997.890527566 -0.031738281
3000.000000000 -0.031738281
3002.107484631 -0.036621094
3004.212950585 -0.031738281
3006.316349406 -0.034179687
3008.417632635 -0.026855469
3010.516751814 -0.036621094
3012.613658487 -0.034179687
3014.708304195 -0.031738281
3016.800640481 -0.029296875
3018.890618887 -0.034179687
3020.978190956 -0.036621094
3023.063308230 -0.034179687
3025.145922251 -0.031738281
3027.225984561 -0.034179687
3029.303446704 -0.029296875
3031.378260221 -0.029296875
3033.450376655 -0.029296875
3035.519747547 -0.034179687
3037.586324441 -0.026855469
3039.650058879 -0.034179687
3041.710902404 -0.026855469
3043.768806556 -0.031738281
3045.823722880 -0.026855469
3047.875602917 -0.031738281
3049.924398209 -0.029296875
3051.970060299 -0.029296875
3054.012540730 -0.021972656
3056.051791044 -0.029296875
3058.087762782 -0.024414062
3060.120407488 -0.034179687
3062.149676704 -0.024414062
3064.175521971 -0.029296875
3066.197894834 -0.024414062
3068.216746833 -0.031738281
3070.232029511 -0.024414062
3072.243694411 -0.029296875
3074.251693075 -0.024414062
3076.255977045 -0.029296875
3078.256497864 -0.024414062
3080.253207074 -0.031738281
3082.246056218 -0.026855469
3084.234996837 -0.029296875
3086.219980474 -0.019531250
3088.200958672 -0.026855469
3090.177882972 -0.021972656
3092.150704918 -0.026855469
3094.119376051 -0.024414062
3096.083847914 -0.026855469
3098.044072050 -0.021972656
3100.000000000 -0.024414062
3101.951608529 -0.021972656
3103.898975288 -0.024414062
3105.842203151 -0.021972656
3107.781394990 -0.024414062
3109.716653678 -0.024414062
3111.648082090 -0.029296875
3113.575783097 -0.021972656
3115.499859574 -0.026855469
3117.420414393 -0.021972656
3119.337550427 -0.024414062
3121.251370551 -0.019531250
3123.161977636 -0.029296875
3125.069474556 -0.021972656
3126.973964184 -0.024414062
3128.875549393 -0.021972656
3130.774333057 -0.024414062
3132.670418049 -0.019531250
3134.563907241 -0.024414062
3136.454903508 -0.019531250
3138.343509722 -0.024414062
3140.229828756 -0.017089844
3142.113963483 -0.026855469
3143.996016777 -0.019531250
3145.876091511 -0.024414062
3147.754290558 -0.019531250
3149.630716791 -0.024414062
3151.505473084 -0.019531250
3153.378662309 -0.024414062
3155.250387339 -0.017089844
3157.120751049 -0.024414062
3158.989856310 -0.019531250
3160.857805996 -0.024414062
3162.724702981 -0.017089844
3164.590650138 -0.024414062
3166.455750339 -0.017089844
3168.320106457 -0.021972656
3170.183821367 -0.017089844
3172.046997941 -0.021972656
3173.909739052 -0.017089844
3175.772147574 -0.021972656
3177.634326379 -0.019531250
3179.496378341 -0.024414062
3181.358406334 -0.024414062
3183.220513229 -0.021972656
3185.082801900 -0.021972656
3186.945375221 -0.019531250
3188.808336065 -0.021972656
3190.671787305 -0.024414062
3192.535831813 -0.024414062
3194.400572464 -0.021972656
3196.266112130 -0.024414062
3198.132553684 -0.021972656
3200.000000000 -0.021972656
3201.868553951 -0.021972656
3203.738318410 -0.021972656
3205.609396249 -0.021972656
3207.481890344 -0.021972656
3209.355903565 -0.019531250
3211.231538788 -0.021972656
3213.108898884 -0.021972656
3214.988086727 -0.021972656
3216.869205190 -0.021972656
3218.752357147 -0.017089844
3220.637645469 -0.017089844
3222.525173032 -0.024414062
3224.415042707 -0.019531250
3226.307357369 -0.021972656
3228.202219889 -0.021972656
3230.099733142 -0.021972656
3232.000000000 -0.024414062
