1500.000000000 0.275878906
1503.526547071 0.280761719
1507.162542457 0.278320312
1510.907781993 0.290527344
1514.762061516 0.283203125
1518.725176859 0.297851562
1522.796923859 0.297851562
1526.977098350 0.314941406
1531.265496168 0.317382812
1535.661913149 0.329589844
1540.166145127 0.329589844
1544.777987938 0.341796875
1549.497237417 0.344238281
1554.323689399 0.356445312
1559.257139720 0.358886719
1564.297384215 0.378417969
1569.444218719 0.375976562
1574.697439068 0.393066406
1580.056841096 0.397949219
1585.522220640 0.410156250
1591.093373534 0.410156250
1596.770095614 0.432128906
1602.552182715 0.437011719
1608.439430673 0.451660156
1614.431635321 0.451660156
1620.528592497 0.471191406
1626.730098035 0.476074219
1633.035947771 0.490722656
1639.445937539 0.495605469
1645.959863175 0.515136719
1652.577520515 0.520019531
1659.298705393 0.537109375
1666.123213645 0.544433594
1673.050841107 0.556640625
1680.081383612 0.566406250
1687.214636998 0.583496094
1694.450397099 0.588378906
1701.788459750 0.612792969
1709.228620787 0.617675781
1716.770676045 0.632324219
1724.414421359 0.639648437
1732.159652565 0.656738281
1740.006165498 0.668945312
1747.953755993 0.686035156
1756.002219885 0.698242187
1764.151353010 0.715332031
1772.400951203 0.727539062
1780.750810299 0.747070312
1789.200726134 0.756835937
1797.750494543 0.783691406
1806.399911361 0.793457031
1815.148772423 0.808105469
1823.996873565 0.825195312
1832.944010623 0.844726562
1841.989979430 0.859375000
1851.134575824 0.881347656
1860.377595638 0.895996094
1869.718834708 0.917968750
1879.158088870 0.935058594
1888.695153959 0.957031250
1898.329825810 0.976562500
1908.061900259 1.003417969
1917.891173140 1.015625000
1927.817440289 1.042480469
1937.840497541 1.062011719
1947.960140732 1.091308594
1958.176165697 1.118164062
1968.488368270 1.137695312
1978.896544289 1.162109375
1989.400489587 1.193847656
2000.000000000 1.213378906
2010.694871363 1.250000000
2021.484899512 1.274414062
2032.369880282 1.308593750
2043.349609509 1.335449219
2054.423883026 1.364746094
2065.592496671 1.394042969
2076.855246277 1.430664062
2088.211927681 1.457519531
2099.662336718 1.494140625
2111.206269222 1.525878906
2122.843521030 1.564941406
2134.573887976 1.594238281
2146.397165896 1.635742187
2158.313150625 1.669921875
2170.321637999 1.708984375
2182.422423852 1.740722656
2194.615304020 1.779785156
2206.900074339 1.818847656
2219.276530643 1.857910156
2231.744468768 1.896972656
2244.303684549 1.936035156
2256.953973822 1.970214844
2269.695132421 2.009277344
2282.526956183 2.041015625
2295.449240941 2.082519531
2308.461782533 2.119140625
2321.564376792 2.158203125
2334.756819554 2.187500000
2348.038906655 2.216796875
2361.410433930 2.250976562
2374.871197214 2.287597656
2388.420992342 2.312011719
2402.059615150 2.343750000
2415.786861473 2.373046875
2429.602527146 2.399902344
2443.506408004 2.426757812
2457.498299884 2.456054687
2471.577998619 2.485351562
2485.745300046 2.512207031
2500.000000000 2.534179687
2514.341861506 2.558593750
2528.770516353 2.583007812
2543.285563520 2.604980469
2557.886601985 2.631835937
2572.573230727 2.651367187
2587.345048725 2.675781250
2602.201654958 2.702636719
2617.142648404 2.724609375
2632.167628042 2.741699219
2647.276192852 2.753906250
2662.467941811 2.773437500
2677.742473899 2.790527344
2693.099388095 2.807617187
2708.538283376 2.819824219
2724.058758723 2.829589844
2739.660413113 2.844238281
2755.342845526 2.854003906
2771.105654940 2.863769531
2786.948440335 2.875976562
2802.870800688 2.888183594
2818.872334979 2.902832031
2834.952642187 2.915039062
2851.111321289 2.922363281
2867.347971266 2.941894531
2883.662191096 2.956542969
2900.053579757 2.973632812
2916.521736228 2.988281250
2933.066259489 3.012695312
2949.686748518 3.032226562
2966.382802294 3.056640625
2983.154019795 3.081054687
3000.000000000 3.110351562
3016.921274854 3.134765625
3033.922108164 3.168945312
3051.007696704 3.198242187
3068.183237245 3.229980469
3085.453926561 3.266601562
3102.824961425 3.298339844
3120.301538609 3.337402344
3137.888854888 3.369140625
3155.592107033 3.408203125
3173.416491818 3.449707031
3191.367206015 3.486328125
3209.449446397 3.525390625
3227.668409739 3.562011719
3246.029292811 3.601074219
3264.537292388 3.640136719
3283.197605242 3.679199219
3302.015428146 3.718261719
3320.995957874 3.759765625
3340.144391198 3.793945312
3359.465924890 3.837890625
3378.965755725 3.872070312
3398.649080475 3.916015625
3418.521095912 3.952636719
3438.586998811 3.989257812
3458.851985943 4.025878906
3479.321254081 4.060058594
3500.000000000 4.104003906
3520.889690743 4.135742187
3541.976874443 4.172363281
3563.244369506 4.208984375
3584.674994335 4.243164062
3606.251567335 4.277343750
3627.956906912 4.304199219
3649.773831469 4.328613281
3671.685159412 4.350585937
3693.673709145 4.377441406
3715.722299073 4.389648437
3737.813747600 4.409179687
3759.930873131 4.416503906
3782.056494072 4.426269531
3804.173428826 4.431152344
3826.264495798 4.433593750
3848.312513394 4.433593750
3870.300300017 4.428710937
3892.210674072 4.423828125
3914.026453965 4.416503906
3935.730458099 4.404296875
3957.305504880 4.392089844
3978.734412712 4.379882812
4000.000000000 4.362792969
4021.089673671 4.338378906
4042.009194740 4.313964844
4062.768912748 4.274902344
4083.379177231 4.252929687
4103.850337729 4.221191406
4124.192743779 4.189453125
4144.416744922 4.157714844
4164.532690694 4.135742187
4184.550930635 4.094238281
4204.481814282 4.069824219
4224.335691175 4.030761719
4244.122910852 4.003906250
4263.853822851 3.964843750
4283.538776712 3.928222656
4303.188121971 3.884277344
4322.812208169 3.852539062
4342.421384842 3.811035156
4362.026001531 3.767089844
4381.636407773 3.725585937
4401.262953107 3.686523437
4420.915987071 3.642578125
4440.605859204 3.603515625
4460.342919044 3.554687500
4480.137516130 3.510742187
4500.000000000 3.469238281
4519.937590740 3.432617187
4539.944990624 3.393554687
4560.013772472 3.361816406
4580.135509107 3.325195312
4600.301773348 3.291015625
4620.504138017 3.266601562
4640.734175935 3.237304687
4660.983459923 3.210449219
4681.243562802 3.190917969
4701.506057393 3.164062500
4721.762516517 3.142089844
4742.004512995 3.120117187
4762.223619648 3.100585937
4782.411409298 3.076171875
4802.559454764 3.051757812
4822.659328869 3.034667969
4842.702604433 3.015136719
4862.680854277 2.993164062
4882.585651223 2.973632812
4902.408568090 2.951660156
4922.141177701 2.927246094
4941.775052877 2.915039062
4961.301766438 2.893066406
4980.712891205 2.873535156
5000.000000000 2.854003906
5019.156693968 2.834472656
5038.184687554 2.819824219
5057.087723528 2.795410156
5075.869544659 2.773437500
5094.533893718 2.758789062
5113.084513472 2.734375000
5131.525146693 2.714843750
5149.859536150 2.700195312
5168.091424612 2.683105469
5186.224554849 2.663574219
5204.262669631 2.648925781
5222.209511727 2.626953125
5240.068823907 2.604980469
5257.844348940 2.587890625
5275.539829596 2.570800781
5293.159008645 2.546386719
5310.705628856 2.526855469
5328.183432999 2.507324219
5345.596163844 2.482910156
5362.947564160 2.456054687
5380.241376716 2.426757812
5397.481344283 2.402343750
5414.671209630 2.370605469
5431.814715527 2.331542969
5448.915604742 2.299804687
5465.977620046 2.263183594
5483.004504209 2.236328125
5500.000000000 2.187500000
5516.967337840 2.150878906
5533.907698754 2.114257812
5550.821751419 2.075195312
5567.710164511 2.036132812
5584.573606709 1.997070312
5601.412746687 1.960449219
5618.228253124 1.921386719
5635.020794695 1.879882812
5651.791040077 1.840820312
5668.539657948 1.804199219
5685.267316983 1.762695312
5701.974685860 1.728515625
5718.662433255 1.684570312
5735.331227845 1.647949219
5751.981738307 1.611328125
5768.614633317 1.569824219
5785.230581552 1.533203125
5801.830251689 1.499023437
5818.414312404 1.459960937
5834.983432375 1.430664062
5851.538280278 1.391601562
5868.079524789 1.359863281
5884.607834586 1.323242187
5901.123878345 1.293945312
5917.628324743 1.264648437
5934.121842456 1.232910156
5950.605100162 1.201171875
5967.078766537 1.174316406
5983.543510257 1.142578125
6000.000000000 1.110839844
6016.448578655 1.086425781
6032.888285967 1.057128906
6049.317835891 1.035156250
6065.735942386 1.013183594
6082.141319408 0.986328125
6098.532680913 0.957031250
6114.908740860 0.937500000
6131.268213204 0.913085937
6147.609811904 0.898437500
6163.932250915 0.878906250
6180.234244195 0.856933594
6196.514505702 0.834960937
6212.771749390 0.825195312
6229.004689219 0.805664062
6245.212039145 0.793457031
6261.392513124 0.769042969
6277.544825114 0.759277344
6293.667689071 0.744628906
6309.759818953 0.734863281
6325.819928717 0.715332031
6341.846732320 0.708007812
6357.838943718 0.695800781
6373.795276868 0.686035156
6389.714445728 0.676269531
6405.595164255 0.668945312
6421.436146404 0.654296875
6437.236106135 0.649414062
6452.993757403 0.642089844
6468.707814165 0.634765625
6484.376990378 0.625000000
6500.000000000 0.617675781
6515.576078936 0.607910156
6531.106550891 0.603027344
6546.593261516 0.593261719
6562.038056465 0.583496094
6577.442781390 0.576171875
6592.809281945 0.573730469
6608.139403781 0.563964844
6623.434992552 0.556640625
6638.697893911 0.551757812
6653.929953510 0.544433594
6669.133017002 0.539550781
6684.308930040 0.534667969
6699.459538277 0.529785156
6714.586687365 0.522460937
6729.692222957 0.512695312
6744.777990706 0.515136719
6759.845836265 0.512695312
6774.897605286 0.507812500
6789.935143423 0.498046875
6804.960296328 0.498046875
6819.974909653 0.495605469
6834.980829053 0.495605469
6849.979900178 0.493164062
6864.973968683 0.483398437
6879.964880220 0.485839844
6894.954480442 0.485839844
6909.944615001 0.480957031
6924.937129550 0.483398437
6939.933869743 0.480957031
6954.936681232 0.478515625
6969.947409669 0.478515625
6984.967900707 0.478515625
7000.000000000 0.476074219
7015.044759992 0.473632812
7030.100060295 0.473632812
7045.162987315 0.476074219
7060.230627455 0.476074219
7075.300067122 0.476074219
7090.368392718 0.476074219
7105.432690650 0.476074219
7120.490047321 0.483398437
7135.537549136 0.478515625
7150.572282500 0.483398437
7165.591333818 0.490722656
7180.591789493 0.490722656
7195.570735932 0.493164062
7210.525259538 0.495605469
7225.452446716 0.498046875
7240.349383871 0.507812500
7255.213157408 0.507812500
7270.040853731 0.512695312
7284.829559244 0.517578125
7299.576360353 0.517578125
7314.278343462 0.520019531
7328.932594975 0.527343750
7343.536201298 0.527343750
7358.086248835 0.532226562
7372.579823991 0.537109375
7387.014013170 0.534667969
7401.385902777 0.537109375
7415.692579216 0.544433594
7429.931128893 0.546875000
7444.098638212 0.551757812
7458.192193577 0.556640625
7472.208881394 0.554199219
7486.145788067 0.556640625
7500.000000000 0.556640625
7513.769534945 0.561523437
7527.456136041 0.563964844
7541.062477772 0.566406250
7554.591234623 0.561523437
7568.045081081 0.563964844
7581.426691629 0.568847656
7594.738740754 0.571289062
7607.983902939 0.573730469
7621.164852671 0.576171875
7634.284264435 0.573730469
7647.344812715 0.576171875
7660.349171997 0.576171875
7673.300016766 0.583496094
7686.200021507 0.576171875
7699.051860705 0.578613281
7711.858208846 0.576171875
7724.621740414 0.583496094
7737.345129895 0.581054687
7750.031051773 0.583496094
7762.682180535 0.583496094
7775.301190664 0.583496094
7787.890756647 0.578613281
7800.453552968 0.585937500
7812.992254113 0.581054687
7825.509534566 0.583496094
7838.008068813 0.581054687
7850.490531339 0.581054687
7862.959596629 0.581054687
7875.417939168 0.578613281
7887.868233442 0.583496094
7900.313153935 0.581054687
7912.755375133 0.578613281
7925.197571521 0.578613281
7937.642417583 0.576171875
7950.092587806 0.573730469
7962.550756674 0.573730469
7975.019598672 0.576171875
7987.501788286 0.576171875
8000.000000000 0.571289062
8012.516224399 0.566406250
8025.049716461 0.563964844
8037.599047265 0.563964844
8050.162787886 0.563964844
8062.739509404 0.556640625
8075.327782896 0.556640625
8087.926179439 0.554199219
8100.533270111 0.554199219
8113.147625990 0.546875000
8125.767818153 0.544433594
8138.392417677 0.544433594
8151.019995641 0.539550781
8163.649123121 0.539550781
8176.278371196 0.537109375
8188.906310943 0.534667969
8201.531513440 0.532226562
8214.152549764 0.527343750
8226.767990993 0.529785156
8239.376408205 0.522460937
8251.976372476 0.522460937
8264.566454885 0.517578125
8277.145226509 0.517578125
8289.711258426 0.510253906
8302.263121713 0.510253906
8314.799387449 0.500488281
8327.318626710 0.502929687
8339.819410574 0.495605469
8352.300310119 0.495605469
8364.759896422 0.488281250
8377.196740561 0.490722656
8389.609413614 0.490722656
8401.996486658 0.485839844
8414.356530770 0.480957031
8426.688117029 0.476074219
8438.989816512 0.471191406
8451.260200296 0.473632812
8463.497839460 0.466308594
8475.701305080 0.471191406
8487.869168234 0.466308594
8500.000000000 0.466308594
8512.092795095 0.461425781
8524.148242797 0.458984375
8536.167456022 0.456542969
8548.151547687 0.456542969
8560.101630710 0.451660156
8572.018818006 0.449218750
8583.904222493 0.449218750
8595.758957087 0.449218750
8607.584134706 0.444335937
8619.380868267 0.444335937
8631.150270686 0.439453125
8642.893454880 0.439453125
8654.611533767 0.437011719
8666.305620262 0.437011719
8677.976827284 0.434570312
8689.626267748 0.434570312
8701.255054572 0.429687500
8712.864300672 0.432128906
8724.455118966 0.424804687
8736.028622371 0.427246094
8747.585923803 0.422363281
8759.128136179 0.422363281
8770.656372416 0.422363281
8782.171745431 0.422363281
8793.675368141 0.417480469
8805.168353463 0.419921875
8816.651814313 0.415039062
8828.126863609 0.417480469
8839.594614267 0.410156250
8851.056179205 0.415039062
8862.512671339 0.405273437
8873.965203586 0.410156250
8885.414888863 0.402832031
8896.862840087 0.402832031
8908.310170175 0.397949219
8919.757992043 0.402832031
8931.207418609 0.397949219
8942.659562789 0.400390625
8954.115537501 0.395507812
8965.576455661 0.397949219
8977.043430187 0.393066406
8988.517573994 0.395507812
9000.000000000 0.385742187
9011.491465184 0.390625000
9022.991302775 0.383300781
9034.498490062 0.390625000
9046.012004337 0.383300781
9057.530822890 0.383300781
9069.053923011 0.380859375
9080.580281991 0.383300781
9092.108877120 0.375976562
9103.638685690 0.378417969
9115.168684989 0.375976562
9126.697852310 0.375976562
9138.225164942 0.375976562
9149.749600176 0.375976562
9161.270135302 0.366210937
9172.785747611 0.371093750
9184.295414394 0.358886719
9195.798112941 0.366210937
9207.292820542 0.363769531
9218.778514488 0.361328125
9230.254172070 0.361328125
9241.718770578 0.361328125
9253.171287302 0.351562500
9264.610699533 0.358886719
9276.035984562 0.354003906
9287.446119679 0.356445312
9298.840082174 0.354003906
9310.216849338 0.354003906
9321.575398462 0.346679687
9332.914706836 0.351562500
9344.233751751 0.346679687
9355.531510496 0.344238281
9366.806960364 0.341796875
9378.059078643 0.341796875
9389.286842625 0.339355469
9400.489229600 0.344238281
9411.665216859 0.339355469
9422.813781692 0.341796875
9433.933901389 0.334472656
9445.024553242 0.336914062
9456.084714540 0.329589844
9467.113362574 0.334472656
9478.109474636 0.327148437
9489.072028014 0.332031250
9500.000000000 0.324707031
9510.892694944 0.334472656
9521.750725434 0.317382812
9532.575031117 0.327148437
9543.366551642 0.319824219
9554.126226655 0.324707031
9564.854995806 0.317382812
9575.553798741 0.317382812
9586.223575108 0.314941406
9596.865264555 0.314941406
9607.479806730 0.314941406
9618.068141281 0.314941406
9628.631207854 0.307617187
9639.169946098 0.314941406
9649.685295661 0.305175781
9660.178196190 0.307617187
9670.649587332 0.302734375
9681.100408737 0.302734375
9691.531600051 0.300292969
9701.944100922 0.302734375
9712.338850997 0.297851562
9722.716789926 0.297851562
9733.078857354 0.295410156
9743.425992931 0.297851562
9753.759136303 0.292968750
9764.079227119 0.292968750
9774.387205025 0.290527344
9784.684009671 0.290527344
9794.970580703 0.290527344
9805.247857769 0.285644531
9815.516780517 0.285644531
9825.778288595 0.283203125
9836.033321651 0.283203125
9846.282819331 0.283203125
9856.527721284 0.278320312
9866.768967158 0.278320312
9877.007496600 0.275878906
9887.244249259 0.273437500
9897.480164780 0.275878906
9907.716182814 0.275878906
9917.953243006 0.273437500
9928.192285005 0.266113281
9938.434248459 0.268554687
9948.680073015 0.263671875
9958.930698321 0.266113281
9969.187064025 0.266113281
9979.450109774 0.261230469
9989.720775217 0.261230469
10000.000000000 0.263671875
10010.288437026 0.256347656
10020.585592213 0.256347656
10030.890684732 0.253906250
10041.202933757 0.253906250
10051.521558459 0.251464844
10061.845778011 0.253906250
10072.174811585 0.246582031
10082.507878352 0.253906250
10092.844197486 0.246582031
10103.182988158 0.246582031
10113.523469541 0.244140625
10123.864860807 0.244140625
10134.206381127 0.239257812
10144.547249675 0.241699219
10154.886685623 0.241699219
10165.223908141 0.236816406
10175.558136404 0.239257812
10185.888589583 0.236816406
10196.214486850 0.234375000
10206.535047377 0.234375000
10216.849490337 0.227050781
10227.157034902 0.224609375
10237.456900243 0.224609375
10247.748305534 0.227050781
10258.030469947 0.222167969
10268.302612653 0.224609375
10278.563952825 0.219726562
10288.813709635 0.222167969
10299.051102255 0.217285156
10309.275349858 0.219726562
10319.485671615 0.214843750
10329.681286699 0.214843750
10339.861414282 0.212402344
10350.025273536 0.209960937
10360.172083634 0.209960937
10370.301063748 0.214843750
10380.411433049 0.202636719
10390.502410711 0.209960937
10400.573215904 0.209960937
10410.623067802 0.207519531
10420.651185577 0.202636719
10430.656788401 0.202636719
10440.639095446 0.200195312
10450.597325884 0.205078125
10460.530698887 0.195312500
10470.438433628 0.197753906
10480.319749279 0.192871094
10490.173865013 0.195312500
10500.000000000 0.195312500
10509.797640348 0.190429687
10519.567339897 0.190429687
10529.309919424 0.192871094
10539.026199703 0.185546875
10548.717001509 0.190429687
10558.383145618 0.185546875
10568.025452806 0.187988281
10577.644743846 0.180664062
10587.241839516 0.185546875
10596.817560589 0.180664062
10606.372727842 0.185546875
10615.908162049 0.178222656
10625.424683986 0.185546875
10634.923114428 0.175781250
10644.404274150 0.175781250
10653.868983928 0.173339844
10663.318064536 0.178222656
10672.752336751 0.173339844
10682.172621347 0.175781250
10691.579739100 0.170898437
10700.974510785 0.170898437
10710.357757177 0.168457031
10719.730299051 0.170898437
10729.092957183 0.163574219
10738.446552349 0.170898437
10747.791905322 0.166015625
10757.129836880 0.170898437
10766.461167796 0.163574219
10775.786718846 0.163574219
10785.107310805 0.158691406
10794.423764450 0.163574219
10803.736900554 0.163574219
10813.047539893 0.163574219
10822.356503243 0.153808594
10831.664611379 0.161132812
10840.972685076 0.156250000
10850.281545109 0.158691406
10859.592012253 0.156250000
10868.904907285 0.156250000
10878.221050979 0.151367187
10887.541264110 0.156250000
10896.866367453 0.148925781
10906.197181785 0.156250000
10915.534527880 0.148925781
10924.879226514 0.153808594
10934.232098461 0.148925781
10943.593964497 0.151367187
10952.965645398 0.146484375
10962.347961938 0.151367187
10971.741734893 0.139160156
10981.147785038 0.148925781
10990.566933149 0.144042969
11000.000000000 0.146484375
11009.447528263 0.139160156
11018.908948193 0.144042969
11028.383411941 0.134277344
11037.870071657 0.144042969
11047.368079492 0.131835937
11056.876587597 0.141601562
11066.394748124 0.131835937
11075.921713222 0.141601562
11085.456635042 0.129394531
11094.998665736 0.144042969
11104.546957454 0.131835937
11114.100662347 0.139160156
11123.658932567 0.131835937
11133.220920262 0.134277344
11142.785777585 0.122070312
11152.352656687 0.134277344
11161.920709718 0.124511719
11171.489088828 0.129394531
11181.056946170 0.124511719
11190.623433893 0.129394531
11200.187704149 0.122070312
11209.748909088 0.126953125
11219.306200861 0.117187500
11228.858731619 0.124511719
11238.405653512 0.119628906
11247.946118692 0.124511719
11257.479279310 0.119628906
11267.004287516 0.122070312
11276.520295461 0.119628906
11286.026455296 0.122070312
11295.521919171 0.119628906
11305.005839238 0.122070312
11314.477367648 0.117187500
11323.935656550 0.117187500
11333.379858097 0.119628906
11342.809124438 0.119628906
11352.222607725 0.114746094
11361.619460109 0.117187500
11370.998833740 0.112304687
11380.359880769 0.114746094
11389.701753347 0.109863281
11399.023603624 0.117187500
11408.324583753 0.112304687
11417.603845882 0.114746094
11426.860542164 0.109863281
11436.093824749 0.109863281
11445.302845788 0.109863281
11454.486757432 0.112304687
11463.644711831 0.109863281
11472.775861137 0.107421875
11481.879357500 0.104980469
11490.954353070 0.107421875
11500.000000000 0.102539062
11509.015687893 0.104980469
11518.001756169 0.100097656
11526.958781702 0.107421875
11535.887341365 0.104980469
11544.788012031 0.104980469
11553.661370574 0.100097656
11562.507993868 0.104980469
11571.328458785 0.100097656
11580.123342199 0.107421875
11588.893220985 0.100097656
11597.638672014 0.102539062
11606.360272161 0.097656250
11615.058598299 0.100097656
11623.734227301 0.097656250
11632.387736041 0.097656250
11641.019701392 0.095214844
11649.630700229 0.100097656
11658.221309423 0.095214844
11666.792105849 0.097656250
11675.343666381 0.092773437
11683.876567890 0.095214844
11692.391387252 0.095214844
11700.888701340 0.097656250
11709.369087026 0.095214844
11717.833121184 0.095214844
11726.281380688 0.092773437
11734.714442412 0.097656250
11743.132883228 0.092773437
11751.537280010 0.092773437
11759.928209632 0.090332031
11768.306248967 0.087890625
11776.671974888 0.085449219
11785.025964269 0.092773437
11793.368793984 0.090332031
11801.701040905 0.090332031
11810.023281906 0.087890625
11818.336093861 0.090332031
11826.640053644 0.090332031
11834.935738126 0.090332031
11843.223724183 0.083007812
11851.504588687 0.090332031
11859.778908512 0.085449219
11868.047260532 0.087890625
11876.310221619 0.085449219
11884.568368647 0.085449219
11892.822278490 0.085449219
11901.072528021 0.085449219
11909.319694114 0.085449219
11917.564353642 0.080566406
11925.807083478 0.083007812
11934.048460496 0.085449219
11942.289061569 0.083007812
11950.529463571 0.083007812
11958.770243375 0.083007812
11967.011977855 0.083007812
11975.255243884 0.080566406
11983.500618336 0.085449219
11991.748678083 0.080566406
12000.000000000 0.078125000
12008.255018183 0.083007812
12016.513595622 0.083007812
12024.775452528 0.080566406
12033.040309116 0.080566406
12041.307885597 0.078125000
12049.577902184 0.083007812
12057.850079090 0.075683594
12066.124136527 0.078125000
12074.399794708 0.075683594
12082.676773847 0.075683594
12090.954794154 0.075683594
12099.233575843 0.075683594
12107.512839128 0.075683594
12115.792304219 0.078125000
12124.071691330 0.075683594
12132.350720674 0.073242187
12140.629112464 0.075683594
12148.906586911 0.075683594
12157.182864228 0.075683594
12165.457664629 0.073242187
12173.730708326 0.073242187
12182.001715531 0.073242187
12190.270406458 0.075683594
12198.536501318 0.075683594
12206.799720324 0.073242187
12215.059783690 0.073242187
12223.316411627 0.070800781
12231.569324349 0.068359375
12239.818242068 0.070800781
12248.062884997 0.068359375
12256.302973348 0.070800781
12264.538227334 0.065917969
12272.768367167 0.073242187
12280.993113061 0.070800781
12289.212185228 0.070800781
12297.425303880 0.070800781
12305.632189231 0.068359375
12313.832561492 0.065917969
12322.026140877 0.065917969
12330.212647598 0.070800781
12338.391801868 0.068359375
12346.563323900 0.065917969
12354.726933905 0.065917969
12362.882352097 0.068359375
12371.029298689 0.063476562
12379.167493893 0.065917969
12387.296657922 0.065917969
12395.416510987 0.063476562
12403.526773303 0.065917969
12411.627165082 0.058593750
12419.717406536 0.063476562
12427.797217878 0.058593750
12435.866319320 0.063476562
12443.924431076 0.058593750
12451.971273358 0.063476562
12460.006566378 0.058593750
12468.030030349 0.065917969
12476.041385485 0.058593750
12484.040351996 0.065917969
12492.026650097 0.058593750
12500.000000000 0.061035156
12507.960205338 0.058593750
12515.907403425 0.061035156
12523.841814999 0.056152344
12531.763660794 0.061035156
12539.673161546 0.056152344
12547.570537990 0.061035156
12555.456010863 0.056152344
12563.329800900 0.056152344
12571.192128836 0.056152344
12579.043215408 0.056152344
12586.883281351 0.056152344
12594.712547400 0.058593750
12602.531234291 0.058593750
12610.339562760 0.058593750
12618.137753542 0.058593750
12625.926027374 0.056152344
12633.704604990 0.053710937
12641.473707127 0.058593750
12649.233554519 0.051269531
12656.984367904 0.056152344
12664.726368015 0.051269531
12672.459775590 0.056152344
12680.184811363 0.051269531
12687.901696070 0.056152344
12695.610650447 0.051269531
12703.311895230 0.056152344
12711.005651154 0.053710937
12718.692138955 0.056152344
12726.371579368 0.048828125
12734.044193129 0.053710937
12741.710200974 0.043945312
12749.369823638 0.056152344
12757.023281857 0.043945312
12764.670796367 0.053710937
12772.312587903 0.048828125
12779.948877201 0.053710937
12787.579884997 0.043945312
12795.205832026 0.051269531
12802.826939024 0.043945312
12810.443426726 0.051269531
12818.055515868 0.043945312
12825.663427187 0.043945312
12833.267381416 0.043945312
12840.867599293 0.051269531
12848.464301552 0.041503906
12856.057708930 0.056152344
12863.648042162 0.039062500
12871.235521983 0.048828125
12878.820369130 0.039062500
12886.402804338 0.043945312
12893.983048342 0.041503906
12901.561321878 0.051269531
12909.137845683 0.036621094
12916.712840490 0.051269531
12924.286527037 0.039062500
12931.859126059 0.043945312
12939.430858291 0.039062500
12947.001944469 0.043945312
12954.572605329 0.039062500
12962.143061606 0.043945312
12969.713534036 0.034179687
12977.284243355 0.041503906
12984.855410298 0.036621094
12992.427255601 0.048828125
13000.000000000 0.036621094
13007.573864230 0.039062500
13015.149069026 0.036621094
13022.725835126 0.041503906
13030.304383263 0.034179687
13037.884934174 0.041503906
13045.467708594 0.034179687
13053.052927260 0.041503906
13060.640810906 0.036621094
13068.231580268 0.039062500
13075.825456083 0.034179687
13083.422659085 0.041503906
13091.023410011 0.034179687
13098.627929595 0.039062500
13106.236438574 0.034179687
13113.849157683 0.036621094
13121.466307658 0.034179687
13129.088109234 0.041503906
13136.714783148 0.034179687
13144.346550134 0.039062500
13151.983630929 0.034179687
13159.626246267 0.034179687
13167.274616886 0.031738281
13174.928963520 0.034179687
13182.589506904 0.036621094
13190.256467776 0.036621094
13197.930066869 0.039062500
13205.610524921 0.031738281
13213.298062666 0.026855469
13220.992900840 0.029296875
13228.695260179 0.029296875
13236.405361419 0.029296875
13244.123425294 0.029296875
13251.849672542 0.031738281
13259.584323897 0.031738281
13267.327600094 0.034179687
13275.079721871 0.026855469
13282.840909962 0.029296875
13290.611385103 0.031738281
13298.391368029 0.031738281
13306.181079477 0.031738281
13313.980740182 0.029296875
13321.790570879 0.029296875
13329.610792304 0.031738281
13337.441625193 0.029296875
13345.283290282 0.031738281
13353.136008306 0.029296875
13361.000000000 -0.014648437
