1000.000000000 -0.024414062
1011.337128640 -0.026855469
1022.354935541 -0.024414062
1033.058868989 -0.026855469
1043.454377271 -0.026855469
1053.546908676 -0.024414062
1063.341911490 -0.024414062
1072.844834001 -0.024414062
1082.061124495 -0.021972656
1090.996231260 -0.024414062
1099.655602584 -0.024414062
1108.044686753 -0.021972656
1116.168932056 -0.024414062
1124.033786778 -0.021972656
1131.644699208 -0.021972656
1139.007117632 -0.021972656
1146.126490338 -0.019531250
1153.008265614 -0.017089844
1159.657891746 -0.019531250
1166.080817021 -0.021972656
1172.282489728 -0.017089844
1178.268358153 -0.019531250
1184.043870583 -0.019531250
1189.614475306 -0.019531250
1194.985620609 -0.019531250
1200.162754780 -0.019531250
1205.151326105 -0.021972656
1209.956782871 -0.019531250
1214.584573367 -0.019531250
1219.040145880 -0.014648437
1223.328948695 -0.019531250
1227.456430102 -0.019531250
1231.428038387 -0.017089844
1235.249221838 -0.021972656
1238.925428741 -0.014648437
1242.462107384 -0.017089844
1245.864706054 -0.019531250
1249.138673038 -0.017089844
1252.289456625 -0.014648437
1255.322505100 -0.017089844
1258.243266752 -0.014648437
1261.057189867 -0.014648437
1263.769722733 -0.012207031
1266.386313637 -0.014648437
1268.912410866 -0.009765625
1271.353462708 -0.014648437
1273.714917450 -0.007324219
1276.002223379 -0.012207031
1278.220828782 -0.009765625
1280.376181947 -0.012207031
1282.473731161 -0.007324219
1284.518924711 -0.012207031
1286.517210885 -0.004882812
1288.474037969 -0.009765625
1290.394854251 -0.004882812
1292.285108018 -0.009765625
1294.150247558 -0.004882812
1295.995721158 -0.007324219
1297.826977105 -0.002441406
1299.649463686 -0.004882812
1301.468629188 -0.004882812
1303.289921900 -0.004882812
1305.118790107 0.000000000
1306.960682098 -0.002441406
1308.821046159 0.002441406
1310.705330578 0.000000000
1312.618983643 0.004882812
1314.567453640 0.002441406
1316.556188856 0.004882812
1318.590637579 0.004882812
1320.676248097 0.004882812
1322.818468696 0.004882812
1325.022747664 0.017089844
1327.294533288 0.004882812
1329.639273855 0.014648437
1332.062417652 0.012207031
1334.569412968 0.021972656
1337.165708088 0.014648437
1339.856751301 0.017089844
1342.647990893 0.017089844
1345.544875153 0.026855469
1348.552852366 0.026855469
1351.677370820 0.029296875
1354.923878804 0.019531250
1358.297824603 0.029296875
1361.804656505 0.034179687
1365.449822798 0.036621094
1369.238771769 0.031738281
1373.176951704 0.041503906
1377.269810892 0.039062500
1381.522797619 0.048828125
1385.941360173 0.043945312
1390.530946841 0.056152344
1395.297005910 0.056152344
1400.244985668 0.063476562
1405.380334401 0.056152344
1410.708500398 0.068359375
1416.234931945 0.065917969
1421.965077330 0.073242187
1427.904384839 0.073242187
1434.058302761 0.085449219
1440.432279382 0.080566406
1447.031762989 0.092773437
1453.862201871 0.092773437
1460.929044314 0.104980469
1468.237738605 0.104980469
1475.793733032 0.114746094
1483.602475882 0.117187500
1491.669415442 0.129394531
1500.000000000 0.129394531
1508.599677843 0.146484375
1517.473897257 0.151367187
1526.628106531 0.163574219
1536.067753951 0.168457031
1545.798287806 0.180664062
1555.825156381 0.180664062
1566.153807965 0.197753906
1576.789690844 0.202636719
1587.738253306 0.219726562
1599.004943639 0.224609375
1610.595210129 0.246582031
1622.514501063 0.251464844
1634.768264730 0.273437500
1647.361949415 0.270996094
1660.301003408 0.290527344
1673.590874994 0.300292969
1687.237012460 0.314941406
1701.244864096 0.329589844
1715.619878186 0.351562500
1730.367503020 0.356445312
1745.493186884 0.380859375
1761.002378065 0.393066406
1776.900524850 0.417480469
1793.193075528 0.427246094
1809.885478384 0.449218750
1826.983181707 0.461425781
1844.491633784 0.485839844
1862.416282901 0.507812500
1880.762577347 0.537109375
1899.535965408 0.549316406
1918.741895372 0.576171875
1938.385815526 0.600585937
1958.473174157 0.637207031
1979.009419553 0.654296875
2000.000000000 0.695800781
2021.447412245 0.715332031
2043.342346867 0.751953125
2065.672542904 0.791015625
2088.425739395 0.832519531
2111.589675377 0.864257812
2135.152089889 0.908203125
2159.100721968 0.939941406
2183.423310653 0.988769531
2208.107594982 1.022949219
2233.141313994 1.074218750
2258.512206725 1.108398437
2284.208012214 1.159667969
2310.216469500 1.193847656
2336.525317620 1.240234375
2363.122295613 1.276855469
2389.995142517 1.311035156
2417.131597369 1.350097656
2444.519399208 1.381835937
2472.146287073 1.413574219
2500.000000000 1.442871094
2528.076455088 1.477050781
2556.404281668 1.499023437
2585.020287134 1.523437500
2613.961278876 1.550292969
2643.264064287 1.564941406
2672.965450758 1.589355469
2703.102245682 1.601562500
2733.711256449 1.625976562
2764.829290453 1.643066406
2796.493155084 1.655273437
2828.739657735 1.672363281
2861.605605798 1.682128906
2895.127806664 1.701660156
2929.343067725 1.716308594
2964.288196373 1.728515625
3000.000000000 1.745605469
3036.492178017 1.755371094
3073.685997913 1.767578125
3111.479619195 1.779785156
3149.771201371 1.791992187
3188.458903949 1.799316406
3227.440886438 1.809082031
3266.615308344 1.811523437
3305.880329177 1.821289062
3345.134108443 1.818847656
3384.274805650 1.821289062
3423.200580307 1.821289062
3461.809591921 1.811523437
3500.000000000 1.804199219
3537.709998208 1.791992187
3575.037916833 1.779785156
3612.122120317 1.765136719
3649.100973104 1.757812500
3686.112839638 1.743164062
3723.296084363 1.733398437
3760.789071720 1.723632812
3798.730166155 1.716308594
3837.257732110 1.711425781
3876.510134028 1.704101562
3916.625736354 1.706542969
3957.742903530 1.706542969
4000.000000000 1.708984375
4043.475558783 1.718750000
4088.008787203 1.721191406
4133.379061159 1.728515625
4179.365756550 1.735839844
4225.748249275 1.745605469
4272.305915233 1.755371094
4318.818130324 1.770019531
4365.064270447 1.779785156
4410.823711502 1.791992187
4455.875829386 1.801757812
4500.000000000 1.811523437
4543.026219611 1.818847656
4584.986965961 1.831054687
4625.965337160 1.840820312
4666.044431317 1.853027344
4705.307346542 1.857910156
4743.837180946 1.867675781
4781.717032638 1.870117187
4819.029999729 1.870117187
4855.859180327 1.865234375
4892.287672543 1.860351562
4928.398574488 1.850585937
4964.274984270 1.845703125
5000.000000000 1.828613281
5035.645499385 1.821289062
5071.238478518 1.801757812
5106.794713090 1.794433594
5142.329978793 1.767578125
5177.860051318 1.760253906
5213.400706355 1.738281250
5248.967719594 1.721191406
5284.576866728 1.694335937
5320.243923447 1.674804687
5355.984665442 1.650390625
5391.814868404 1.623535156
5427.750308024 1.591796875
5463.806759992 1.557617187
5500.000000000 1.518554687
5536.334906329 1.477050781
5572.772767624 1.435546875
5609.263975119 1.384277344
5645.758920049 1.340332031
5682.207993650 1.293945312
5718.561587157 1.242675781
5754.770091803 1.193847656
5790.783898825 1.137695312
5826.553399458 1.098632812
5862.028984936 1.042480469
5897.161046494 0.993652344
5931.899975367 0.947265625
5966.196162791 0.900878906
6000.000000000 0.852050781
6033.278132864 0.812988281
6066.062225796 0.764160156
6098.400197841 0.727539062
6130.339968046 0.690917969
6161.929455458 0.666503906
6193.216579124 0.625000000
6224.249258090 0.590820312
6255.075411403 0.559082031
6285.742958110 0.534667969
6316.299817257 0.507812500
6346.793907891 0.483398437
6377.273149059 0.463867187
6407.785459807 0.449218750
6438.378759182 0.429687500
6469.100966231 0.415039062
6500.000000000 0.395507812
6531.109732926 0.383300781
6562.407851003 0.366210937
6593.857993615 0.356445312
6625.423800146 0.341796875
6657.068909981 0.327148437
6688.756962502 0.310058594
6720.451597095 0.300292969
6752.116453143 0.290527344
6783.715170030 0.278320312
6815.211387141 0.266113281
6846.568743859 0.256347656
6877.750879569 0.244140625
6908.721433653 0.227050781
6939.444045497 0.217285156
6969.882354485 0.205078125
7000.000000000 0.195312500
7029.769909310 0.180664062
7059.202161217 0.173339844
7088.316122405 0.163574219
7117.131159561 0.156250000
7145.666639369 0.146484375
7173.941928515 0.134277344
7201.976393683 0.134277344
7229.789401559 0.126953125
7257.400318828 0.124511719
7284.828512176 0.122070312
7312.093348287 0.122070312
7339.214193847 0.122070312
7366.210415540 0.124511719
7393.101380053 0.122070312
7419.906454070 0.122070312
7446.645004277 0.126953125
7473.336397359 0.124511719
7500.000000000 0.124511719
7526.651229921 0.126953125
7553.289708975 0.131835937
7579.911110053 0.141601562
7606.511106044 0.144042969
7633.085369836 0.151367187
7659.629574319 0.156250000
7686.139392382 0.163574219
7712.610496914 0.166015625
7739.038560804 0.175781250
7765.419256941 0.185546875
7791.748258214 0.187988281
7818.021237512 0.195312500
7844.233867726 0.197753906
7870.381821742 0.205078125
7896.460772452 0.205078125
7922.466392743 0.214843750
7948.394355506 0.224609375
7974.240333628 0.224609375
8000.000000000 0.224609375
8025.670226996 0.236816406
8051.252684938 0.236816406
8076.750243634 0.246582031
8102.165772889 0.241699219
8127.502142512 0.249023437
8152.762222311 0.246582031
8177.948882092 0.251464844
8203.064991662 0.246582031
8228.113420830 0.246582031
8253.097039403 0.246582031
8278.018717187 0.249023437
8302.881323991 0.244140625
8327.687729622 0.246582031
8352.440803886 0.239257812
8377.143416592 0.241699219
8401.798437547 0.231933594
8426.408736557 0.234375000
8450.977183432 0.224609375
8475.506647977 0.224609375
8500.000000000 0.214843750
8524.458910645 0.214843750
8548.880256397 0.205078125
8573.259715080 0.212402344
8597.592964516 0.205078125
8621.875682527 0.202636719
8646.103546935 0.190429687
8670.272235564 0.195312500
8694.377426235 0.185546875
8718.414796770 0.183105469
8742.380024993 0.170898437
8766.268788725 0.178222656
8790.076765789 0.163574219
8813.799634008 0.168457031
8837.433071203 0.156250000
8860.972755197 0.163574219
8884.414363813 0.153808594
8907.753574873 0.161132812
8930.986066199 0.153808594
8954.107515614 0.161132812
8977.113600940 0.151367187
9000.000000000 0.156250000
9022.763753913 0.151367187
9045.407356989 0.158691406
9067.934666834 0.156250000
9090.349541056 0.163574219
9112.655837262 0.153808594
9134.857413058 0.161132812
9156.958126051 0.156250000
9178.961833849 0.158691406
9200.872394057 0.158691406
9222.693664284 0.166015625
9244.429502135 0.161132812
9266.083765218 0.166015625
9287.660311140 0.163574219
9309.162997507 0.168457031
9330.595681927 0.166015625
9351.962222006 0.170898437
9373.266475352 0.168457031
9394.512299570 0.168457031
9415.703552268 0.166015625
9436.844091054 0.170898437
9457.937773533 0.163574219
9478.988457313 0.166015625
9500.000000000 0.161132812
9520.976073693 0.163574219
9541.919608454 0.161132812
9562.833348837 0.163574219
9583.720039395 0.158691406
9604.582424682 0.158691406
9625.423249252 0.156250000
9646.245257658 0.158691406
9667.051194455 0.153808594
9687.843804195 0.156250000
9708.625831432 0.156250000
9729.400020719 0.151367187
9750.169116612 0.146484375
9770.935863663 0.153808594
9791.703006425 0.148925781
9812.473289453 0.146484375
9833.249457300 0.144042969
9854.034254520 0.146484375
9874.830425666 0.141601562
9895.640715292 0.134277344
9916.467867952 0.134277344
9937.314628199 0.134277344
9958.183740587 0.131835937
9979.077949669 0.129394531
10000.000000000 0.126953125
10020.951361724 0.119628906
10041.928407354 0.117187500
10062.926234991 0.112304687
10083.939942740 0.112304687
10104.964628703 0.104980469
10125.995390985 0.102539062
10147.027327687 0.095214844
10168.055536913 0.092773437
10189.075116767 0.087890625
10210.081165350 0.083007812
10231.068780768 0.083007812
10252.033061122 0.080566406
10272.969104517 0.075683594
10293.872009054 0.078125000
10314.736872838 0.070800781
10335.558793971 0.068359375
10356.332870557 0.063476562
10377.054200699 0.065917969
10397.717882500 0.065917969
10418.319014063 0.061035156
10438.852693491 0.061035156
10459.314018888 0.058593750
10479.698088356 0.058593750
10500.000000000 0.063476562
10520.215821784 0.056152344
10540.345501127 0.061035156
10560.389955306 0.058593750
10580.350101603 0.061035156
10600.226857297 0.056152344
10620.021139668 0.061035156
10639.733865995 0.063476562
10659.365953559 0.068359375
10678.918319638 0.063476562
10698.391881513 0.068359375
10717.787556464 0.068359375
10737.106261770 0.073242187
10756.348914711 0.070800781
10775.516432566 0.073242187
10794.609732616 0.073242187
10813.629732140 0.075683594
10832.577348418 0.070800781
10851.453498729 0.073242187
10870.259100354 0.073242187
10888.995070572 0.075683594
10907.662326663 0.075683594
10926.261785906 0.078125000
10944.794365582 0.070800781
10963.260982970 0.080566406
10981.662555349 0.073242187
11000.000000000 0.075683594
11018.274637958 0.073242187
11036.489405284 0.070800781
11054.647641792 0.070800781
11072.752687298 0.073242187
11090.807881619 0.073242187
11108.816564570 0.070800781
11126.782075967 0.065917969
11144.707755625 0.068359375
11162.596943361 0.063476562
11180.452978990 0.065917969
11198.279202328 0.061035156
11216.078953190 0.063476562
11233.855571393 0.058593750
11251.612396752 0.063476562
11269.352769083 0.056152344
11287.080028201 0.063476562
11304.797513923 0.043945312
11322.508566065 0.056152344
11340.216524441 0.048828125
11357.924728868 0.056152344
11375.636519161 0.043945312
11393.355235137 0.053710937
11411.084216610 0.043945312
11428.826803398 0.053710937
11446.586335314 0.043945312
11464.366152177 0.051269531
11482.169593800 0.041503906
11500.000000000 0.048828125
11517.859628293 0.041503906
11535.746406996 0.051269531
11553.657182126 0.041503906
11571.588799701 0.043945312
11589.538105737 0.039062500
11607.501946253 0.051269531
11625.477167266 0.041503906
11643.460614793 0.051269531
11661.449134851 0.041503906
11679.439573458 0.043945312
11697.428776631 0.043945312
11715.413590388 0.043945312
11733.390860745 0.039062500
11751.357433720 0.041503906
11769.310155331 0.039062500
11787.245871595 0.036621094
11805.161428529 0.034179687
11823.053672151 0.031738281
11840.919448477 0.031738281
11858.755603526 0.031738281
11876.558983314 0.026855469
11894.326433860 0.031738281
11912.054801179 0.024414062
11929.740931291 0.024414062
11947.381670211 0.024414062
11964.973863958 0.026855469
11982.514358548 0.017089844
12000.000000000 0.024414062
12017.428248449 0.017089844
12034.799020510 0.021972656
12052.112846915 0.019531250
12069.370258397 0.019531250
12086.571785689 0.014648437
12103.717959524 0.019531250
12120.809310635 0.014648437
12137.846369754 0.014648437
12154.829667616 0.014648437
12171.759734952 0.017089844
12188.637102495 0.014648437
12205.462300979 0.017089844
12222.235861136 0.014648437
12238.958313699 0.014648437
12255.630189401 0.014648437
12272.252018975 0.017089844
12288.824333155 0.017089844
12305.347662672 0.017089844
12321.822538259 0.014648437
12338.249490650 0.014648437
12354.629050578 0.014648437
12370.961748775 0.014648437
12387.248115975 0.014648437
12403.488682910 0.014648437
12419.683980312 0.014648437
12435.834538916 0.014648437
12451.940889454 0.012207031
12468.003562659 0.009765625
12484.023089263 0.012207031
12500.000000000 0.012207031
12515.935071700 0.012207031
12531.830065585 0.012207031
12547.686988973 0.012207031
12563.507849184 0.012207031
12579.294653536 0.009765625
12595.049409348 0.012207031
12610.774123940 0.012207031
12626.470804630 0.012207031
12642.141458737 0.009765625
12657.788093581 0.012207031
12673.412716480 0.014648437
12689.017334753 0.014648437
12704.603955719 0.012207031
12720.174586697 0.012207031
12735.731235006 0.014648437
12751.275907966 0.012207031
12766.810612894 0.017089844
12782.337357111 0.014648437
12797.858147934 0.014648437
12813.374992683 0.019531250
12828.889898677 0.014648437
12844.404873235 0.019531250
12859.921923676 0.014648437
12875.443057319 0.014648437
12890.970281482 0.014648437
12906.505603485 0.014648437
12922.051030647 0.014648437
12937.608570286 0.014648437
12953.180229722 0.014648437
12968.768016274 0.017089844
12984.373937260 0.014648437
13000.000000000 0.012207031
13015.647519654 0.014648437
13031.315042748 0.012207031
13047.000423650 0.017089844
13062.701516729 0.012207031
13078.416176351 0.014648437
13094.142256885 0.014648437
13109.877612699 0.014648437
13125.620098161 0.009765625
13141.367567638 0.014648437
13157.117875499 0.009765625
13172.868876110 0.014648437
13188.618423841 0.009765625
13204.364373059 0.017089844
13220.104578132 0.009765625
13235.836893427 0.012207031
13251.559173313 0.007324219
13267.269272158 0.014648437
13282.965044329 0.009765625
13298.644344194 0.017089844
13314.305026121 0.007324219
13329.944944478 0.012207031
13345.561953634 0.004882812
13361.153907954 0.012207031
13376.718661809 0.007324219
13392.254069565 0.012207031
13407.757985590 0.007324219
13423.228264253 0.009765625
13438.662759921 0.009765625
13454.059326961 0.012207031
13469.415819743 0.002441406
13484.730092633 0.004882812
13500.000000000 0.004882812
13515.223969701 0.009765625
13530.402723555 0.002441406
13545.537556868 0.009765625
13560.629764949 0.002441406
13575.680643104 0.004882812
13590.691486642 0.002441406
13605.663590871 0.009765625
13620.598251097 0.000000000
13635.496762629 0.012207031
13650.360420773 0.000000000
13665.190520839 0.002441406
13679.988358133 0.000000000
13694.755227963 0.004882812
13709.492425636 0.000000000
13724.201246461 0.002441406
13738.882985744 0.000000000
13753.538938794 0.004882812
13768.170400918 0.000000000
13782.778667424 0.002441406
13797.365033619 -0.002441406
13811.930794811 0.002441406
13826.477246308 -0.004882812
13841.005683417 0.002441406
13855.517401445 -0.007324219
13870.013695701 0.002441406
13884.495861493 -0.004882812
13898.965194127 0.002441406
13913.422988911 -0.007324219
13927.870541153 0.004882812
13942.309146161 -0.004882812
13956.740099242 0.002441406
13971.164695704 -0.004882812
13985.584230854 0.002441406
14000.000000000 -0.004882812
14014.413012878 -0.004882812
14028.823136939 -0.007324219
14043.229954061 -0.002441406
14057.633046123 -0.004882812
14072.031995002 0.000000000
14086.426382579 -0.002441406
14100.815790731 -0.002441406
14115.199801338 -0.004882812
14129.577996277 0.002441406
14143.949957428 -0.007324219
14158.315266669 0.000000000
14172.673505879 -0.004882812
14187.024256936 -0.002441406
14201.367101720 -0.004882812
14215.701622108 -0.002441406
14230.027399980 -0.004882812
14244.344017214 -0.004882812
14258.651055688 -0.004882812
14272.948097282 -0.002441406
14287.234723874 -0.009765625
14301.510517343 -0.002441406
14315.775059567 -0.004882812
14330.027932425 0.002441406
14344.268717796 -0.007324219
14358.496997558 -0.002441406
14372.712353590 -0.007324219
14386.914367770 -0.007324219
14401.102621978 -0.009765625
14415.276698091 -0.007324219
14429.436177989 -0.004882812
14443.580643550 -0.004882812
14457.709676653 -0.007324219
14471.822859177 -0.007324219
14485.919773000 -0.012207031
14500.000000000 -0.007324219
14514.063288220 -0.004882812
14528.110050357 -0.009765625
14542.140865268 -0.009765625
14556.156311815 -0.007324219
14570.156968856 -0.009765625
14584.143415252 -0.009765625
14598.116229861 -0.007324219
14612.075991543 -0.007324219
14626.023279157 -0.007324219
14639.958671564 -0.009765625
14653.882747623 -0.004882812
14667.796086193 -0.014648437
14681.699266133 -0.009765625
14695.592866304 -0.009765625
14709.477465564 -0.012207031
14723.353642774 -0.012207031
14737.221976793 -0.012207031
14751.083046480 -0.017089844
14764.937430695 -0.009765625
14778.785708298 -0.012207031
14792.628458147 -0.012207031
14806.466259103 -0.014648437
14820.299690025 -0.012207031
14834.129329772 -0.014648437
14847.955757205 -0.012207031
14861.779551182 -0.014648437
14875.601290563 -0.012207031
14889.421554208 -0.017089844
14903.240920976 -0.014648437
14917.059969726 -0.014648437
14930.879279319 -0.014648437
14944.699428614 -0.017089844
14958.520996470 -0.009765625
14972.344561746 -0.019531250
14986.170703303 -0.014648437
15000.000000000 -0.017089844
15013.832418902 -0.014648437
15027.665479899 -0.017089844
15041.496091084 -0.017089844
15055.321160555 -0.017089844
15069.137596404 -0.014648437
15082.942306728 -0.017089844
15096.732199621 -0.014648437
15110.504183179 -0.021972656
15124.255165496 -0.014648437
15137.982054667 -0.017089844
15151.681758788 -0.014648437
15165.351185953 -0.019531250
15178.987244257 -0.012207031
15192.586841796 -0.019531250
15206.146886663 -0.014648437
15219.664286956 -0.019531250
15233.135950767 -0.017089844
15246.558786193 -0.017089844
15259.929701328 -0.014648437
15273.245604267 -0.014648437
15286.503403106 -0.014648437
15299.700005938 -0.019531250
15312.832320860 -0.017089844
15325.897255967 -0.017089844
15338.891719352 -0.014648437
15351.812619112 -0.021972656
15364.656863341 -0.017089844
15377.421360135 -0.019531250
15390.103017587 -0.014648437
15402.698743794 -0.017089844
15415.205446850 -0.014648437
15427.620034850 -0.017089844
15439.939415890 -0.017089844
15452.160498063 -0.017089844
15464.280189466 -0.014648437
15476.295398193 -0.017089844
15488.203032340 -0.009765625
15500.000000000 -0.021972656
15511.685893027 -0.009765625
15523.271038306 -0.024414062
15534.768446476 -0.014648437
15546.191128181 -0.014648437
15557.552094062 -0.014648437
15568.864354760 -0.029296875
15580.140920917 -0.014648437
15591.394803175 -0.019531250
15602.639012175 -0.012207031
15613.886558560 -0.017089844
15625.150452970 -0.014648437
15636.443706047 -0.021972656
15647.779328434 -0.014648437
15659.170330771 -0.017089844
15670.629723701 -0.014648437
15682.170517864 -0.019531250
15693.805723903 -0.014648437
15705.548352459 -0.014648437
15717.411414175 -0.017089844
15729.407919691 -0.021972656
15741.550879649 -0.014648437
15753.853304691 -0.017089844
15766.328205458 -0.012207031
15778.988592593 -0.021972656
15791.847476736 -0.012207031
15804.917868530 -0.019531250
15818.212778617 -0.014648437
15831.745217637 -0.017089844
15845.528196232 -0.014648437
15859.574725045 -0.017089844
15873.897814716 -0.014648437
15888.510475888 -0.014648437
15903.425719201 -0.014648437
15918.656555299 -0.021972656
15934.215994822 -0.012207031
15950.117048412 -0.019531250
15966.372726710 -0.012207031
15982.996040359 -0.017089844
16000.000000000 -0.014648437
16017.389968458 -0.019531250
16035.140717289 -0.009765625
16053.219370235 -0.019531250
16071.593051035 -0.012207031
16090.228883430 -0.019531250
16109.093991161 -0.017089844
16128.155497967 -0.021972656
16147.380527588 -0.009765625
16166.736203766 -0.019531250
16186.189650240 -0.017089844
16205.707990751 -0.019531250
16225.258349038 -0.014648437
16244.807848843 -0.021972656
16264.323613906 -0.009765625
16283.772767966 -0.019531250
16303.122434765 -0.014648437
16322.339738042 -0.017089844
16341.391801538 -0.014648437
16360.245748993 -0.021972656
16378.868704148 -0.014648437
16397.227790742 -0.017089844
16415.290132517 -0.009765625
16433.022853212 -0.017089844
16450.393076567 -0.014648437
16467.367926323 -0.019531250
16483.914526221 -0.017089844
16500.000000000 -0.017089844
16515.599107455 -0.017089844
16530.717152598 -0.017089844
16545.367075495 -0.019531250
16559.561816210 -0.017089844
16573.314314811 -0.014648437
16586.637511363 -0.019531250
16599.544345932 -0.019531250
16612.047758583 -0.017089844
16624.160689382 -0.017089844
16635.896078395 -0.017089844
16647.266865689 -0.017089844
16658.285991328 -0.017089844
16668.966395379 -0.014648437
16679.321017907 -0.017089844
16689.362798978 -0.017089844
16699.104678658 -0.017089844
16708.559597013 -0.017089844
16717.740494109 -0.017089844
16726.660310011 -0.014648437
16735.331984785 -0.014648437
16743.768458497 -0.019531250
16751.982671213 -0.019531250
16759.987562999 -0.014648437
16767.796073920 -0.019531250
16775.421144042 -0.014648437
16782.875713432 -0.017089844
16790.172722154 -0.014648437
16797.325110275 -0.017089844
16804.345817860 -0.017089844
16811.247784976 -0.021972656
16818.043951688 -0.014648437
16824.747258061 -0.017089844
16831.370644162 -0.019531250
16837.927050057 -0.012207031
16844.429415811 -0.017089844
16850.890681491 -0.017089844
16857.323787161 -0.021972656
16863.741672888 -0.014648437
16870.157278737 -0.017089844
16876.583544775 -0.014648437
16883.033411067 -0.019531250
16889.519817679 -0.017089844
16896.055704676 -0.019531250
16902.654012125 -0.017089844
16909.327680092 -0.019531250
16916.089648642 -0.019531250
16922.952857840 -0.019531250
16929.930247754 -0.017089844
16937.034758448 -0.021972656
16944.279329989 -0.021972656
16951.676902442 -0.021972656
16959.240415872 -0.014648437
16966.982810347 -0.021972656
16974.917025931 -0.014648437
16983.056002691 -0.019531250
16991.412680692 -0.017089844
17000.000000000 -0.019531250
17008.827491410 -0.014648437
17017.891048629 -0.021972656
17027.183156097 -0.021972656
17036.696298250 -0.021972656
17046.422959525 -0.014648437
17056.355624361 -0.019531250
17066.486777194 -0.019531250
17076.808902463 -0.021972656
17087.314484604 -0.021972656
17097.996008055 -0.021972656
17108.845957253 -0.021972656
17119.856816636 -0.019531250
17131.021070642 -0.019531250
17142.331203708 -0.021972656
17153.779700270 -0.019531250
17165.359044768 -0.021972656
17177.061721637 -0.017089844
17188.880215317 -0.024414062
17200.807010243 -0.021972656
17212.834590854 -0.021972656
17224.955441587 -0.019531250
17237.162046880 -0.021972656
17249.446891169 -0.017089844
17261.802458893 -0.024414062
17274.221234489 -0.014648437
17286.695702394 -0.024414062
17299.218347045 -0.017089844
17311.781652881 -0.024414062
17324.378104339 -0.017089844
17337.000185856 -0.024414062
17349.640381869 -0.017089844
17362.291176817 -0.024414062
17374.945055136 -0.014648437
17387.594501264 -0.024414062
17400.231999638 -0.017089844
17412.850034696 -0.021972656
17425.441090876 -0.021972656
17437.997652615 -0.029296875
17450.512204349 -0.019531250
17462.977230518 -0.021972656
17475.385215557 -0.021972656
17487.728643906 -0.024414062
17500.000000000 -0.021972656
17512.193351253 -0.024414062
17524.309096978 -0.019531250
17536.349219462 -0.026855469
17548.315700993 -0.019531250
17560.210523861 -0.024414062
17572.035670351 -0.014648437
17583.793122754 -0.024414062
17595.484863356 -0.017089844
17607.112874445 -0.024414062
17618.679138311 -0.019531250
17630.185637239 -0.024414062
17641.634353520 -0.019531250
17653.027269440 -0.026855469
17664.366367287 -0.019531250
17675.653629350 -0.024414062
17686.891037917 -0.017089844
17698.080575275 -0.024414062
17709.224223713 -0.024414062
17720.323965519 -0.021972656
17731.381782980 -0.021972656
17742.399658385 -0.024414062
17753.379574022 -0.019531250
17764.323512178 -0.024414062
17775.233455141 -0.019531250
17786.111385201 -0.026855469
17796.959284644 -0.021972656
17807.779135759 -0.021972656
17818.572920833 -0.024414062
17829.342622155 -0.024414062
17840.090222013 -0.021972656
17850.817702694 -0.024414062
17861.527046487 -0.021972656
17872.220235680 -0.021972656
17882.899252560 -0.019531250
17893.566079416 -0.024414062
17904.222698536 -0.021972656
17914.871092207 -0.021972656
17925.513242718 -0.021972656
17936.151132357 -0.021972656
17946.786743412 -0.017089844
17957.422058170 -0.019531250
17968.059058920 -0.021972656
17978.699727950 -0.024414062
17989.346047547 -0.021972656
18000.000000000 -0.021972656
18010.663567597 -0.024414062
18021.338732625 -0.021972656
18032.027477374 -0.021972656
18042.731784130 -0.021972656
18053.453635181 -0.021972656
18064.195012817 -0.017089844
18074.957899324 -0.024414062
18085.744276991 -0.019531250
18096.556128106 -0.024414062
18107.395434956 -0.024414062
18118.264179830 -0.024414062
18129.164345016 -0.017089844
18140.097912802 -0.024414062
18151.066865476 -0.019531250
18162.073185325 -0.024414062
18173.118854638 -0.024414062
18184.205855703 -0.024414062
18195.336170807 -0.021972656
18206.511782240 -0.024414062
18217.734672288 -0.024414062
18229.006823240 -0.024414062
18240.330217384 -0.021972656
18251.706837008 -0.024414062
18263.138664399 -0.021972656
18274.627681846 -0.026855469
18286.175871637 -0.021972656
18297.785216060 -0.024414062
18309.457697403 -0.021972656
18321.195297954 -0.026855469
