500.000000000 0.003284072
500.706687577 0.002736727
501.421372296 0.002736727
502.144091352 0.001642036
502.874881938 0.002736727
503.613781249 0.001642036
504.360826479 0.003284072
505.116054821 0.002189381
505.879503471 0.003284072
506.651209621 0.002736727
507.431210467 0.003284072
508.219543202 0.002189381
509.016245020 0.004378763
509.821353115 0.003284072
510.634904683 0.005473454
511.456936916 0.003831418
512.287487008 0.006020799
513.126592155 0.003831418
513.974289549 0.004926108
514.830616386 0.004378763
515.695609858 0.005473454
516.569307161 0.004926108
517.451745489 0.006020799
518.342962035 0.005473454
519.242993993 0.006568144
520.151878558 0.005473454
521.069652924 0.006568144
521.996354284 0.005473454
522.932019834 0.007115490
523.876686767 0.007115490
524.830392277 0.008210181
525.793173558 0.007662835
526.765067804 0.008210181
527.746112210 0.008210181
528.736343970 0.008757526
529.735800277 0.007662835
530.744518326 0.009304871
531.762535311 0.009304871
532.789888426 0.009852217
533.826614865 0.009304871
534.872751822 0.009852217
535.928336492 0.009304871
536.993406067 0.012041598
538.067997744 0.011494253
539.152148715 0.011494253
540.245896174 0.012588944
541.349277317 0.012588944
542.462329336 0.013136289
543.585089426 0.013136289
544.717594782 0.012588944
545.859882596 0.013683634
547.011990064 0.013683634
548.173954379 0.014230980
549.345812736 0.014230980
550.527602328 0.015325670
551.719360351 0.014778325
552.921123996 0.016420361
554.132930460 0.016420361
555.354816936 0.017515052
556.586820618 0.016967707
557.828978700 0.016967707
559.081328376 0.018062397
560.343906841 0.018609743
561.616751288 0.019157088
562.899898912 0.019157088
564.193386907 0.019704433
565.497252466 0.020251779
566.811532785 0.020799124
568.136265056 0.020799124
569.471486475 0.021893815
570.817234234 0.021893815
572.173545529 0.022988506
573.540457554 0.022441160
574.918007502 0.023535851
576.306232567 0.023535851
577.705169945 0.024630542
579.114856828 0.023535851
580.535330411 0.025725233
581.966627888 0.025725233
583.408786453 0.026819923
584.861843301 0.026819923
586.325835624 0.027914614
587.800800619 0.029009305
589.286775477 0.029009305
590.783797395 0.029556650
592.291903565 0.031198686
593.811131182 0.031198686
595.341517440 0.032293377
596.883099533 0.031746032
598.435914655 0.033935413
600.000000000 0.033935413
601.575392763 0.033935413
603.162130137 0.034482759
604.760249316 0.036672140
606.369787496 0.036124795
607.990781869 0.037219485
609.623269629 0.035577449
611.267287972 0.039956212
612.922874091 0.039408867
614.590065180 0.041050903
616.268898433 0.041050903
617.959411045 0.042692939
619.661640209 0.042692939
621.375623120 0.044334975
623.101396971 0.043787630
624.838998957 0.045977011
626.588466272 0.045429666
628.349836110 0.047619048
630.123145665 0.047071702
631.908432131 0.049261084
633.705732702 0.047619048
635.515084573 0.049808429
637.336524937 0.050355774
639.170090989 0.053092501
641.015819922 0.051997811
642.873748931 0.054734537
644.743915210 0.054734537
646.626355953 0.056923919
648.521108354 0.056923919
650.428209608 0.059113300
652.347696907 0.058565955
654.279607447 0.059660646
656.223978421 0.059660646
658.180847024 0.061850027
660.150250450 0.062397373
662.132225892 0.064039409
664.126810546 0.064586754
666.134041604 0.066228790
668.153956261 0.066228790
670.186591712 0.068418172
672.231985150 0.067870826
674.290173769 0.070060208
676.361194763 0.069512863
678.445085328 0.071702244
680.541882656 0.071154899
682.651623941 0.075533662
684.774346379 0.074438971
686.910087163 0.076081007
689.058883486 0.077175698
691.220772544 0.079365079
693.395791531 0.078817734
695.583977639 0.080459770
697.785368064 0.081554461
700.000000000 0.083196497
702.227872047 0.084291188
704.468828436 0.085933224
706.722674803 0.085385878
708.989216784 0.088122605
711.268260017 0.088669951
713.559610137 0.090311987
715.863072781 0.091954023
718.178453586 0.093596059
720.505558189 0.093048714
722.844192226 0.095785441
725.194161334 0.096332786
727.555271149 0.097974822
729.927327307 0.098522167
732.310135447 0.101258894
734.703501203 0.100164204
737.107230214 0.102900930
739.521128114 0.102900930
741.945000542 0.104542967
744.378653133 0.106185003
746.821891525 0.106185003
749.274521353 0.107827039
751.736348254 0.109469075
754.207177865 0.110016420
756.686815823 0.112205802
759.175067764 0.112753147
761.671739325 0.113847838
764.176636143 0.114942529
766.689563853 0.116584565
769.210328092 0.118226601
771.738734498 0.119868637
774.274588707 0.120963328
776.817696355 0.122058019
779.367863079 0.122605364
781.924894516 0.124794745
784.488596302 0.125889436
787.058774074 0.126436782
789.635233468 0.127531472
792.217780121 0.129173508
794.806219669 0.130815545
797.400357750 0.132457581
800.000000000 0.134099617
802.605116605 0.135741653
805.216335955 0.137383689
807.834450989 0.138478380
810.460254645 0.140667761
813.094539862 0.140667761
815.738099580 0.143404488
818.391726737 0.144499179
821.056214273 0.147235906
823.732355126 0.148877942
826.420942236 0.151614669
829.122768542 0.153256705
831.838626982 0.155993432
834.569310496 0.157635468
837.315612022 0.162561576
840.078324500 0.165298303
842.858240869 0.168582375
845.656154068 0.169677066
848.472857035 0.176245211
851.309142710 0.178981938
854.165804032 0.183360701
857.043633939 0.186644773
859.943425371 0.192665572
862.865971267 0.197591680
865.812064566 0.203612479
868.782498207 0.207991242
871.778065129 0.215106732
874.799558270 0.220580186
877.847770571 0.228243021
880.923494969 0.233716475
884.027524404 0.242474001
887.160651815 0.249042146
890.323670141 0.258347017
893.517372322 0.264915161
896.742551295 0.274220033
900.000000000 0.282430213
903.290168382 0.292282430
906.612134409 0.300492611
909.964633056 0.310892173
913.346399296 0.320197044
916.756168105 0.330049261
920.192674454 0.340448823
923.654653321 0.351395731
927.140839677 0.360700602
930.649968498 0.372194855
934.180774757 0.380952381
937.731993430 0.390257252
941.302359489 0.399562124
944.890607910 0.410509031
948.495473665 0.418171866
952.115691731 0.429118774
955.749997080 0.437328955
959.397124687 0.448823207
963.055809526 0.458128079
966.724786571 0.470169677
970.402790797 0.480021894
974.088557178 0.493705528
977.780820687 0.502463054
981.478316299 0.517241379
985.179778988 0.529282978
988.883943729 0.544061303
992.589545495 0.555008210
996.295319260 0.568144499
1000.000000000 0.577996716
1003.702789584 0.591133005
1007.404757472 0.602079912
1011.107440016 0.615216201
1014.812373573 0.627257800
1018.521094498 0.637110016
1022.235139144 0.650246305
1025.956043866 0.660645868
1029.685345020 0.671045430
1033.424578961 0.684181719
1037.175282042 0.693486590
1040.938990619 0.706075534
1044.717241046 0.713191024
1048.511569679 0.724137931
1052.323512871 0.733442802
1056.154606979 0.745484401
1060.006388356 0.753694581
1063.880393357 0.765736180
1067.778158337 0.772851669
1071.701219652 0.782703886
1075.651113655 0.790366721
1079.629376701 0.800766284
1083.637545145 0.807334428
1087.677155343 0.815544608
1091.749743648 0.825396825
1095.856846415 0.832512315
1100.000000000 0.841269841
1104.180019447 0.849480022
1108.394834563 0.856595512
1112.641653846 0.863711001
1116.917685792 0.870826492
1121.220138898 0.876847290
1125.546221663 0.883962781
1129.893142582 0.889436234
1134.258110153 0.893814997
1138.638332873 0.898741105
1143.031019239 0.903119868
1147.433377748 0.907498631
1151.842616898 0.911877394
1156.255945186 0.918992885
1160.670571108 0.927203065
1165.083703163 0.932129174
1169.492549846 0.938697318
1173.894319655 0.945812808
1178.286221088 0.951286261
1182.665462641 0.958401752
1187.029252812 0.964969896
1191.374800097 0.969348659
1195.699312994 0.975369458
1200.000000000 0.979748221
1204.274879015 0.984126984
1208.525205551 0.987411056
1212.753044523 0.989600438
1216.960460846 0.992884510
1221.149519435 0.995621237
1225.322285205 0.997263273
1229.480823070 1.000000000
1233.627197946 0.999452654
1237.763474748 0.996715928
1241.891718390 0.993979201
1246.013993787 0.990147783
1250.132365855 0.986316365
1254.248899508 0.980842912
1258.365659662 0.974822113
1262.484711231 0.971538041
1266.608119130 0.967159278
1270.737948274 0.967159278
1274.876263578 0.967706623
1279.025129957 0.970443350
1283.186612326 0.974822113
1287.362775600 0.979748221
1291.555684694 0.985221675
1295.767404522 0.987958402
1300.000000000 0.993431856
1304.254889977 0.995621237
1308.530909040 0.997263273
1312.826245711 0.996715928
1317.139088512 0.998905309
1321.467625963 0.997263273
1325.810046587 0.995073891
1330.164538905 0.990695128
1334.529291439 0.986316365
1338.902492710 0.977011494
1343.282331239 0.968801313
1347.666995550 0.955665024
1352.054674162 0.939244663
1356.443555598 0.917898194
1360.831828379 0.893814997
1365.217681026 0.862616311
1369.599302062 0.826491516
1373.974880008 0.781061850
1378.342603385 0.729611385
1382.700660716 0.672687466
1387.047240521 0.610837438
1391.380531322 0.546798030
1395.698721641 0.485495348
1400.000000000 0.431855501
1404.283028932 0.386973180
1408.548367023 0.358511221
1412.797046870 0.343732895
1417.030101072 0.347564313
1421.248562225 0.363984674
1425.453462929 0.396278051
1429.645835779 0.432402846
1433.826713375 0.477832512
1437.997128313 0.522167488
1442.158113193 0.571428571
1446.310700610 0.611932129
1450.455923164 0.654625068
1454.594813451 0.688560482
1458.728404070 0.725232622
1462.857727619 0.752052545
1466.983816694 0.775041051
1471.107703894 0.795292830
1475.230421817 0.810618500
1479.353003060 0.825396825
1483.476480221 0.840175151
1487.601885898 0.848385331
1491.730252688 0.859332238
1495.862613190 0.863711001
1500.000000000 0.869731801
1504.143193263 0.873563218
1508.291963303 0.877941981
1512.445827992 0.879584018
1516.604305202 0.882320744
1520.766912802 0.881226053
1524.933168664 0.880678708
1529.102590659 0.880131363
1533.274696658 0.881226053
1537.449004533 0.877941981
1541.625032154 0.877941981
1545.802297392 0.875205255
1549.980318119 0.873015873
1554.158612205 0.868089764
1558.336697521 0.865353038
1562.514091939 0.862068966
1566.690313330 0.859332238
1570.864879565 0.856048166
1575.037308514 0.851669403
1579.207118049 0.847837986
1583.373826041 0.845101259
1587.536950361 0.841269841
1591.696008880 0.838533114
1595.850519470 0.834701697
1600.000000000 0.830870279
1604.143924053 0.827038862
1608.281588056 0.823754789
1612.412244143 0.820470717
1616.535144453 0.816639299
1620.649541120 0.812260536
1624.754686283 0.809523810
1628.849832077 0.804050356
1632.934230639 0.801860974
1637.007134106 0.798576902
1641.067794613 0.791461412
1645.115464299 0.789819376
1649.149395298 0.785987958
1653.168839748 0.782156541
1657.173049785 0.778872469
1661.161277546 0.773399015
1665.132775168 0.769567597
1669.086794786 0.766283525
1673.022588537 0.762452107
1676.939408558 0.758073344
1680.836506986 0.754789272
1684.713135957 0.750410509
1688.568547607 0.745484401
1692.401994073 0.742200328
1696.212727492 0.738916256
1700.000000000 0.736179529
1703.763360646 0.732348112
1707.503546130 0.727969349
1711.221590064 0.725232622
1714.918526059 0.720853859
1718.595387729 0.716475096
1722.253208685 0.713191024
1725.893022539 0.709359606
1729.515862904 0.704980843
1733.122763391 0.701149425
1736.714757612 0.697865353
1740.292879180 0.694581281
1743.858161707 0.689655172
1747.411638805 0.686371100
1750.954344085 0.682539683
1754.487311161 0.678160920
1758.011573644 0.674876847
1761.528165146 0.671045430
1765.038119280 0.665571976
1768.542469656 0.661740558
1772.042249889 0.657909141
1775.538493589 0.655172414
1779.032234369 0.649151615
1782.524505840 0.646962233
1786.016341616 0.643678161
1789.508775308 0.640394089
1793.002840528 0.636015326
1796.499570888 0.631089217
1800.000000000 0.626163109
1803.504992464 0.620689655
1807.014736826 0.615763547
1810.529252621 0.610290093
1814.048559382 0.602627258
1817.572676644 0.595511768
1821.101623940 0.585112206
1824.635420804 0.575259989
1828.174086772 0.565407772
1831.717641375 0.555555556
1835.266104149 0.541871921
1838.819494628 0.529830323
1842.377832345 0.517788725
1845.941136834 0.504652436
1849.509427630 0.494252874
1853.082724267 0.484948002
1856.661046278 0.475095785
1860.244413198 0.467980296
1863.832844560 0.461412151
1867.426359898 0.455938697
1871.024978747 0.451012589
1874.628720641 0.446633826
1878.237605113 0.441707718
1881.851651698 0.437328955
1885.470879929 0.434044882
1889.095309341 0.432402846
1892.724959468 0.432950192
1896.359849842 0.432950192
1900.000000000 0.432950192
1903.645240927 0.432950192
1907.294649423 0.431308155
1910.947113738 0.430760810
1914.601522126 0.428024083
1918.256762839 0.425287356
1921.911724127 0.420361248
1925.565294243 0.416529830
1929.216361439 0.414340449
1932.863813966 0.412698413
1936.506540077 0.412698413
1940.143428023 0.413245758
1943.773366057 0.415435140
1947.395242429 0.417624521
1951.007945393 0.420908593
1954.610363200 0.423645320
1958.201384101 0.428571429
1961.779896350 0.429666119
1965.344788196 0.432402846
1968.894947894 0.434044882
1972.429263693 0.436234264
1975.946623847 0.437328955
1979.445916607 0.437876300
1982.926030225 0.436781609
1986.385852952 0.436781609
1989.824273042 0.436234264
1993.240178745 0.435139573
1996.632458314 0.433497537
2000.000000000 0.431855501
2003.342056831 0.429666119
2006.659340937 0.426929392
2009.952929224 0.423097975
2013.223898598 0.421455939
2016.473325965 0.417077176
2019.702288230 0.414887794
2022.911862299 0.409961686
2026.103125079 0.406677614
2029.277153474 0.402298851
2032.435024391 0.396825397
2035.577814736 0.392446634
2038.706601415 0.387520525
2041.822461332 0.381499726
2044.926471395 0.376573618
2048.019708509 0.370005473
2051.103249580 0.363437329
2054.178171513 0.357963875
2057.245551215 0.351943076
2060.306465591 0.346469622
2063.361991547 0.339901478
2066.413205990 0.334975369
2069.461185824 0.331143952
2072.507007956 0.325670498
2075.551749291 0.321839080
2078.596486736 0.316365627
2081.642297195 0.314176245
2084.690257576 0.311439518
2087.741444784 0.309250137
2090.796935724 0.306513410
2093.857807303 0.304324028
2096.925136427 0.301587302
2100.000000000 0.301587302
2103.083205825 0.298850575
2106.174485282 0.295566502
2109.273300648 0.293377121
2112.379114200 0.291735085
2115.491388215 0.288451013
2118.609584968 0.284619595
2121.733166737 0.281882868
2124.861595799 0.278598796
2127.994334428 0.273125342
2131.130844903 0.269293924
2134.270589500 0.264367816
2137.413030495 0.259989053
2140.557630166 0.253968254
2143.703850787 0.248494800
2146.851154637 0.240831965
2149.999003992 0.233169130
2153.146861128 0.224411604
2156.294188322 0.217296114
2159.440447850 0.206896552
2162.585101990 0.198139026
2165.727613017 0.187739464
2168.867443208 0.177339901
2172.004054840 0.165845649
2175.136910189 0.156540777
2178.265471533 0.145046524
2181.389201147 0.136288998
2184.507561308 0.123700055
2187.620014292 0.114395183
2190.726022378 0.102353585
2193.825047839 0.091954023
2196.916552955 0.079912425
2200.000000000 0.069512863
2203.074947850 0.058018610
2206.141341773 0.048166393
2209.199223634 0.038314176
2212.248635301 0.029556650
2215.289618637 0.022441160
2218.322215511 0.016967707
2221.346467788 0.011494253
2224.362417333 0.007115490
2227.370106013 0.003284072
2230.369575694 0.001642036
2233.360868242 -0.000547345
2236.344025523 -0.000547345
2239.319089403 -0.002189381
2242.286101748 -0.001642036
2245.245104424 -0.003284072
2248.196139297 -0.002189381
2251.139248234 -0.003831418
2254.074473099 -0.001642036
2257.001855760 -0.003284072
2259.921438082 -0.002189381
2262.833261931 -0.003284072
2265.737369174 -0.002189381
2268.633801676 -0.002736727
2271.522601303 -0.001642036
2274.403809922 -0.002189381
2277.277469398 -0.001094691
2280.143621598 -0.001094691
2283.002308387 0.001094691
2285.853571632 0.000547345
2288.697453198 0.003831418
2291.533994952 0.004378763
2294.363238760 0.008210181
2297.185226487 0.009304871
2300.000000000 0.012588944
2302.807668029 0.014778325
2305.608606765 0.019157088
2308.403259260 0.021346470
2311.192068569 0.026272578
2313.975477747 0.029009305
2316.753929847 0.034482759
2319.527867923 0.037219485
2322.297735029 0.041598248
2325.063974220 0.045977011
2327.827028550 0.050355774
2330.587341072 0.053639847
2333.345354841 0.058565955
2336.101512911 0.061850027
2338.856258336 0.066228790
2341.610034171 0.068418172
2344.363283468 0.073344280
2347.116449283 0.076628352
2349.869974669 0.078817734
2352.624302681 0.082101806
2355.379876372 0.083743842
2358.137138797 0.085933224
2360.896533010 0.088122605
2363.658502064 0.089764641
2366.423489015 0.090859332
2369.191936915 0.093048714
2371.964288820 0.093048714
2374.740987783 0.095238095
2377.522476859 0.095238095
2380.309199101 0.095238095
2383.101597563 0.095785441
2385.900115301 0.095785441
2388.705195367 0.094690750
2391.517280815 0.095238095
2394.336814701 0.093596059
2397.164240078 0.093048714
2400.000000000 0.091406678
2402.844352218 0.089764641
2405.696813267 0.088122605
2408.556714381 0.085385878
2411.423386792 0.083196497
2414.296161733 0.079912425
2417.174370436 0.077723043
2420.057344134 0.075533662
2422.944414059 0.072796935
2425.834911444 0.068418172
2428.728167523 0.065134100
2431.623513526 0.061850027
2434.520280688 0.057471264
2437.417800240 0.055281883
2440.315403415 0.051997811
2443.212421446 0.049808429
2446.108185566 0.045977011
2449.002027006 0.043787630
2451.893277000 0.041598248
2454.781266780 0.038861522
2457.665327579 0.036672140
2460.544790630 0.034482759
2463.418987165 0.031746032
2466.287248416 0.029556650
2469.148905616 0.027367269
2472.003289999 0.025725233
2474.849732796 0.023535851
2477.687565240 0.022441160
2480.516118563 0.020251779
2483.334723999 0.019157088
2486.142712780 0.017515052
2488.939416139 0.016420361
2491.724165307 0.015325670
2494.496291519 0.014778325
2497.255126005 0.011494253
2500.000000000 0.011494253
2502.730429637 0.008757526
2505.446670654 0.008757526
2508.149163692 0.007115490
2510.838349392 0.007115490
2513.514668393 0.004926108
2516.178561336 0.004378763
2518.830468861 0.003284072
2521.470831608 0.002736727
2524.100090217 0.002189381
2526.718685329 0.001094691
2529.327057583 0.000000000
2531.925647621 -0.000547345
2534.514896082 -0.001642036
2537.095243607 -0.001642036
2539.667130835 -0.002736727
2542.230998407 -0.001094691
2544.787286963 -0.003284072
2547.336437144 -0.002736727
2549.878889589 -0.004378763
2552.415084939 -0.003831418
2554.945463834 -0.004926108
2557.470466914 -0.004378763
2559.990534820 -0.005473454
2562.506108191 -0.004926108
2565.017627669 -0.006020799
2567.525533892 -0.004378763
2570.030267502 -0.006020799
2572.532269139 -0.005473454
2575.031979442 -0.006020799
2577.529839053 -0.005473454
2580.026288610 -0.006020799
2582.521768756 -0.004926108
2585.016720128 -0.006568144
2587.511583369 -0.005473454
2590.006799118 -0.007662835
2592.502808016 -0.005473454
2595.000050701 -0.006568144
2597.498967816 -0.004926108
2600.000000000 -0.006568144
2602.503481109 -0.005473454
2605.009317861 -0.006568144
2607.517310192 -0.004926108
2610.027258036 -0.006568144
2612.538961328 -0.006020799
2615.052220001 -0.007115490
2617.566833992 -0.005473454
2620.082603233 -0.006568144
2622.599327660 -0.004926108
2625.116807207 -0.006568144
2627.634841810 -0.005473454
2630.153231402 -0.007115490
2632.671775917 -0.005473454
2635.190275292 -0.006020799
2637.708529459 -0.005473454
2640.226338354 -0.006020799
2642.743501912 -0.004926108
2645.259820066 -0.007115490
2647.775092751 -0.004378763
2650.289119903 -0.007115490
2652.801701455 -0.005473454
2655.312637342 -0.006020799
2657.821727498 -0.005473454
2660.328771859 -0.006020799
2662.833570358 -0.005473454
2665.335922931 -0.006568144
2667.835629512 -0.005473454
2670.332490035 -0.006020799
2672.826304435 -0.005473454
2675.316872647 -0.007115490
2677.803994604 -0.004378763
2680.287470242 -0.006020799
2682.767099496 -0.005473454
2685.242682299 -0.006020799
2687.714018587 -0.005473454
2690.180908294 -0.007115490
2692.643151354 -0.005473454
2695.100547702 -0.006568144
2697.552897272 -0.006020799
2700.000000000 -0.007115490
2702.441718033 -0.006568144
2704.878162371 -0.007115490
2707.309506228 -0.006020799
2709.735922818 -0.006568144
2712.157585355 -0.006020799
2714.574667052 -0.006568144
2716.987341124 -0.006568144
2719.395780783 -0.006568144
2721.800159243 -0.006568144
2724.200649719 -0.006020799
2726.597425424 -0.006020799
2728.990659572 -0.007115490
2731.380525376 -0.006020799
2733.767196051 -0.006568144
2736.150844809 -0.006568144
2738.531644865 -0.006568144
2740.909769433 -0.007115490
2743.285391726 -0.006568144
2745.658684957 -0.006568144
2748.029822341 -0.006020799
2750.398977092 -0.007115490
2752.766322423 -0.006020799
2755.132031547 -0.006568144
2757.496277679 -0.006568144
2759.859234032 -0.006568144
2762.221073821 -0.006568144
2764.581970258 -0.006568144
2766.942096557 -0.006020799
2769.301625933 -0.006568144
2771.660731598 -0.006568144
2774.019586768 -0.007115490
2776.378364654 -0.006020799
2778.737238472 -0.006568144
2781.096381435 -0.006020799
2783.455966756 -0.007115490
2785.816167650 -0.005473454
2788.177157330 -0.007662835
2790.539109009 -0.006020799
2792.902195902 -0.006568144
2795.266591223 -0.005473454
2797.632468184 -0.006568144
2800.000000000 -0.005473454
2802.369286592 -0.005473454
2804.740134711 -0.006020799
2807.112277817 -0.006568144
2809.485449369 -0.005473454
2811.859382824 -0.007662835
2814.233811643 -0.005473454
2816.608469285 -0.007115490
2818.983089207 -0.006020799
2821.357404870 -0.006020799
2823.731149733 -0.005473454
2826.104057253 -0.006568144
2828.475860891 -0.006020799
2830.846294105 -0.007662835
2833.215090354 -0.006568144
2835.581983097 -0.007662835
2837.946705794 -0.006020799
2840.308991902 -0.007662835
2842.668574882 -0.005473454
2845.025188192 -0.006568144
2847.378565290 -0.005473454
2849.728439637 -0.009304871
2852.074544691 -0.005473454
2854.416613911 -0.007115490
2856.754380756 -0.007115490
2859.087578685 -0.007115490
2861.415941157 -0.004926108
2863.739201631 -0.006568144
2866.057093565 -0.004926108
2868.369350420 -0.006568144
2870.675705653 -0.005473454
2872.975892724 -0.006020799
2875.269645093 -0.006568144
2877.556696216 -0.007115490
2879.836779555 -0.006020799
2882.109628568 -0.007662835
2884.374976713 -0.005473454
2886.632557450 -0.006568144
2888.882104237 -0.006020799
2891.123350534 -0.007115490
2893.356029800 -0.005473454
2895.579875494 -0.007115490
2897.794621074 -0.005473454
2900.000000000 -0.006568144
2902.195839600 -0.005473454
2904.382342679 -0.007115490
2906.559805914 -0.005473454
2908.728525978 -0.007115490
2910.888799548 -0.005473454
2913.040923299 -0.006568144
2915.185193905 -0.005473454
2917.321908042 -0.006568144
2919.451362385 -0.005473454
2921.573853609 -0.006568144
2923.689678390 -0.006020799
2925.799133403 -0.006568144
2927.902515322 -0.005473454
2930.000120823 -0.006568144
2932.092246582 -0.005473454
2934.179189273 -0.006568144
2936.261245571 -0.005473454
2938.338712152 -0.006568144
2940.411885691 -0.005473454
2942.481062864 -0.006568144
2944.546540344 -0.006020799
2946.608614808 -0.005473454
2948.667582931 -0.006568144
2950.723741388 -0.005473454
2952.777386854 -0.004926108
2954.828816004 -0.006568144
2956.878325513 -0.005473454
2958.926212057 -0.006568144
2960.972772311 -0.005473454
2963.018302950 -0.007115490
2965.063100649 -0.005473454
2967.107462084 -0.006568144
2969.151683929 -0.005473454
2971.196062860 -0.007115490
2973.240895551 -0.006020799
2975.286478679 -0.006568144
2977.333108918 -0.006020799
2979.381082944 -0.007662835
2981.430697432 -0.006020799
2983.482249056 -0.006568144
2985.536034492 -0.006020799
2987.592350416 -0.006568144
2989.651493502 -0.005473454
2991.713760425 -0.007662835
2993.779447862 -0.004926108
2995.848852486 -0.007115490
2997.922270974 -0.005473454
3000.000000000 -0.006568144
3002.082240256 -0.005473454
3004.168808499 -0.005473454
3006.259425503 -0.005473454
3008.353812040 -0.006568144
3010.451688885 -0.006020799
3012.552776811 -0.006568144
3014.656796592 -0.005473454
3016.763469001 -0.006568144
3018.872514811 -0.005473454
3020.983654796 -0.005473454
3023.096609730 -0.004378763
3025.211100385 -0.006568144
3027.326847536 -0.005473454
3029.443571956 -0.006020799
3031.560994419 -0.006020799
3033.678835697 -0.005473454
3035.796816565 -0.004926108
3037.914657796 -0.004926108
3040.032080163 -0.003831418
3042.148804440 -0.005473454
3044.264551401 -0.005473454
3046.379041818 -0.006568144
3048.491996466 -0.004926108
3050.603136118 -0.004926108
3052.712181547 -0.003831418
3054.818853526 -0.005473454
3056.922872831 -0.004926108
3059.023960233 -0.004926108
3061.121836506 -0.004378763
3063.216222425 -0.004926108
3065.306838761 -0.004378763
3067.393406289 -0.004926108
3069.475645783 -0.004926108
3071.553278016 -0.005473454
3073.626023760 -0.005473454
3075.693603791 -0.004378763
3077.755738881 -0.004378763
3079.812149804 -0.004378763
3081.862557332 -0.004378763
3083.906682241 -0.003831418
3085.944245303 -0.004378763
3087.974967291 -0.003831418
3089.998568980 -0.003284072
3092.014771143 -0.004378763
3094.023294553 -0.003831418
3096.023859983 -0.003831418
3098.016188208 -0.004378763
3100.000000000 -0.003831418
3101.975158844 -0.003831418
3103.942099063 -0.004378763
3105.901397692 -0.003831418
3107.853631765 -0.003831418
3109.799378317 -0.004926108
3111.739214381 -0.003831418
3113.673716993 -0.003831418
3115.603463186 -0.003284072
3117.529029995 -0.003831418
3119.450994454 -0.003284072
3121.369933597 -0.003831418
3123.286424459 -0.003284072
3125.201044075 -0.003284072
3127.114369477 -0.003284072
3129.026977702 -0.002736727
3130.939445783 -0.003284072
3132.852350754 -0.003284072
3134.766269650 -0.002736727
3136.681779504 -0.003831418
3138.599457353 -0.002736727
3140.519880229 -0.002736727
3142.443625167 -0.003284072
3144.371269201 -0.003284072
3146.303389366 -0.002189381
3148.240562697 -0.003284072
3150.183366226 -0.003284072
3152.132376990 -0.003284072
3154.088172021 -0.003284072
3156.051328355 -0.003284072
3158.022423025 -0.002736727
3160.002033066 -0.002736727
3161.990735513 -0.002189381
3163.989107399 -0.002189381
3165.997725760 -0.002189381
3168.017167629 -0.003831418
3170.048010040 -0.002189381
3172.090830028 -0.002736727
3174.146204628 -0.002189381
3176.214710873 -0.003284072
3178.296925798 -0.002189381
3180.393426438 -0.002736727
3182.504789826 -0.002189381
3184.631592997 -0.002189381
3186.774412985 -0.001094691
3188.933826825 -0.003284072
3191.110411551 -0.001642036
3193.304744197 -0.002189381
3195.517401798 -0.001642036
3197.748961387 -0.002189381
3200.000000000 -0.001094691
3202.271094670 -0.002736727
3204.562822433 -0.001642036
3206.875760321 -0.003284072
3209.210485370 -0.002189381
3211.567574614 -0.002736727
3213.947605087 -0.002189381
3216.351153824 -0.002736727
3218.778797858 -0.001642036
3221.231114225 -0.003831418
3223.708679958 -0.001642036
3226.212072092 -0.002189381
3228.741867661 -0.001642036
3231.298643700 -0.002189381
3233.882977242 -0.002189381
3236.495445323 -0.002189381
3239.136624976 -0.002189381
3241.807093236 -0.001642036
3244.507427137 -0.001642036
3247.238203714 -0.002189381
