1000.000000000 -0.024414062
1011.337128640 -0.021972656
1022.354935541 -0.026855469
1033.058868989 -0.026855469
1043.454377271 -0.024414062
1053.546908676 -0.024414062
1063.341911490 -0.029296875
1072.844834001 -0.021972656
1082.061124495 -0.026855469
1090.996231260 -0.024414062
1099.655602584 -0.024414062
1108.044686753 -0.024414062
1116.168932056 -0.024414062
1124.033786778 -0.024414062
1131.644699208 -0.024414062
1139.007117632 -0.024414062
1146.126490338 -0.024414062
1153.008265614 -0.019531250
1159.657891746 -0.024414062
1166.080817021 -0.019531250
1172.282489728 -0.021972656
1178.268358153 -0.019531250
1184.043870583 -0.021972656
1189.614475306 -0.024414062
1194.985620609 -0.019531250
1200.162754780 -0.024414062
1205.151326105 -0.019531250
1209.956782871 -0.021972656
1214.584573367 -0.021972656
1219.040145880 -0.019531250
1223.328948695 -0.019531250
1227.456430102 -0.017089844
1231.428038387 -0.019531250
1235.249221838 -0.017089844
1238.925428741 -0.019531250
1242.462107384 -0.017089844
1245.864706054 -0.019531250
1249.138673038 -0.014648437
1252.289456625 -0.017089844
1255.322505100 -0.014648437
1258.243266752 -0.017089844
1261.057189867 -0.014648437
1263.769722733 -0.017089844
1266.386313637 -0.012207031
1268.912410866 -0.012207031
1271.353462708 -0.007324219
1273.714917450 -0.017089844
1276.002223379 -0.009765625
1278.220828782 -0.014648437
1280.376181947 -0.009765625
1282.473731161 -0.014648437
1284.518924711 -0.004882812
1286.517210885 -0.012207031
1288.474037969 -0.004882812
1290.394854251 -0.009765625
1292.285108018 -0.004882812
1294.150247558 -0.007324219
1295.995721158 -0.004882812
1297.826977105 -0.012207031
1299.649463686 -0.002441406
1301.468629188 -0.004882812
1303.289921900 0.002441406
1305.118790107 -0.004882812
1306.960682098 0.002441406
1308.821046159 -0.002441406
1310.705330578 0.000000000
1312.618983643 0.002441406
1314.567453640 0.004882812
1316.556188856 0.002441406
1318.590637579 0.009765625
1320.676248097 0.004882812
1322.818468696 0.009765625
1325.022747664 0.009765625
1327.294533288 0.014648437
1329.639273855 0.012207031
1332.062417652 0.017089844
1334.569412968 0.014648437
1337.165708088 0.021972656
1339.856751301 0.019531250
1342.647990893 0.024414062
1345.544875153 0.024414062
1348.552852366 0.034179687
1351.677370820 0.026855469
1354.923878804 0.034179687
1358.297824603 0.036621094
1361.804656505 0.039062500
1365.449822798 0.034179687
1369.238771769 0.048828125
1373.176951704 0.041503906
1377.269810892 0.051269531
1381.522797619 0.048828125
1385.941360173 0.058593750
1390.530946841 0.056152344
1395.297005910 0.065917969
1400.244985668 0.063476562
1405.380334401 0.070800781
1410.708500398 0.065917969
1416.234931945 0.078125000
1421.965077330 0.078125000
1427.904384839 0.087890625
1434.058302761 0.090332031
1440.432279382 0.097656250
1447.031762989 0.097656250
1453.862201871 0.109863281
1460.929044314 0.109863281
1468.237738605 0.122070312
1475.793733032 0.124511719
1483.602475882 0.139160156
1491.669415442 0.139160156
1500.000000000 0.151367187
1508.599677843 0.156250000
1517.473897257 0.170898437
1526.628106531 0.173339844
1536.067753951 0.187988281
1545.798287806 0.190429687
1555.825156381 0.212402344
1566.153807965 0.214843750
1576.789690844 0.234375000
1587.738253306 0.244140625
1599.004943639 0.256347656
1610.595210129 0.263671875
1622.514501063 0.283203125
1634.768264730 0.290527344
1647.361949415 0.307617187
1660.301003408 0.314941406
1673.590874994 0.339355469
1687.237012460 0.346679687
1701.244864096 0.371093750
1715.619878186 0.380859375
1730.367503020 0.402832031
1745.493186884 0.417480469
1761.002378065 0.441894531
1776.900524850 0.451660156
1793.193075528 0.476074219
1809.885478384 0.490722656
1826.983181707 0.517578125
1844.491633784 0.537109375
1862.416282901 0.571289062
1880.762577347 0.585937500
1899.535965408 0.612792969
1918.741895372 0.637207031
1938.385815526 0.668945312
1958.473174157 0.698242187
1979.009419553 0.727539062
2000.000000000 0.759277344
2021.447412245 0.805664062
2043.342346867 0.827636719
2065.672542904 0.874023437
2088.425739395 0.905761719
2111.589675377 0.949707031
2135.152089889 0.979003906
2159.100721968 1.027832031
2183.423310653 1.064453125
2208.107594982 1.108398437
2233.141313994 1.142578125
2258.512206725 1.198730469
2284.208012214 1.228027344
2310.216469500 1.276855469
2336.525317620 1.298828125
2363.122295613 1.354980469
2389.995142517 1.376953125
2417.131597369 1.413574219
2444.519399208 1.430664062
2472.146287073 1.467285156
2500.000000000 1.481933594
2528.076455088 1.494140625
2556.404281668 1.496582031
2585.020287134 1.499023437
2613.961278876 1.494140625
2643.264064287 1.494140625
2672.965450758 1.481933594
2703.102245682 1.469726562
2733.711256449 1.442871094
2764.829290453 1.418457031
2796.493155084 1.384277344
2828.739657735 1.359863281
2861.605605798 1.315917969
2895.127806664 1.279296875
2929.343067725 1.232910156
2964.288196373 1.196289062
3000.000000000 1.149902344
3036.492178017 1.101074219
3073.685997913 1.059570312
3111.479619195 1.020507812
3149.771201371 0.981445312
3188.458903949 0.957031250
3227.440886438 0.925292969
3266.615308344 0.913085937
3305.880329177 0.891113281
3345.134108443 0.883789062
3384.274805650 0.876464844
3423.200580307 0.881347656
3461.809591921 0.878906250
3500.000000000 0.893554687
3537.709998208 0.900878906
3575.037916833 0.922851562
3612.122120317 0.944824219
3649.100973104 0.971679687
3686.112839638 1.008300781
3723.296084363 1.047363281
3760.789071720 1.093750000
3798.730166155 1.142578125
3837.257732110 1.193847656
3876.510134028 1.245117187
3916.625736354 1.284179687
3957.742903530 1.335449219
4000.000000000 1.374511719
4043.475558783 1.418457031
4088.008787203 1.455078125
4133.379061159 1.486816406
4179.365756550 1.508789062
4225.748249275 1.530761719
4272.305915233 1.545410156
4318.818130324 1.555175781
4365.064270447 1.560058594
4410.823711502 1.560058594
4455.875829386 1.555175781
4500.000000000 1.547851562
4543.026219611 1.533203125
4584.986965961 1.520996094
4625.965337160 1.506347656
4666.044431317 1.479492187
4705.307346542 1.459960937
4743.837180946 1.430664062
4781.717032638 1.396484375
4819.029999729 1.367187500
4855.859180327 1.335449219
4892.287672543 1.298828125
4928.398574488 1.264648437
4964.274984270 1.225585937
5000.000000000 1.191406250
5035.645499385 1.157226562
5071.238478518 1.120605469
5106.794713090 1.088867187
5142.329978793 1.052246094
5177.860051318 1.025390625
5213.400706355 0.996093750
5248.967719594 0.961914062
5284.576866728 0.935058594
5320.243923447 0.903320312
5355.984665442 0.874023437
5391.814868404 0.839843750
5427.750308024 0.805664062
5463.806759992 0.769042969
5500.000000000 0.734863281
5536.334906329 0.695800781
5572.772767624 0.654296875
5609.263975119 0.615234375
5645.758920049 0.578613281
5682.207993650 0.532226562
5718.561587157 0.498046875
5754.770091803 0.466308594
5790.783898825 0.427246094
5826.553399458 0.383300781
5862.028984936 0.349121094
5897.161046494 0.312500000
5931.899975367 0.280761719
5966.196162791 0.244140625
6000.000000000 0.217285156
6033.278132864 0.190429687
6066.062225796 0.166015625
6098.400197841 0.141601562
6130.339968046 0.122070312
6161.929455458 0.100097656
6193.216579124 0.085449219
6224.249258090 0.065917969
6255.075411403 0.056152344
6285.742958110 0.036621094
6316.299817257 0.034179687
6346.793907891 0.017089844
6377.273149059 0.019531250
6407.785459807 0.009765625
6438.378759182 0.012207031
6469.100966231 0.004882812
6500.000000000 0.007324219
6531.109732926 0.000000000
6562.407851003 0.007324219
6593.857993615 -0.002441406
6625.423800146 0.002441406
6657.068909981 -0.002441406
6688.756962502 0.004882812
6720.451597095 -0.004882812
6752.116453143 0.000000000
6783.715170030 0.000000000
6815.211387141 0.002441406
6846.568743859 -0.004882812
6877.750879569 0.000000000
6908.721433653 -0.004882812
6939.444045497 0.000000000
6969.882354485 -0.007324219
7000.000000000 -0.004882812
7029.769909310 -0.009765625
7059.202161217 -0.004882812
7088.316122405 -0.012207031
7117.131159561 -0.009765625
7145.666639369 -0.014648437
7173.941928515 -0.007324219
7201.976393683 -0.017089844
7229.789401559 -0.009765625
7257.400318828 -0.021972656
7284.828512176 -0.014648437
7312.093348287 -0.021972656
7339.214193847 -0.021972656
7366.210415540 -0.024414062
7393.101380053 -0.019531250
7419.906454070 -0.026855469
7446.645004277 -0.024414062
7473.336397359 -0.024414062
7500.000000000 -0.024414062
7526.651229921 -0.024414062
7553.289708975 -0.021972656
7579.911110053 -0.024414062
7606.511106044 -0.019531250
7633.085369836 -0.029296875
7659.629574319 -0.029296875
7686.139392382 -0.026855469
7712.610496914 -0.024414062
7739.038560804 -0.024414062
7765.419256941 -0.024414062
7791.748258214 -0.026855469
7818.021237512 -0.024414062
7844.233867726 -0.024414062
7870.381821742 -0.019531250
7896.460772452 -0.029296875
7922.466392743 -0.024414062
7948.394355506 -0.029296875
7974.240333628 -0.024414062
8000.000000000 -0.024414062
8025.670226996 -0.029296875
8051.252684938 -0.026855469
8076.750243634 -0.024414062
8102.165772889 -0.026855469
8127.502142512 -0.024414062
8152.762222311 -0.024414062
8177.948882092 -0.026855469
8203.064991662 -0.026855469
8228.113420830 -0.024414062
8253.097039403 -0.026855469
8278.018717187 -0.024414062
8302.881323991 -0.031738281
8327.687729622 -0.024414062
8352.440803886 -0.026855469
8377.143416592 -0.026855469
8401.798437547 -0.024414062
8426.408736557 -0.026855469
8450.977183432 -0.026855469
8475.506647977 -0.026855469
8500.000000000 -0.029296875
8524.458910645 -0.026855469
8548.880256397 -0.029296875
8573.259715080 -0.026855469
8597.592964516 -0.026855469
8621.875682527 -0.026855469
8646.103546935 -0.029296875
8670.272235564 -0.026855469
8694.377426235 -0.029296875
8718.414796770 -0.026855469
8742.380024993 -0.031738281
8766.268788725 -0.026855469
8790.076765789 -0.029296875
8813.799634008 -0.029296875
8837.433071203 -0.031738281
8860.972755197 -0.026855469
8884.414363813 -0.026855469
8907.753574873 -0.024414062
8930.986066199 -0.029296875
8954.107515614 -0.029296875
8977.113600940 -0.029296875
9000.000000000 -0.029296875
9022.763753913 -0.029296875
9045.407356989 -0.031738281
9067.934666834 -0.031738281
9090.349541056 -0.026855469
9112.655837262 -0.026855469
9134.857413058 -0.026855469
9156.958126051 -0.026855469
9178.961833849 -0.026855469
9200.872394057 -0.029296875
9222.693664284 -0.026855469
9244.429502135 -0.026855469
9266.083765218 -0.026855469
9287.660311140 -0.031738281
9309.162997507 -0.031738281
9330.595681927 -0.031738281
9351.962222006 -0.026855469
9373.266475352 -0.026855469
9394.512299570 -0.029296875
9415.703552268 -0.026855469
9436.844091054 -0.029296875
9457.937773533 -0.026855469
9478.988457313 -0.026855469
9500.000000000 -0.026855469
9520.976073693 -0.029296875
9541.919608454 -0.026855469
9562.833348837 -0.026855469
9583.720039395 -0.026855469
9604.582424682 -0.026855469
9625.423249252 -0.026855469
9646.245257658 -0.029296875
9667.051194455 -0.026855469
9687.843804195 -0.029296875
9708.625831432 -0.026855469
9729.400020719 -0.031738281
9750.169116612 -0.024414062
9770.935863663 -0.029296875
9791.703006425 -0.021972656
9812.473289453 -0.026855469
9833.249457300 -0.024414062
9854.034254520 -0.031738281
9874.830425666 -0.026855469
9895.640715292 -0.031738281
9916.467867952 -0.026855469
9937.314628199 -0.029296875
9958.183740587 -0.026855469
9979.077949669 -0.036621094
10000.000000000 -0.026855469
10020.951361724 -0.034179687
10041.928407354 -0.026855469
10062.926234991 -0.036621094
10083.939942740 -0.029296875
10104.964628703 -0.034179687
10125.995390985 -0.026855469
10147.027327687 -0.034179687
10168.055536913 -0.029296875
10189.075116767 -0.034179687
10210.081165350 -0.024414062
10231.068780768 -0.036621094
10252.033061122 -0.024414062
10272.969104517 -0.036621094
10293.872009054 -0.029296875
10314.736872838 -0.034179687
10335.558793971 -0.026855469
10356.332870557 -0.034179687
10377.054200699 -0.024414062
10397.717882500 -0.036621094
10418.319014063 -0.029296875
10438.852693491 -0.036621094
10459.314018888 -0.024414062
10479.698088356 -0.034179687
10500.000000000 -0.029296875
10520.215821784 -0.036621094
10540.345501127 -0.029296875
10560.389955306 -0.034179687
10580.350101603 -0.029296875
10600.226857297 -0.034179687
10620.021139668 -0.024414062
10639.733865995 -0.031738281
10659.365953559 -0.026855469
10678.918319638 -0.034179687
10698.391881513 -0.031738281
10717.787556464 -0.034179687
10737.106261770 -0.026855469
10756.348914711 -0.036621094
10775.516432566 -0.031738281
10794.609732616 -0.034179687
10813.629732140 -0.026855469
10832.577348418 -0.034179687
10851.453498729 -0.031738281
10870.259100354 -0.034179687
10888.995070572 -0.026855469
10907.662326663 -0.034179687
10926.261785906 -0.026855469
10944.794365582 -0.029296875
10963.260982970 -0.026855469
10981.662555349 -0.034179687
11000.000000000 -0.026855469
11018.274637958 -0.034179687
11036.489405284 -0.026855469
11054.647641792 -0.034179687
11072.752687298 -0.026855469
11090.807881619 -0.031738281
11108.816564570 -0.024414062
11126.782075967 -0.029296875
11144.707755625 -0.026855469
11162.596943361 -0.031738281
11180.452978990 -0.026855469
11198.279202328 -0.029296875
11216.078953190 -0.024414062
11233.855571393 -0.031738281
11251.612396752 -0.024414062
11269.352769083 -0.029296875
11287.080028201 -0.029296875
11304.797513923 -0.029296875
11322.508566065 -0.029296875
11340.216524441 -0.029296875
11357.924728868 -0.031738281
11375.636519161 -0.031738281
11393.355235137 -0.031738281
11411.084216610 -0.031738281
11428.826803398 -0.026855469
11446.586335314 -0.029296875
11464.366152177 -0.024414062
11482.169593800 -0.029296875
11500.000000000 -0.026855469
11517.859628293 -0.029296875
11535.746406996 -0.024414062
11553.657182126 -0.029296875
11571.588799701 -0.021972656
11589.538105737 -0.026855469
11607.501946253 -0.026855469
11625.477167266 -0.024414062
11643.460614793 -0.026855469
11661.449134851 -0.024414062
11679.439573458 -0.021972656
11697.428776631 -0.026855469
11715.413590388 -0.021972656
11733.390860745 -0.024414062
11751.357433720 -0.021972656
11769.310155331 -0.024414062
11787.245871595 -0.017089844
11805.161428529 -0.021972656
11823.053672151 -0.014648437
11840.919448477 -0.021972656
11858.755603526 -0.019531250
11876.558983314 -0.024414062
11894.326433860 -0.017089844
11912.054801179 -0.019531250
11929.740931291 -0.017089844
11947.381670211 -0.017089844
11964.973863958 -0.014648437
11982.514358548 -0.019531250
12000.000000000 -0.014648437
12017.428248449 -0.017089844
12034.799020510 -0.014648437
12052.112846915 -0.017089844
12069.370258397 -0.017089844
12086.571785689 -0.017089844
12103.717959524 -0.012207031
12120.809310635 -0.014648437
12137.846369754 -0.012207031
12154.829667616 -0.014648437
12171.759734952 -0.009765625
12188.637102495 -0.014648437
12205.462300979 -0.014648437
12222.235861136 -0.017089844
12238.958313699 -0.009765625
12255.630189401 -0.014648437
12272.252018975 -0.009765625
12288.824333155 -0.014648437
12305.347662672 -0.012207031
12321.822538259 -0.014648437
12338.249490650 -0.007324219
12354.629050578 -0.012207031
12370.961748775 -0.012207031
12387.248115975 -0.014648437
12403.488682910 -0.004882812
12419.683980312 -0.007324219
12435.834538916 -0.009765625
12451.940889454 -0.014648437
12468.003562659 -0.009765625
12484.023089263 -0.012207031
12500.000000000 -0.007324219
12515.935071700 -0.009765625
12531.830065585 -0.009765625
12547.686988973 -0.004882812
12563.507849184 -0.007324219
12579.294653536 -0.009765625
12595.049409348 -0.009765625
12610.774123940 -0.012207031
12626.470804630 -0.007324219
12642.141458737 -0.014648437
12657.788093581 -0.017089844
12673.412716480 -0.019531250
12689.017334753 -0.017089844
12704.603955719 -0.017089844
12720.174586697 -0.017089844
12735.731235006 -0.021972656
12751.275907966 -0.017089844
12766.810612894 -0.024414062
12782.337357111 -0.024414062
12797.858147934 -0.021972656
12813.374992683 -0.021972656
12828.889898677 -0.021972656
12844.404873235 -0.024414062
12859.921923676 -0.024414062
12875.443057319 -0.024414062
12890.970281482 -0.026855469
12906.505603485 -0.024414062
12922.051030647 -0.029296875
12937.608570286 -0.029296875
12953.180229722 -0.026855469
12968.768016274 -0.026855469
12984.373937260 -0.026855469
13000.000000000 -0.026855469
13015.647519654 -0.029296875
13031.315042748 -0.029296875
13047.000423650 -0.029296875
13062.701516729 -0.034179687
13078.416176351 -0.024414062
13094.142256885 -0.029296875
13109.877612699 -0.026855469
13125.620098161 -0.026855469
13141.367567638 -0.026855469
13157.117875499 -0.036621094
13172.868876110 -0.026855469
13188.618423841 -0.029296875
13204.364373059 -0.026855469
13220.104578132 -0.031738281
13235.836893427 -0.029296875
13251.559173313 -0.034179687
13267.269272158 -0.029296875
13282.965044329 -0.034179687
13298.644344194 -0.026855469
13314.305026121 -0.026855469
13329.944944478 -0.029296875
13345.561953634 -0.029296875
13361.153907954 -0.021972656
13376.718661809 -0.029296875
13392.254069565 -0.024414062
13407.757985590 -0.031738281
13423.228264253 -0.024414062
13438.662759921 -0.029296875
13454.059326961 -0.021972656
13469.415819743 -0.029296875
13484.730092633 -0.024414062
13500.000000000 -0.026855469
13515.223969701 -0.021972656
13530.402723555 -0.026855469
13545.537556868 -0.021972656
13560.629764949 -0.029296875
13575.680643104 -0.021972656
13590.691486642 -0.026855469
13605.663590871 -0.019531250
13620.598251097 -0.024414062
13635.496762629 -0.019531250
13650.360420773 -0.029296875
13665.190520839 -0.019531250
13679.988358133 -0.021972656
13694.755227963 -0.019531250
13709.492425636 -0.026855469
13724.201246461 -0.017089844
13738.882985744 -0.024414062
13753.538938794 -0.014648437
13768.170400918 -0.024414062
13782.778667424 -0.019531250
13797.365033619 -0.021972656
13811.930794811 -0.019531250
13826.477246308 -0.024414062
13841.005683417 -0.021972656
13855.517401445 -0.029296875
13870.013695701 -0.019531250
13884.495861493 -0.024414062
13898.965194127 -0.024414062
13913.422988911 -0.031738281
13927.870541153 -0.026855469
13942.309146161 -0.029296875
13956.740099242 -0.024414062
13971.164695704 -0.034179687
13985.584230854 -0.026855469
14000.000000000 -0.029296875
14014.413012878 -0.019531250
14028.823136939 -0.034179687
14043.229954061 -0.024414062
14057.633046123 -0.029296875
14072.031995002 -0.021972656
14086.426382579 -0.031738281
14100.815790731 -0.024414062
14115.199801338 -0.029296875
14129.577996277 -0.026855469
14143.949957428 -0.031738281
14158.315266669 -0.021972656
14172.673505879 -0.024414062
14187.024256936 -0.026855469
14201.367101720 -0.029296875
14215.701622108 -0.021972656
14230.027399980 -0.031738281
14244.344017214 -0.024414062
14258.651055688 -0.029296875
14272.948097282 -0.024414062
14287.234723874 -0.029296875
14301.510517343 -0.024414062
14315.775059567 -0.029296875
14330.027932425 -0.024414062
14344.268717796 -0.026855469
14358.496997558 -0.026855469
14372.712353590 -0.029296875
14386.914367770 -0.024414062
14401.102621978 -0.034179687
14415.276698091 -0.026855469
14429.436177989 -0.031738281
14443.580643550 -0.026855469
14457.709676653 -0.034179687
14471.822859177 -0.026855469
14485.919773000 -0.029296875
14500.000000000 -0.029296875
14514.063288220 -0.034179687
14528.110050357 -0.031738281
14542.140865268 -0.029296875
14556.156311815 -0.031738281
14570.156968856 -0.031738281
14584.143415252 -0.031738281
14598.116229861 -0.034179687
14612.075991543 -0.029296875
14626.023279157 -0.034179687
14639.958671564 -0.029296875
14653.882747623 -0.029296875
14667.796086193 -0.026855469
14681.699266133 -0.034179687
14695.592866304 -0.029296875
14709.477465564 -0.036621094
14723.353642774 -0.029296875
14737.221976793 -0.034179687
14751.083046480 -0.029296875
14764.937430695 -0.034179687
14778.785708298 -0.026855469
14792.628458147 -0.031738281
14806.466259103 -0.029296875
14820.299690025 -0.034179687
14834.129329772 -0.026855469
14847.955757205 -0.031738281
14861.779551182 -0.026855469
14875.601290563 -0.034179687
14889.421554208 -0.026855469
14903.240920976 -0.034179687
14917.059969726 -0.029296875
14930.879279319 -0.026855469
14944.699428614 -0.029296875
14958.520996470 -0.031738281
14972.344561746 -0.029296875
14986.170703303 -0.029296875
15000.000000000 -0.026855469
15013.832418902 -0.031738281
15027.665479899 -0.024414062
15041.496091084 -0.031738281
15055.321160555 -0.029296875
15069.137596404 -0.031738281
15082.942306728 -0.024414062
15096.732199621 -0.031738281
15110.504183179 -0.024414062
15124.255165496 -0.029296875
15137.982054667 -0.031738281
15151.681758788 -0.031738281
15165.351185953 -0.029296875
15178.987244257 -0.031738281
15192.586841796 -0.029296875
15206.146886663 -0.034179687
15219.664286956 -0.026855469
15233.135950767 -0.026855469
15246.558786193 -0.024414062
15259.929701328 -0.026855469
15273.245604267 -0.029296875
15286.503403106 -0.031738281
15299.700005938 -0.029296875
15312.832320860 -0.031738281
15325.897255967 -0.029296875
15338.891719352 -0.029296875
15351.812619112 -0.029296875
15364.656863341 -0.031738281
15377.421360135 -0.029296875
15390.103017587 -0.029296875
15402.698743794 -0.029296875
15415.205446850 -0.029296875
15427.620034850 -0.029296875
15439.939415890 -0.026855469
15452.160498063 -0.031738281
15464.280189466 -0.029296875
15476.295398193 -0.034179687
15488.203032340 -0.029296875
15500.000000000 -0.031738281
15511.685893027 -0.029296875
15523.271038306 -0.031738281
15534.768446476 -0.026855469
15546.191128181 -0.034179687
15557.552094062 -0.029296875
15568.864354760 -0.031738281
15580.140920917 -0.026855469
15591.394803175 -0.029296875
15602.639012175 -0.034179687
15613.886558560 -0.026855469
15625.150452970 -0.029296875
15636.443706047 -0.026855469
15647.779328434 -0.029296875
15659.170330771 -0.029296875
15670.629723701 -0.031738281
15682.170517864 -0.036621094
15693.805723903 -0.026855469
15705.548352459 -0.031738281
15717.411414175 -0.031738281
15729.407919691 -0.029296875
15741.550879649 -0.024414062
15753.853304691 -0.031738281
15766.328205458 -0.026855469
15778.988592593 -0.031738281
15791.847476736 -0.029296875
15804.917868530 -0.031738281
15818.212778617 -0.031738281
15831.745217637 -0.034179687
15845.528196232 -0.026855469
15859.574725045 -0.031738281
15873.897814716 -0.029296875
15888.510475888 -0.034179687
15903.425719201 -0.029296875
15918.656555299 -0.034179687
15934.215994822 -0.026855469
15950.117048412 -0.034179687
15966.372726710 -0.029296875
15982.996040359 -0.036621094
16000.000000000 -0.026855469
16017.389968458 -0.034179687
16035.140717289 -0.029296875
16053.219370235 -0.034179687
16071.593051035 -0.026855469
16090.228883430 -0.034179687
16109.093991161 -0.029296875
16128.155497967 -0.034179687
16147.380527588 -0.024414062
16166.736203766 -0.034179687
16186.189650240 -0.029296875
16205.707990751 -0.031738281
16225.258349038 -0.029296875
16244.807848843 -0.039062500
16264.323613906 -0.026855469
16283.772767966 -0.036621094
16303.122434765 -0.029296875
16322.339738042 -0.031738281
16341.391801538 -0.029296875
16360.245748993 -0.036621094
16378.868704148 -0.029296875
16397.227790742 -0.036621094
16415.290132517 -0.031738281
16433.022853212 -0.036621094
16450.393076567 -0.031738281
16467.367926323 -0.034179687
16483.914526221 -0.029296875
16500.000000000 -0.036621094
16515.599107455 -0.029296875
16530.717152598 -0.036621094
16545.367075495 -0.029296875
16559.561816210 -0.036621094
16573.314314811 -0.029296875
16586.637511363 -0.036621094
16599.544345932 -0.029296875
16612.047758583 -0.039062500
16624.160689382 -0.029296875
16635.896078395 -0.039062500
16647.266865689 -0.026855469
16658.285991328 -0.034179687
16668.966395379 -0.029296875
16679.321017907 -0.036621094
16689.362798978 -0.026855469
16699.104678658 -0.036621094
16708.559597013 -0.029296875
16717.740494109 -0.034179687
16726.660310011 -0.026855469
16735.331984785 -0.031738281
16743.768458497 -0.024414062
16751.982671213 -0.036621094
16759.987562999 -0.029296875
16767.796073920 -0.034179687
16775.421144042 -0.029296875
16782.875713432 -0.036621094
16790.172722154 -0.029296875
16797.325110275 -0.034179687
16804.345817860 -0.029296875
16811.247784976 -0.034179687
16818.043951688 -0.024414062
16824.747258061 -0.036621094
16831.370644162 -0.029296875
16837.927050057 -0.034179687
16844.429415811 -0.029296875
16850.890681491 -0.031738281
16857.323787161 -0.031738281
16863.741672888 -0.031738281
16870.157278737 -0.029296875
16876.583544775 -0.034179687
16883.033411067 -0.029296875
16889.519817679 -0.034179687
16896.055704676 -0.029296875
16902.654012125 -0.029296875
16909.327680092 -0.029296875
16916.089648642 -0.029296875
16922.952857840 -0.034179687
16929.930247754 -0.034179687
16937.034758448 -0.029296875
16944.279329989 -0.034179687
16951.676902442 -0.029296875
16959.240415872 -0.031738281
16966.982810347 -0.026855469
16974.917025931 -0.031738281
16983.056002691 -0.031738281
16991.412680692 -0.034179687
17000.000000000 -0.026855469
17008.827491410 -0.034179687
17017.891048629 -0.031738281
17027.183156097 -0.034179687
17036.696298250 -0.029296875
17046.422959525 -0.036621094
17056.355624361 -0.029296875
17066.486777194 -0.034179687
17076.808902463 -0.034179687
17087.314484604 -0.034179687
17097.996008055 -0.029296875
17108.845957253 -0.034179687
17119.856816636 -0.029296875
17131.021070642 -0.034179687
17142.331203708 -0.029296875
17153.779700270 -0.034179687
17165.359044768 -0.031738281
17177.061721637 -0.036621094
17188.880215317 -0.029296875
17200.807010243 -0.034179687
17212.834590854 -0.031738281
17224.955441587 -0.029296875
17237.162046880 -0.031738281
17249.446891169 -0.029296875
17261.802458893 -0.029296875
17274.221234489 -0.029296875
17286.695702394 -0.034179687
17299.218347045 -0.029296875
17311.781652881 -0.034179687
17324.378104339 -0.029296875
17337.000185856 -0.026855469
17349.640381869 -0.026855469
17362.291176817 -0.026855469
17374.945055136 -0.029296875
17387.594501264 -0.031738281
17400.231999638 -0.029296875
17412.850034696 -0.029296875
17425.441090876 -0.029296875
17437.997652615 -0.031738281
17450.512204349 -0.029296875
17462.977230518 -0.029296875
17475.385215557 -0.034179687
17487.728643906 -0.029296875
17500.000000000 -0.029296875
17512.193351253 -0.029296875
17524.309096978 -0.029296875
17536.349219462 -0.031738281
17548.315700993 -0.029296875
17560.210523861 -0.036621094
17572.035670351 -0.029296875
17583.793122754 -0.034179687
17595.484863356 -0.026855469
17607.112874445 -0.031738281
17618.679138311 -0.029296875
17630.185637239 -0.031738281
17641.634353520 -0.029296875
17653.027269440 -0.031738281
17664.366367287 -0.026855469
17675.653629350 -0.031738281
17686.891037917 -0.034179687
17698.080575275 -0.031738281
17709.224223713 -0.026855469
17720.323965519 -0.031738281
17731.381782980 -0.029296875
17742.399658385 -0.034179687
17753.379574022 -0.029296875
17764.323512178 -0.029296875
17775.233455141 -0.031738281
17786.111385201 -0.029296875
17796.959284644 -0.029296875
17807.779135759 -0.031738281
17818.572920833 -0.026855469
17829.342622155 -0.034179687
17840.090222013 -0.024414062
17850.817702694 -0.034179687
17861.527046487 -0.029296875
17872.220235680 -0.031738281
17882.899252560 -0.029296875
17893.566079416 -0.031738281
17904.222698536 -0.029296875
17914.871092207 -0.034179687
17925.513242718 -0.031738281
17936.151132357 -0.029296875
17946.786743412 -0.029296875
17957.422058170 -0.029296875
17968.059058920 -0.031738281
17978.699727950 -0.034179687
17989.346047547 -0.029296875
18000.000000000 -0.034179687
18010.663567597 -0.031738281
18021.338732625 -0.034179687
18032.027477374 -0.029296875
18042.731784130 -0.036621094
18053.453635181 -0.029296875
18064.195012817 -0.034179687
18074.957899324 -0.034179687
18085.744276991 -0.036621094
18096.556128106 -0.029296875
18107.395434956 -0.029296875
18118.264179830 -0.029296875
18129.164345016 -0.039062500
18140.097912802 -0.026855469
18151.066865476 -0.034179687
18162.073185325 -0.026855469
18173.118854638 -0.031738281
18184.205855703 -0.029296875
18195.336170807 -0.034179687
18206.511782240 -0.026855469
18217.734672288 -0.036621094
18229.006823240 -0.029296875
18240.330217384 -0.034179687
18251.706837008 -0.029296875
18263.138664399 -0.034179687
18274.627681846 -0.031738281
18286.175871637 -0.036621094
18297.785216060 -0.029296875
18309.457697403 -0.034179687
18321.195297954 -0.029296875
18333.000000000 -0.014648437
