600.000000000 -0.029296875
602.147609497 -0.026855469
604.266773954 -0.029296875
606.358038319 -0.024414062
608.421947544 -0.029296875
610.459046576 -0.024414062
612.469880366 -0.031738281
614.454993863 -0.019531250
616.414932018 -0.029296875
618.350239778 -0.024414062
620.261462095 -0.029296875
622.149143917 -0.024414062
624.013830195 -0.031738281
625.856065877 -0.021972656
627.676395914 -0.029296875
629.475365255 -0.024414062
631.253518849 -0.029296875
633.011401646 -0.024414062
634.749558597 -0.029296875
636.468534649 -0.024414062
638.168874753 -0.029296875
639.851123859 -0.021972656
641.515826915 -0.029296875
643.163528872 -0.024414062
644.794774680 -0.029296875
646.410109287 -0.026855469
648.010077643 -0.031738281
649.595224699 -0.024414062
651.166095402 -0.031738281
652.723234704 -0.024414062
654.267187554 -0.029296875
655.798498901 -0.026855469
657.317713694 -0.029296875
658.825376884 -0.029296875
660.322033420 -0.029296875
661.808228252 -0.024414062
663.284506328 -0.029296875
664.751412600 -0.024414062
666.209492015 -0.029296875
667.659289525 -0.024414062
669.101350078 -0.029296875
670.536218624 -0.026855469
671.964440113 -0.029296875
673.386559493 -0.024414062
674.803121716 -0.029296875
676.214671730 -0.024414062
677.621754485 -0.031738281
679.024914930 -0.024414062
680.424698016 -0.029296875
681.821648691 -0.024414062
683.216311905 -0.029296875
684.609232609 -0.024414062
686.000955750 -0.029296875
687.392026280 -0.029296875
688.782989147 -0.031738281
690.174389302 -0.024414062
691.566771693 -0.026855469
692.960681270 -0.024414062
694.356662984 -0.029296875
695.755261782 -0.024414062
697.157022616 -0.024414062
698.562490435 -0.024414062
699.972210188 -0.029296875
701.386726824 -0.024414062
702.806585294 -0.029296875
704.232330547 -0.024414062
705.664507532 -0.031738281
707.103661200 -0.024414062
708.550336499 -0.029296875
710.005078380 -0.024414062
711.468431791 -0.026855469
712.940941683 -0.024414062
714.423153005 -0.031738281
715.915610706 -0.024414062
717.418859737 -0.026855469
718.933445046 -0.024414062
720.459911584 -0.026855469
721.998804299 -0.024414062
723.550668143 -0.031738281
725.116048063 -0.024414062
726.695489010 -0.026855469
728.289535933 -0.024414062
729.898733782 -0.026855469
731.523627506 -0.026855469
733.164762055 -0.026855469
734.822682379 -0.026855469
736.497933427 -0.026855469
738.191060149 -0.026855469
739.902607494 -0.026855469
741.633120412 -0.029296875
743.383143852 -0.029296875
745.153222765 -0.024414062
746.943902099 -0.024414062
748.755726804 -0.021972656
750.589241830 -0.024414062
752.444992127 -0.026855469
754.323522643 -0.029296875
756.225378329 -0.024414062
758.151104134 -0.024414062
760.101245008 -0.024414062
762.076345899 -0.026855469
764.076951759 -0.026855469
766.103607536 -0.024414062
768.156858181 -0.029296875
770.237248641 -0.026855469
772.345323868 -0.029296875
774.481628811 -0.026855469
776.646708419 -0.026855469
778.841107642 -0.024414062
781.065371430 -0.024414062
783.320044731 -0.029296875
785.605672496 -0.026855469
787.922799674 -0.024414062
790.271971216 -0.026855469
792.653732069 -0.024414062
795.068627185 -0.026855469
797.517201512 -0.024414062
800.000000000 -0.024414062
802.517567599 -0.021972656
805.070449258 -0.024414062
807.659189927 -0.024414062
810.284334556 -0.029296875
812.946428093 -0.026855469
815.646015489 -0.029296875
818.383641694 -0.024414062
821.159851656 -0.024414062
823.975190325 -0.019531250
826.830202652 -0.021972656
829.725433585 -0.024414062
832.661428074 -0.026855469
835.638731068 -0.024414062
838.657887518 -0.024414062
841.719442373 -0.021972656
844.823940582 -0.024414062
847.971927095 -0.024414062
851.163946862 -0.026855469
854.400544832 -0.021972656
857.682265954 -0.024414062
861.009655179 -0.024414062
864.383257456 -0.024414062
867.803617734 -0.024414062
871.271280964 -0.024414062
874.786792093 -0.017089844
878.350696074 -0.021972656
881.963537854 -0.017089844
885.625862383 -0.021972656
889.338214611 -0.017089844
893.101139488 -0.017089844
896.915181963 -0.017089844
900.780886986 -0.019531250
904.698799505 -0.014648437
908.669464472 -0.019531250
912.693426835 -0.014648437
916.771231545 -0.024414062
920.903423549 -0.012207031
925.090547799 -0.024414062
929.333149244 -0.014648437
933.631772833 -0.019531250
937.986963516 -0.014648437
942.399266243 -0.017089844
946.869225962 -0.012207031
951.397387624 -0.017089844
955.984296179 -0.007324219
960.630496575 -0.019531250
965.336533763 -0.004882812
970.102952691 -0.017089844
974.930298310 -0.009765625
979.819115570 -0.014648437
984.769949419 -0.009765625
989.783344807 -0.009765625
994.859846684 -0.007324219
1000.000000000 -0.009765625
1005.205202450 -0.004882812
1010.480262716 -0.004882812
1015.830842224 -0.004882812
1021.262602403 -0.007324219
1026.781204679 -0.004882812
1032.392310481 -0.004882812
1038.101581236 -0.004882812
1043.914678370 -0.004882812
1049.837263312 0.000000000
1055.874997489 -0.004882812
1062.033542329 0.000000000
1068.318559259 0.000000000
1074.735709705 0.007324219
1081.290655097 0.002441406
1087.989056861 0.012207031
1094.836576424 0.012207031
1101.838875214 0.012207031
1109.001614659 0.014648437
1116.330456186 0.014648437
1123.831061223 0.019531250
1131.509091196 0.024414062
1139.370207533 0.024414062
1147.420071662 0.026855469
1155.664345011 0.034179687
1164.108689006 0.034179687
1172.758765075 0.034179687
1181.620234645 0.041503906
1190.698759144 0.051269531
1200.000000000 0.051269531
1209.527567738 0.056152344
1219.276869275 0.058593750
1229.241260630 0.063476562
1239.414097816 0.068359375
1249.788736852 0.078125000
1260.358533754 0.085449219
1271.116844536 0.090332031
1282.057025217 0.095214844
1293.172431812 0.102539062
1304.456420338 0.112304687
1315.902346810 0.117187500
1327.503567246 0.126953125
1339.253437661 0.139160156
1351.145314072 0.146484375
1363.172552495 0.158691406
1375.328508947 0.170898437
1387.606539443 0.185546875
1400.000000000 0.192871094
1412.508839939 0.212402344
1425.159381796 0.227050781
1437.984541414 0.244140625
1451.017234632 0.258789062
1464.290377294 0.275878906
1477.836885240 0.297851562
1491.689674311 0.317382812
1505.881660349 0.346679687
1520.445759196 0.366210937
1535.414886692 0.390625000
1550.821958679 0.417480469
1566.699890999 0.439453125
1583.081599492 0.471191406
1600.000000000 0.495605469
1617.464764180 0.529785156
1635.392586953 0.559082031
1653.676919055 0.598144531
1672.211211220 0.627441406
1690.888914186 0.661621094
1709.603478688 0.698242187
1728.248355462 0.739746094
1746.716995245 0.773925781
1764.902848771 0.815429687
1782.699366778 0.856933594
1800.000000000 0.905761719
1816.775907343 0.947265625
1833.309080389 0.991210937
1849.959218885 1.037597656
1867.086022584 1.093750000
1885.049191234 1.137695312
1904.208424585 1.193847656
1924.923422387 1.240234375
1947.553884391 1.293945312
1972.459510345 1.354980469
2000.000000000 1.398925781
2030.346542635 1.445312500
2062.916285648 1.489257812
2096.937865964 1.538085937
2131.639920510 1.582031250
2166.251086214 1.621093750
2200.000000000 1.655273437
2232.268928987 1.687011719
2263.054661053 1.718750000
2292.507614267 1.740722656
2320.778206700 1.767578125
2348.016856420 1.777343750
2374.373981497 1.794433594
2400.000000000 1.801757812
2425.051700156 1.801757812
2449.711350817 1.804199219
2474.167590995 1.796875000
2498.609059701 1.787109375
2523.224395943 1.777343750
2548.202238734 1.762695312
2573.731227082 1.755371094
2600.000000000 1.740722656
2627.137601584 1.733398437
2655.034696278 1.723632812
2683.522353613 1.716308594
2712.431643122 1.711425781
2741.593634336 1.711425781
2770.839396784 1.704101562
2800.000000000 1.706542969
2828.942812043 1.699218750
2857.680395088 1.701660156
2886.261609840 1.699218750
2914.735317003 1.704101562
2943.150377281 1.701660156
2971.555651378 1.704101562
3000.000000000 1.701660156
3028.519721674 1.708984375
3057.100866228 1.706542969
3085.716921314 1.708984375
3114.341374582 1.706542969
3142.947713685 1.711425781
3171.509426273 1.701660156
3200.000000000 1.689453125
3228.406872689 1.684570312
3256.773282856 1.679687500
3285.156419192 1.665039062
3313.613470384 1.655273437
3342.201625124 1.640625000
3370.978072099 1.635742187
3400.000000000 1.621093750
3429.281358999 1.621093750
3458.663145204 1.589355469
3487.943116205 1.589355469
3516.919029595 1.584472656
3545.388642963 1.582031250
3573.149713901 1.579589844
3600.000000000 1.577148437
3625.819788254 1.574707031
3650.819483271 1.572265625
3675.292019062 1.572265625
3699.530329637 1.572265625
3723.827349007 1.567382812
3748.476011184 1.560058594
3773.769250178 1.557617187
3800.000000000 1.555175781
3827.360693177 1.545410156
3855.641756303 1.538085937
3884.533114487 1.525878906
3913.724692839 1.508789062
3942.906416469 1.496582031
3971.768210486 1.469726562
4000.000000000 1.442871094
4027.358184404 1.418457031
4053.865060222 1.384277344
4079.609398260 1.350097656
4104.679969326 1.318359375
4129.165544226 1.279296875
4153.154893767 1.242675781
4176.736788756 1.203613281
4200.000000000 1.169433594
4223.020026267 1.140136719
4245.819278175 1.110839844
4268.406894300 1.093750000
4290.792013221 1.076660156
4312.983773516 1.057128906
4334.991313763 1.042480469
4356.823772541 1.032714844
4378.490288427 1.018066406
4400.000000000 1.015625000
4421.378453141 1.015625000
4442.716822949 1.010742187
4464.122691825 1.008300781
4485.703642170 1.005859375
4507.567256386 1.005859375
4529.821116876 1.010742187
4552.572806040 1.018066406
4575.929906281 1.018066406
4600.000000000 1.020507812
4624.829852405 1.025390625
4650.222959929 1.030273437
4675.922001812 1.032714844
4701.669657294 1.032714844
4727.208605614 1.027832031
4752.281526012 1.025390625
4776.631097727 1.015625000
4800.000000000 1.005859375
4822.207770433 1.000976562
4843.381380087 0.986328125
4863.724658383 0.969238281
4883.441434745 0.959472656
4902.735538597 0.942382812
4921.810799360 0.930175781
4940.871046460 0.913085937
4960.120109317 0.900878906
4979.761817356 0.886230469
5000.000000000 0.869140625
5020.980027336 0.852050781
5042.613432107 0.839843750
5064.753287723 0.820312500
5087.252667591 0.812988281
5109.964645119 0.793457031
5132.742293716 0.778808594
5155.438686790 0.761718750
5177.906897748 0.749511719
5200.000000000 0.732421875
5221.603090760 0.717773437
5242.729362468 0.703125000
5263.424031373 0.690917969
5283.732313722 0.671386719
5303.699425762 0.659179687
5323.370583741 0.642089844
5342.791003907 0.625000000
5362.005902507 0.610351562
5381.060495789 0.598144531
5400.000000000 0.573730469
5418.859360528 0.566406250
5437.632439321 0.546875000
5456.302827468 0.534667969
5474.854116057 0.517578125
5493.269896177 0.500488281
5511.533758917 0.476074219
5529.629295364 0.471191406
5547.540096607 0.449218750
5565.249753735 0.434570312
5582.741857837 0.417480469
5600.000000000 0.410156250
5617.017681134 0.385742187
5633.828041426 0.375976562
5650.474130886 0.354003906
5666.998999523 0.346679687
5683.445697344 0.327148437
5699.857274359 0.314941406
5716.276780577 0.300292969
5732.747266005 0.292968750
5749.311780653 0.275878906
5766.013374529 0.266113281
5782.895097642 0.256347656
5800.000000000 0.251464844
5817.359714589 0.236816406
5834.960206298 0.234375000
5852.776022994 0.217285156
5870.781712542 0.217285156
5888.951822809 0.205078125
5907.260901660 0.205078125
5925.683496962 0.197753906
5944.194156581 0.197753906
5962.767428383 0.192871094
5981.377860234 0.190429687
6000.000000000 0.190429687
6018.609645022 0.190429687
6037.187590537 0.190429687
6055.715881259 0.190429687
6074.176561901 0.190429687
6092.551677174 0.190429687
6110.823271793 0.190429687
6128.973390468 0.192871094
6146.984077914 0.190429687
6164.837378843 0.197753906
6182.515337967 0.192871094
6200.000000000 0.197753906
6217.280236594 0.192871094
6234.372227166 0.192871094
6251.298978071 0.190429687
6268.083495665 0.185546875
6284.748786306 0.183105469
6301.317856348 0.178222656
6317.813712150 0.175781250
6334.259360065 0.166015625
6350.677806452 0.166015625
6367.092057666 0.156250000
6383.525120063 0.153808594
6400.000000000 0.146484375
6416.534301841 0.134277344
6433.124021987 0.129394531
6449.759754845 0.124511719
6466.432094824 0.122070312
6483.131636331 0.114746094
6499.848973777 0.104980469
6516.574701568 0.104980469
6533.299414113 0.097656250
6550.013705820 0.097656250
6566.708171098 0.095214844
6583.373404356 0.090332031
6600.000000000 0.090332031
6616.582556040 0.090332031
6633.131684887 0.095214844
6649.662002550 0.090332031
6666.188125040 0.092773437
6682.724668368 0.090332031
6699.286248544 0.097656250
6715.887481579 0.095214844
6732.542983483 0.100097656
6749.267370267 0.097656250
6766.075257940 0.095214844
6782.981262515 0.097656250
6800.000000000 0.100097656
6817.135473997 0.104980469
6834.349238465 0.104980469
6851.592234955 0.104980469
6868.815405015 0.107421875
6885.969690195 0.102539062
6903.006032045 0.104980469
6919.875372115 0.102539062
6936.528651955 0.102539062
6952.916813113 0.102539062
6968.990797141 0.100097656
6984.701545586 0.100097656
7000.000000000 0.100097656
7014.852911773 0.097656250
7029.290271659 0.092773437
7043.357880257 0.100097656
7057.101538162 0.095214844
7070.567045971 0.095214844
7083.800204280 0.090332031
7096.846813685 0.090332031
7109.752674785 0.092773437
7122.563588174 0.092773437
7135.325354449 0.092773437
7148.083774207 0.092773437
7160.884648045 0.090332031
7173.773776559 0.092773437
7186.796960345 0.092773437
7200.000000000 0.092773437
7213.417990670 0.092773437
7227.043205701 0.092773437
7240.857212988 0.095214844
7254.841580425 0.100097656
7268.977875908 0.097656250
7283.247667331 0.104980469
7297.632522591 0.100097656
7312.114009582 0.112304687
7326.673696198 0.104980469
7341.293150336 0.114746094
7355.953939890 0.114746094
7370.637632755 0.119628906
7385.325796827 0.117187500
7400.000000000 0.122070312
7414.644123956 0.124511719
7429.251305518 0.126953125
7443.816995299 0.126953125
7458.336643910 0.131835937
7472.805701960 0.129394531
7487.219620061 0.134277344
7501.573848823 0.131835937
7515.863838858 0.134277344
7530.085040777 0.131835937
7544.232905189 0.139160156
7558.302882707 0.134277344
7572.290423941 0.139160156
7586.190979502 0.134277344
7600.000000000 0.134277344
7613.714993079 0.134277344
7627.341694513 0.139160156
7640.887897107 0.131835937
7654.361393666 0.139160156
7667.769976997 0.129394531
7681.121439905 0.134277344
7694.423575196 0.126953125
7707.684175676 0.139160156
7720.911034150 0.126953125
7734.111943424 0.129394531
7747.294696305 0.122070312
7760.467085597 0.124511719
7773.636904106 0.122070312
7786.811944639 0.122070312
7800.000000000 0.119628906
7813.207475820 0.117187500
7826.435229027 0.112304687
7839.682729372 0.114746094
7852.949446608 0.109863281
7866.234850486 0.114746094
7879.538410757 0.104980469
7892.859597175 0.104980469
7906.197879491 0.100097656
7919.552727456 0.102539062
7932.923610823 0.095214844
7946.309999344 0.100097656
7959.711362770 0.095214844
7973.127170853 0.095214844
7986.556893346 0.092773437
8000.000000000 0.095214844
8013.455103639 0.083007812
8026.917389379 0.090332031
8040.381185404 0.087890625
8053.840819903 0.090332031
8067.290621061 0.090332031
8080.724917066 0.092773437
8094.138036104 0.085449219
8107.524306362 0.092773437
8120.878056026 0.083007812
8134.193613283 0.092773437
8147.465306320 0.087890625
8160.687463324 0.095214844
8173.854412480 0.087890625
8186.960481977 0.092773437
8200.000000000 0.087890625
8212.968526892 0.095214844
8225.866551622 0.092773437
8238.695795312 0.095214844
8251.457979086 0.095214844
8264.154824069 0.097656250
8276.788051383 0.095214844
8289.359382153 0.097656250
8301.870537502 0.100097656
8314.323238554 0.102539062
8326.719206434 0.097656250
8339.060162263 0.104980469
8351.347827167 0.097656250
8363.583922269 0.104980469
8375.770168693 0.100097656
8387.908287562 0.104980469
8400.000000000 0.100097656
8412.047001343 0.104980469
8424.050883775 0.097656250
8436.013213691 0.104980469
8447.935557488 0.100097656
8459.819481560 0.104980469
8471.666552304 0.095214844
8483.478336116 0.104980469
8495.256399390 0.097656250
8507.002308524 0.104980469
8518.717629912 0.100097656
8530.403929950 0.102539062
8542.062775035 0.097656250
8553.695731561 0.102539062
8565.304365925 0.095214844
8576.890244522 0.097656250
8588.454933749 0.092773437
8600.000000000 0.100097656
8611.528071824 0.095214844
8623.046026374 0.095214844
8634.561802957 0.085449219
8646.083340879 0.092773437
8657.618579446 0.090332031
8669.175457964 0.092773437
8680.761915740 0.090332031
8692.385892079 0.092773437
8704.055326288 0.085449219
8715.778157673 0.085449219
8727.562325539 0.083007812
8739.415769193 0.087890625
8751.346427942 0.085449219
8763.362241091 0.083007812
8775.471147946 0.080566406
8787.681087814 0.083007812
8800.000000000 0.075683594
8812.431331305 0.075683594
8824.960558506 0.070800781
8837.568665873 0.075683594
8850.236637678 0.073242187
8862.945458190 0.073242187
8875.676111681 0.068359375
8888.409582422 0.065917969
8901.126854683 0.065917969
8913.808912735 0.065917969
8926.436740849 0.065917969
8938.991323296 0.061035156
8951.453644347 0.058593750
8963.804688272 0.056152344
8976.025439342 0.056152344
8988.096881827 0.053710937
9000.000000000 0.053710937
9011.721986165 0.051269531
9023.274864771 0.048828125
9034.676868299 0.043945312
9045.946229232 0.041503906
9057.101180052 0.039062500
9068.159953242 0.039062500
9079.140781285 0.034179687
9090.061896662 0.031738281
9100.941531857 0.031738281
9111.797919352 0.031738281
9122.649291629 0.029296875
9133.513881170 0.026855469
9144.409920459 0.021972656
9155.355641978 0.021972656
9166.369278209 0.014648437
9177.469061635 0.014648437
9188.673224738 0.012207031
9200.000000000 0.014648437
9211.461720838 0.009765625
9223.047124399 0.012207031
9234.739048765 0.007324219
9246.520332018 0.009765625
9258.373812238 0.004882812
9270.282327508 0.004882812
9282.228715908 0.002441406
9294.195815520 0.007324219
9306.166464425 0.000000000
9318.123500705 0.002441406
9330.049762442 0.002441406
9341.928087716 -0.002441406
9353.741314609 -0.002441406
9365.472281203 -0.002441406
9377.103825578 -0.007324219
9388.618785817 -0.002441406
9400.000000000 -0.004882812
9411.234970743 -0.004882812
9422.329858791 -0.004882812
9433.295489427 -0.004882812
9444.142687929 -0.004882812
9454.882279577 -0.004882812
9465.525089653 -0.004882812
9476.081943437 -0.004882812
9486.563666207 -0.004882812
9496.981083246 -0.004882812
9507.345019832 -0.004882812
9517.666301247 -0.002441406
9527.955752770 -0.004882812
9538.224199681 0.000000000
9548.482467261 -0.004882812
9558.741380790 0.000000000
9569.011765548 0.000000000
9579.304446816 0.000000000
9589.630249873 -0.002441406
9600.000000000 0.000000000
9610.421639722 0.000000000
9620.891580542 0.000000000
9631.403351209 0.004882812
9641.950480473 0.004882812
9652.526497080 0.004882812
9663.124929781 0.007324219
9673.739307324 0.004882812
9684.363158457 0.012207031
9694.990011930 0.009765625
9705.613396489 0.012207031
9716.226840886 0.002441406
9726.823873867 0.012207031
9737.398024182 0.009765625
9747.942820579 0.014648437
9758.451791807 0.007324219
9768.918466614 0.012207031
9779.336373750 0.012207031
9789.699041962 0.014648437
9800.000000000 0.012207031
9810.234889825 0.014648437
9820.407806249 0.009765625
9830.524957300 0.019531250
9840.592551002 0.017089844
9850.616795382 0.021972656
9860.603898465 0.014648437
9870.560068278 0.021972656
9880.491512846 0.017089844
9890.404440195 0.021972656
9900.305058352 0.019531250
9910.199575341 0.021972656
9920.094199189 0.019531250
9929.995137922 0.021972656
9939.908599566 0.014648437
9949.840792146 0.024414062
9959.797923688 0.021972656
9969.786202219 0.026855469
9979.811835764 0.021972656
9989.881032349 0.026855469
10000.000000000 0.024414062
10010.173492659 0.029296875
10020.400447931 0.024414062
10030.678349339 0.029296875
10041.004680404 0.021972656
10051.376924648 0.029296875
10061.792565592 0.024414062
10072.249086759 0.029296875
10082.743971669 0.026855469
10093.274703845 0.029296875
10103.838766809 0.024414062
10114.433644081 0.031738281
10125.056819185 0.029296875
10135.705775641 0.029296875
10146.377996972 0.026855469
10157.070966698 0.029296875
10167.782168343 0.026855469
10178.509085427 0.029296875
10189.249201472 0.026855469
10200.000000000 0.024414062
10210.758534743 0.024414062
10221.520140274 0.026855469
10232.279721377 0.024414062
10243.032182835 0.031738281
10253.772429431 0.024414062
10264.495365948 0.024414062
10275.195897171 0.019531250
10285.868927882 0.026855469
10296.509362865 0.024414062
10307.112106904 0.026855469
10317.672064781 0.019531250
10328.184141280 0.021972656
10338.643241185 0.021972656
10349.044269279 0.021972656
10359.382130345 0.021972656
10369.651729166 0.024414062
10379.847970527 0.024414062
10389.965759211 0.019531250
10400.000000000 0.019531250
10409.947498568 0.019531250
10419.812664144 0.021972656
10429.601806848 0.021972656
10439.321236798 0.021972656
10448.977264113 0.019531250
10458.576198913 0.019531250
10468.124351317 0.021972656
10477.628031443 0.024414062
10487.093549411 0.021972656
10496.527215339 0.019531250
10505.935339347 0.019531250
10515.324231554 0.017089844
10524.700202079 0.017089844
10534.069561040 0.019531250
10543.438618558 0.017089844
10552.813684750 0.014648437
10562.201069736 0.017089844
10571.607083635 0.019531250
10581.038036566 0.017089844
10590.500238648 0.017089844
10600.000000000 0.017089844
10609.541541723 0.017089844
10619.120728842 0.012207031
10628.731337367 0.017089844
10638.367143304 0.014648437
10648.021922662 0.017089844
10657.689451448 0.014648437
10667.363505670 0.014648437
10677.037861337 0.009765625
10686.706294456 0.019531250
10696.362581034 0.012207031
10706.000497081 0.017089844
10715.613818602 0.009765625
10725.196321608 0.014648437
10734.741782105 0.009765625
10744.243976101 0.017089844
10753.696679604 0.009765625
10763.093668622 0.014648437
10772.428719162 0.007324219
10781.695607234 0.012207031
10790.888108844 0.009765625
10800.000000000 0.012207031
10809.027275020 0.007324219
10817.974801459 0.012207031
10826.849665180 0.004882812
10835.658952048 0.014648437
10844.409747928 0.009765625
10853.109138684 0.014648437
10861.764210180 0.007324219
10870.382048279 0.009765625
10878.969738848 0.004882812
10887.534367749 0.012207031
10896.083020847 0.009765625
10904.622784007 0.012207031
10913.160743092 0.007324219
10921.703983967 0.012207031
10930.259592497 0.004882812
10938.834654545 0.012207031
10947.436255976 0.009765625
10956.071482654 0.007324219
10964.747420443 0.004882812
10973.471155208 0.009765625
10982.249772813 0.002441406
10991.090359122 0.007324219
11000.000000000 0.002441406
11008.984096489 0.004882812
11018.041310348 0.002441406
11027.168618514 0.004882812
11036.362997923 0.002441406
11045.621425513 0.004882812
11054.940878219 -0.004882812
11064.318332981 0.002441406
11073.750766733 -0.004882812
11083.235156413 0.002441406
11092.768478959 -0.002441406
11102.347711306 0.002441406
11111.969830392 -0.002441406
11121.631813153 -0.002441406
11131.330636528 -0.002441406
11141.063277451 0.000000000
11150.826712861 -0.002441406
11160.617919695 0.000000000
11170.433874889 -0.002441406
11180.271555379 0.000000000
11190.127938104 -0.004882812
11200.000000000 0.000000000
11209.884115332 -0.004882812
11219.774247678 0.002441406
11229.663757943 -0.004882812
11239.546007035 -0.004882812
11249.414355859 -0.002441406
11259.262165322 -0.007324219
11269.082796329 -0.004882812
11278.869609786 -0.004882812
11288.615966600 -0.004882812
11298.315227677 -0.002441406
11307.960753922 -0.004882812
11317.545906243 -0.004882812
11327.064045544 -0.004882812
11336.508532732 -0.007324219
11345.872728714 -0.007324219
11355.149994394 -0.004882812
11364.333690680 -0.004882812
11373.417178478 -0.004882812
11382.393818693 -0.004882812
11391.256972232 -0.004882812
11400.000000000 -0.002441406
11408.618815514 -0.007324219
11417.119542730 -0.004882812
11425.510858214 -0.007324219
11433.801438531 -0.007324219
11441.999960247 -0.004882812
11450.115099929 -0.004882812
11458.155534143 -0.007324219
11466.129939453 -0.007324219
11474.046992427 -0.004882812
11481.915369630 -0.007324219
11489.743747628 -0.007324219
11497.540802987 -0.004882812
11505.315212273 -0.004882812
11513.075652052 -0.004882812
11520.830798890 -0.004882812
11528.589329352 -0.007324219
11536.359920005 -0.004882812
11544.151247414 -0.004882812
11551.971988146 -0.009765625
11559.830818766 -0.004882812
11567.736415840 -0.009765625
11575.697455935 -0.004882812
11583.722615616 -0.004882812
11591.820571449 -0.002441406
11600.000000000 -0.004882812
11608.267065348 -0.002441406
11616.617881624 -0.004882812
11625.046050473 -0.004882812
11633.545173539 -0.004882812
11642.108852466 -0.002441406
11650.730688899 -0.004882812
11659.404284482 -0.004882812
11668.123240859 -0.004882812
11676.881159675 -0.007324219
11685.671642574 -0.007324219
11694.488291201 -0.004882812
11703.324707199 -0.009765625
11712.174492213 -0.007324219
11721.031247888 -0.007324219
11729.888575868 -0.002441406
11738.740077797 -0.009765625
11747.579355319 -0.004882812
11756.400010079 -0.009765625
11765.195643721 -0.004882812
11773.959857890 -0.007324219
11782.686254230 -0.002441406
11791.368434385 -0.009765625
11800.000000000 -0.004882812
11808.576336755 -0.007324219
11817.099966473 -0.007324219
11825.575195014 -0.007324219
11834.006328238 -0.004882812
11842.397672005 -0.009765625
11850.753532174 -0.002441406
11859.078214605 -0.012207031
11867.376025158 -0.004882812
11875.651269691 -0.012207031
11883.908254066 -0.004882812
11892.151284141 -0.009765625
11900.384665776 -0.004882812
11908.612704831 -0.009765625
11916.839707165 -0.004882812
11925.069978638 -0.009765625
11933.307825110 -0.007324219
11941.557552441 -0.009765625
11949.823466489 -0.007324219
11958.109873116 -0.009765625
11966.421078179 -0.007324219
11974.761387540 -0.009765625
11983.135107057 -0.007324219
11991.546542591 -0.009765625
12000.000000000 -0.002441406
12008.498475781 -0.009765625
12017.039728971 -0.004882812
12025.620209245 -0.009765625
12034.236366276 -0.004882812
12042.884649737 -0.009765625
12051.561509305 -0.007324219
12060.263394650 -0.012207031
12068.986755449 -0.009765625
12077.728041374 -0.007324219
12086.483702100 -0.007324219
12095.250187300 -0.014648437
12104.023946649 -0.009765625
12112.801429820 -0.012207031
12121.579086486 -0.002441406
12130.353366323 -0.012207031
12139.120719004 -0.007324219
12147.877594202 -0.012207031
12156.620441592 -0.004882812
12165.345710847 -0.014648437
12174.049851641 -0.004882812
12182.729313649 -0.009765625
12191.380546544 -0.004882812
12200.000000000 -0.014648437
12208.584984353 -0.007324219
12217.136252589 -0.009765625
12225.655418356 -0.007324219
12234.144095303 -0.012207031
12242.603897077 -0.004882812
12251.036437326 -0.014648437
12259.443329699 -0.007324219
12267.826187844 -0.009765625
12276.186625409 -0.004882812
12284.526256041 -0.014648437
12292.846693390 -0.007324219
12301.149551104 -0.012207031
12309.436442829 -0.007324219
12317.708982216 -0.012207031
12325.968782911 -0.014648437
12334.217458563 -0.009765625
12342.456622819 -0.009765625
12350.687889329 -0.017089844
12358.912871741 -0.009765625
12367.133183701 -0.019531250
12375.350438859 -0.009765625
12383.566250863 -0.014648437
12391.782233361 -0.014648437
12400.000000000 -0.012207031
12408.221164429 -0.014648437
12416.447340297 -0.014648437
12424.680141251 -0.014648437
12432.921180939 -0.009765625
12441.172073010 -0.007324219
12449.434431112 -0.014648437
12457.709868893 -0.012207031
12466.000000000 -0.007324219
