600.000000000 1.000000000
602.147609497 1.100000033
604.266773954 1.000000000
606.358038319 0.909090882
608.421947544 1.090909081
610.459046576 1.000000000
612.469880366 1.181818162
614.454993863 0.800000016
616.414932018 1.000000000
618.350239778 1.000000000
620.261462095 1.000000000
622.149143917 1.000000000
624.013830195 1.083333325
625.856065877 1.000000000
627.676395914 1.000000000
629.475365255 1.111111101
631.253518849 1.090909081
633.011401646 1.000000000
634.749558597 1.000000000
636.468534649 1.000000000
638.168874753 1.090909081
639.851123859 1.000000000
641.515826915 1.200000025
643.163528872 1.111111101
644.794774680 1.090909081
646.410109287 1.375000013
648.010077643 1.181818162
649.595224699 1.111111101
651.166095402 1.181818162
652.723234704 1.000000000
654.267187554 1.090909081
655.798498901 1.000000000
657.317713694 1.000000000
658.825376884 1.500000000
660.322033420 1.200000025
661.808228252 1.000000000
663.284506328 1.000000000
664.751412600 1.111111101
666.209492015 1.090909081
667.659289525 1.111111101
669.101350078 1.090909081
670.536218624 1.222222248
671.964440113 1.200000025
673.386559493 1.111111101
674.803121716 1.200000025
676.214671730 1.111111101
677.621754485 1.181818162
679.024914930 1.111111101
680.424698016 1.200000025
681.821648691 1.111111101
683.216311905 1.200000025
684.609232609 1.111111101
686.000955750 1.200000025
687.392026280 1.333333349
688.782989147 1.300000016
690.174389302 1.111111101
691.566771693 1.100000033
692.960681270 1.000000000
694.356662984 1.000000000
695.755261782 1.111111101
697.157022616 1.000000000
698.562490435 1.249999974
699.972210188 1.200000025
701.386726824 1.111111101
702.806585294 1.000000000
704.232330547 1.000000000
705.664507532 1.181818162
707.103661200 1.000000000
708.550336499 1.200000025
710.005078380 1.428571378
711.468431791 1.100000033
712.940941683 1.111111101
714.423153005 1.181818162
715.915610706 1.111111101
717.418859737 1.100000033
718.933445046 1.111111101
720.459911584 1.100000033
721.998804299 1.249999974
723.550668143 1.300000016
725.116048063 0.909090882
726.695489010 1.222222248
728.289535933 1.428571378
729.898733782 1.222222248
731.523627506 1.375000013
733.164762055 1.100000033
734.822682379 1.375000013
736.497933427 1.100000033
738.191060149 1.375000013
739.902607494 1.100000033
741.633120412 1.500000000
743.383143852 1.200000025
745.153222765 1.249999974
746.943902099 1.249999974
748.755726804 1.124999987
750.589241830 1.111111101
752.444992127 1.375000013
754.323522643 1.333333349
756.225378329 1.666666689
758.151104134 1.111111101
760.101245008 1.666666689
762.076345899 1.222222248
764.076951759 1.375000013
766.103607536 1.249999974
768.156858181 1.500000000
770.237248641 1.222222248
772.345323868 1.333333349
774.481628811 1.375000013
776.646708419 1.833333413
778.841107642 1.249999974
781.065371430 1.249999974
783.320044731 1.500000000
785.605672496 1.375000013
787.922799674 1.111111101
790.271971216 1.375000013
792.653732069 1.111111101
795.068627185 1.222222248
797.517201512 1.249999974
800.000000000 1.249999974
802.517567599 1.124999987
805.070449258 1.249999974
807.659189927 1.249999974
810.284334556 1.500000000
812.946428093 1.375000013
815.646015489 1.500000000
818.383641694 1.249999974
821.159851656 1.249999974
823.975190325 0.888888899
826.830202652 1.000000000
829.725433585 1.428571378
832.661428074 1.375000013
835.638731068 1.428571378
838.657887518 1.249999974
841.719442373 1.285714252
844.823940582 1.428571378
847.971927095 1.666666689
851.163946862 1.375000013
854.400544832 1.500000034
857.682265954 1.249999974
861.009655179 1.428571378
864.383257456 1.428571378
867.803617734 1.666666689
871.271280964 1.666666689
874.786792093 1.000000000
878.350696074 1.500000034
881.963537854 1.400000049
885.625862383 1.500000034
889.338214611 1.750000026
893.101139488 1.166666724
896.915181963 1.750000026
900.780886986 1.333333379
904.698799505 1.499999949
908.669464472 1.600000033
912.693426835 1.999999863
916.771231545 2.000000000
920.903423549 2.500000205
925.090547799 2.000000000
929.333149244 1.999999863
933.631772833 2.000000000
937.986963516 3.000000205
942.399266243 1.750000026
946.869225962 2.500000205
951.397387624 2.333333288
955.984296179 -3.000000410
960.630496575 2.666666576
965.336533763 2.000000000
970.102952691 3.500000410
974.930298310 -4.000000410
979.819115570 3.000000205
984.769949419 -4.000000410
989.783344807 2.000000205
994.859846684 -3.000000410
1000.000000000 4.000000410
1005.205202450 -0.499999949
1010.480262716 -2.000000000
1015.830842224 -2.000000000
1021.262602403 -3.000000410
1026.781204679 -0.399999967
1032.392310481 -1.000000000
1038.101581236 -0.333333311
1043.914678370 -0.499999949
1049.837263312 0.333333311
1055.874997489 -0.499999949
1062.033542329 0.249999974
1068.318559259 0.222222202
1074.735709705 0.333333349
1081.290655097 0.124999987
1087.989056861 0.500000000
1094.836576424 0.500000000
1101.838875214 0.384615380
1109.001614659 0.499999983
1116.330456186 0.399999984
1123.831061223 0.571428580
1131.509091196 0.588235286
1139.370207533 0.588235286
1147.420071662 0.550000005
1155.664345011 0.608695641
1164.108689006 0.608695641
1172.758765075 0.559999994
1181.620234645 0.629629623
1190.698759144 0.700000001
1200.000000000 0.700000001
1209.527567738 0.696969702
1219.276869275 0.685714284
1229.241260630 0.684210525
1239.414097816 0.700000000
1249.788736852 0.761904766
1260.358533754 0.760869571
1271.116844536 0.755102040
1282.057025217 0.709090910
1293.172431812 0.736842103
1304.456420338 0.766666663
1315.902346810 0.750000000
1327.503567246 0.753623190
1339.253437661 0.780821918
1351.145314072 0.769230771
1363.172552495 0.783132528
1375.328508947 0.795454543
1387.606539443 0.791666667
1400.000000000 0.759615386
1412.508839939 0.798165139
1425.159381796 0.801724137
1437.984541414 0.800000001
1451.017234632 0.815384615
1464.290377294 0.795774648
1477.836885240 0.818791945
1491.689674311 0.807453415
1505.881660349 0.820809248
1520.445759196 0.819672130
1535.414886692 0.824742269
1550.821958679 0.834146342
1566.699890999 0.818181818
1583.081599492 0.831896551
1600.000000000 0.825203253
1617.464764180 0.834615384
1635.392586953 0.835766424
1653.676919055 0.844827586
1672.211211220 0.839869281
1690.888914186 0.839009288
1709.603478688 0.838709677
1728.248355462 0.841666667
1746.716995245 0.838624339
1764.902848771 0.837092731
1782.699366778 0.841726619
1800.000000000 0.843181818
1816.775907343 0.845315904
1833.309080389 0.842323651
1849.959218885 0.839920949
1867.086022584 0.843691149
1885.049191234 0.841155235
1904.208424585 0.844559585
1924.923422387 0.841059603
1947.553884391 0.841269841
1972.459510345 0.852534562
2000.000000000 0.845132743
2030.346542635 0.844507846
2062.916285648 0.841379310
2096.937865964 0.844504021
2131.639920510 0.845953003
2166.251086214 0.846938776
2200.000000000 0.844333748
2232.268928987 0.844743277
2263.054661053 0.846153846
2292.507614267 0.844786730
2320.778206700 0.846783626
2348.016856420 0.843568945
2374.373981497 0.843857635
2400.000000000 0.845360825
2425.051700156 0.841505131
2449.711350817 0.842645382
2474.167590995 0.839224630
2498.609059701 0.838487973
2523.224395943 0.836781609
2548.202238734 0.834682081
2573.731227082 0.835075494
2600.000000000 0.832943925
2627.137601584 0.830409356
2655.034696278 0.830588235
2683.522353613 0.827058824
2712.431643122 0.825677267
2741.593634336 0.823736780
2770.839396784 0.821176471
2800.000000000 0.819460727
2828.942812043 0.813084112
2857.680395088 0.809523810
2886.261609840 0.807424594
2914.735317003 0.799541810
2943.150377281 0.795662100
2971.555651378 0.792281498
3000.000000000 0.787570621
3028.519721674 0.776053215
3057.100866228 0.774086379
3085.716921314 0.766703176
3114.341374582 0.755675676
3142.947713685 0.747334755
3171.509426273 0.743863394
3200.000000000 0.733828208
3228.406872689 0.723270440
3256.773282856 0.721174004
3285.156419192 0.714136125
3313.613470384 0.704049844
3342.201625124 0.701461378
3370.978072099 0.703043022
3400.000000000 0.696747114
3429.281358999 0.695287958
3458.663145204 0.685263158
3487.943116205 0.687434002
3516.919029595 0.692636073
3545.388642963 0.690831557
3573.149713901 0.694951665
3600.000000000 0.699134199
3625.819788254 0.702614379
3650.819483271 0.709251101
3675.292019062 0.714761376
3699.530329637 0.724409449
3723.827349007 0.730375426
3748.476011184 0.734482759
3773.769250178 0.747948417
3800.000000000 0.759237187
3827.360693177 0.766343826
3855.641756303 0.775862069
3884.533114487 0.784190715
3913.724692839 0.791293214
3942.906416469 0.802356021
3971.768210486 0.802666667
4000.000000000 0.810699589
4027.358184404 0.814866760
4053.865060222 0.819364162
4079.609398260 0.819259259
4104.679969326 0.824427481
4129.165544226 0.822605966
4153.154893767 0.827642276
4176.736788756 0.824414716
4200.000000000 0.825862069
4223.020026267 0.826548673
4245.819278175 0.828779600
4268.406894300 0.829629630
4290.792013221 0.828947368
4312.983773516 0.827915870
4334.991313763 0.824324325
4356.823772541 0.826171875
4378.490288427 0.820866142
4400.000000000 0.825396825
4421.378453141 0.828685259
4442.716822949 0.826347305
4464.122691825 0.826000000
4485.703642170 0.825651302
4507.567256386 0.825651302
4529.821116876 0.829659318
4552.572806040 0.834000000
4575.929906281 0.829025845
4600.000000000 0.826086956
4624.829852405 0.830039526
4650.222959929 0.829076621
4675.922001812 0.829411765
4701.669657294 0.829411765
4727.208605614 0.828740157
4752.281526012 0.834990059
4776.631097727 0.832000000
4800.000000000 0.832323232
4822.207770433 0.838445808
4843.381380087 0.834710744
4863.724658383 0.830543933
4883.441434745 0.832627118
4902.735538597 0.833693304
4921.810799360 0.831877729
4940.871046460 0.832962138
4960.120109317 0.831081081
4979.761817356 0.832568808
5000.000000000 0.831775701
5020.980027336 0.828978622
5042.613432107 0.828915662
5064.753287723 0.829629630
5087.252667591 0.834586466
5109.964645119 0.829081632
5132.742293716 0.830729167
5155.438686790 0.827586207
5177.906897748 0.831978320
5200.000000000 0.824175824
5221.603090760 0.828169013
5242.729362468 0.829971181
5263.424031373 0.827485381
5283.732313722 0.830815710
5303.699425762 0.825688073
5323.370583741 0.827044026
5342.791003907 0.820512821
5362.005902507 0.827814569
5381.060495789 0.830508474
5400.000000000 0.821678323
5418.859360528 0.834532375
5437.632439321 0.826568265
5456.302827468 0.832699620
5474.854116057 0.834645670
5493.269896177 0.826612903
5511.533758917 0.815899582
5529.629295364 0.835497835
5547.540096607 0.828828830
5565.249753735 0.824074073
5582.741857837 0.834146342
5600.000000000 0.844221105
5617.017681134 0.827225129
5633.828041426 0.827956989
5650.474130886 0.828571428
5666.998999523 0.825581394
5683.445697344 0.822085888
5699.857274359 0.821656051
5716.276780577 0.825503357
5732.747266005 0.833333333
5749.311780653 0.818840580
5766.013374529 0.813432836
5782.895097642 0.826771652
5800.000000000 0.837398374
5817.359714589 0.815126049
5834.960206298 0.834782608
5852.776022994 0.801801800
5870.781712542 0.839622642
5888.951822809 0.800000001
5907.260901660 0.815533980
5925.683496962 0.809999999
5944.194156581 0.809999999
5962.767428383 0.814432992
5981.377860234 0.804123710
6000.000000000 0.804123710
6018.609645022 0.804123710
6037.187590537 0.804123710
6055.715881259 0.795918367
6074.176561901 0.812499998
6092.551677174 0.804123710
6110.823271793 0.795918367
6128.973390468 0.814432992
6146.984077914 0.787878785
6164.837378843 0.809999999
6182.515337967 0.797979798
6200.000000000 0.818181816
6217.280236594 0.806122452
6234.372227166 0.806122452
6251.298978071 0.812499998
6268.083495665 0.791666667
6284.748786306 0.781250001
6301.317856348 0.820224719
6317.813712150 0.818181818
6334.259360065 0.800000001
6350.677806452 0.819277107
6367.092057666 0.790123458
6383.525120063 0.797468355
6400.000000000 0.789473684
6416.534301841 0.763888890
6433.124021987 0.768115942
6449.759754845 0.772727277
6466.432094824 0.781249997
6483.131636331 0.746031746
6499.848973777 0.728813560
6516.574701568 0.741379315
6533.299414113 0.740740744
6550.013705820 0.740740744
6566.708171098 0.764705883
6583.373404356 0.711538460
6600.000000000 0.740000001
6616.582556040 0.725490193
6633.131684887 0.780000005
6649.662002550 0.711538460
6666.188125040 0.730769227
6682.724668368 0.672727270
6699.286248544 0.740740744
6715.887481579 0.672413797
6732.542983483 0.706896552
6749.267370267 0.655737706
6766.075257940 0.650000002
6782.981262515 0.634920634
6800.000000000 0.672131147
6817.135473997 0.661538464
6834.349238465 0.682539683
6851.592234955 0.651515155
6868.815405015 0.656716417
6885.969690195 0.591549292
6903.006032045 0.632352943
6919.875372115 0.599999999
6936.528651955 0.617647056
6952.916813113 0.583333330
6968.990797141 0.577464786
6984.701545586 0.569444443
7000.000000000 0.577464786
7014.852911773 0.540540542
7029.290271659 0.535211264
7043.357880257 0.569444443
7057.101538162 0.549295775
7070.567045971 0.527027030
7083.800204280 0.506849314
7096.846813685 0.500000000
7109.752674785 0.527777775
7122.563588174 0.513513512
7135.325354449 0.535211264
7148.083774207 0.513513512
7160.884648045 0.521126758
7173.773776559 0.506666663
7186.796960345 0.535211264
7200.000000000 0.520547943
7213.417990670 0.506666663
7227.043205701 0.506666663
7240.857212988 0.534246577
7254.841580425 0.539473683
7268.977875908 0.540540542
7283.247667331 0.565789475
7297.632522591 0.546666665
7312.114009582 0.589743589
7326.673696198 0.573333334
7341.293150336 0.610389613
7355.953939890 0.618421054
7370.637632755 0.620253162
7385.325796827 0.615384617
7400.000000000 0.632911389
7414.644123956 0.671052633
7429.251305518 0.650000000
7443.816995299 0.666666668
7458.336643910 0.666666665
7472.805701960 0.688311688
7487.219620061 0.687500001
7501.573848823 0.692307691
7515.863838858 0.679012348
7530.085040777 0.683544300
7544.232905189 0.712499999
7558.302882707 0.714285717
7572.290423941 0.721518985
7586.190979502 0.714285717
7600.000000000 0.705128208
7613.714993079 0.714285717
7627.341694513 0.721518985
7640.887897107 0.701298700
7654.361393666 0.730769231
7667.769976997 0.697368420
7681.121439905 0.714285717
7694.423575196 0.693333332
7707.684175676 0.740259740
7720.911034150 0.693333332
7734.111943424 0.697368420
7747.294696305 0.675675675
7760.467085597 0.671052633
7773.636904106 0.675675675
7786.811944639 0.684931505
7800.000000000 0.671232876
7813.207475820 0.639999999
7826.435229027 0.630136984
7839.682729372 0.635135138
7852.949446608 0.633802815
7866.234850486 0.643835619
7879.538410757 0.605633803
7892.859597175 0.597222224
7906.197879491 0.577464786
7919.552727456 0.583333330
7932.923610823 0.541666668
7946.309999344 0.569444443
7959.711362770 0.565217394
7973.127170853 0.565217394
7986.556893346 0.542857142
8000.000000000 0.557142860
8013.455103639 0.499999997
8026.917389379 0.528571429
8040.381185404 0.521739131
8053.840819903 0.528571429
8067.290621061 0.544117646
8080.724917066 0.542857142
8094.138036104 0.522388060
8107.524306362 0.550724636
8120.878056026 0.507462683
8134.193613283 0.558823526
8147.465306320 0.545454547
8160.687463324 0.590909094
8173.854412480 0.553846155
8186.960481977 0.558823526
8200.000000000 0.562500000
8212.968526892 0.590909094
8225.866551622 0.593749997
8238.695795312 0.600000003
8251.457979086 0.609375002
8264.154824069 0.625000000
8276.788051383 0.619047620
8289.359382153 0.625000000
8301.870537502 0.672131147
8314.323238554 0.677419354
8326.719206434 0.645161292
8339.060162263 0.682539683
8351.347827167 0.634920634
8363.583922269 0.682539683
8375.770168693 0.683333332
8387.908287562 0.704918036
8400.000000000 0.683333332
8412.047001343 0.716666668
8424.050883775 0.677966101
8436.013213691 0.716666668
8447.935557488 0.706896552
8459.819481560 0.716666668
8471.666552304 0.684210529
8483.478336116 0.754385968
8495.256399390 0.727272726
8507.002308524 0.754385968
8518.717629912 0.745454542
8530.403929950 0.763636358
8542.062775035 0.727272726
8553.695731561 0.763636358
8565.304365925 0.722222227
8576.890244522 0.740740744
8588.454933749 0.703703703
8600.000000000 0.788461536
8611.528071824 0.764705883
8623.046026374 0.722222227
8634.561802957 0.673076925
8646.083340879 0.745098034
8657.618579446 0.698113207
8669.175457964 0.730769227
8680.761915740 0.740000001
8692.385892079 0.759999999
8704.055326288 0.686274510
8715.778157673 0.700000005
8727.562325539 0.679999999
8739.415769193 0.750000000
8751.346427942 0.714285718
8763.362241091 0.708333329
8775.471147946 0.673469387
8787.681087814 0.693877548
8800.000000000 0.659574469
8812.431331305 0.659574469
8824.960558506 0.617021273
8837.568665873 0.673913049
8850.236637678 0.638297867
8862.945458190 0.652173911
8875.676111681 0.595744680
8888.409582422 0.586956527
8901.126854683 0.574468086
8913.808912735 0.600000004
8926.436740849 0.600000004
8938.991323296 0.568181816
8951.453644347 0.533333335
8963.804688272 0.534883722
8976.025439342 0.534883722
8988.096881827 0.523809521
9000.000000000 0.511627901
9011.721986165 0.512195121
9023.274864771 0.465116278
9034.676868299 0.439024386
9045.946229232 0.395348834
9057.101180052 0.410256409
9068.159953242 0.390243903
9079.140781285 0.349999995
9090.061896662 0.317073169
9100.941531857 0.324999997
9111.797919352 0.317073169
9122.649291629 0.300000000
9133.513881170 0.282051284
9144.409920459 0.224999997
9155.355641978 0.214285713
9166.369278209 0.153846148
9177.469061635 0.149999995
9188.673224738 0.128205125
9200.000000000 0.149999995
9211.461720838 0.105263158
9223.047124399 0.124999997
9234.739048765 0.078947372
9246.520332018 0.102564102
9258.373812238 0.057142851
9270.282327508 0.048780483
9282.228715908 0.027027024
9294.195815520 0.078947372
9306.166464425 0.055555550
9318.123500705 0.026315787
9330.049762442 0.027777775
9341.928087716 -0.027027024
9353.741314609 -0.028571426
9365.472281203 -0.027777775
9377.103825578 -0.088235298
9388.618785817 -0.027027024
9400.000000000 -0.058823524
9411.234970743 -0.054054049
9422.329858791 -0.058823524
9433.295489427 -0.054054049
9444.142687929 -0.062499994
9454.882279577 -0.057142851
9465.525089653 -0.060606055
9476.081943437 -0.057142851
9486.563666207 -0.058823524
9496.981083246 -0.058823524
9507.345019832 -0.062499994
9517.666301247 -0.030303027
9527.955752770 -0.064516122
9538.224199681 0.058823524
9548.482467261 -0.066666660
9558.741380790 0.058823524
9569.011765548 0.066666660
9579.304446816 0.062499994
9589.630249873 -0.034482755
9600.000000000 0.060606055
9610.421639722 0.066666660
9620.891580542 0.058823524
9631.403351209 0.066666660
9641.950480473 0.064516122
9652.526497080 0.068965510
9663.124929781 0.100000004
9673.739307324 0.068965510
9684.363158457 0.156249997
9694.990011930 0.142857143
9705.613396489 0.166666664
9716.226840886 0.034482755
9726.823873867 0.161290319
9737.398024182 0.148148148
9747.942820579 0.206896545
9758.451791807 0.111111114
9768.918466614 0.178571425
9779.336373750 0.185185181
9789.699041962 0.222222214
9800.000000000 0.199999997
9810.234889825 0.230769225
9820.407806249 0.153846155
9830.524957300 0.320000001
9840.592551002 0.280000005
9850.616795382 0.359999997
9860.603898465 0.239999993
9870.560068278 0.359999997
9880.491512846 0.291666671
9890.404440195 0.391304342
9900.305058352 0.333333333
9910.199575341 0.391304342
9920.094199189 0.347826085
9929.995137922 0.391304342
9939.908599566 0.239999993
9949.840792146 0.454545449
9959.797923688 0.391304342
9969.786202219 0.523809531
9979.811835764 0.359999997
9989.881032349 0.500000009
10000.000000000 0.434782598
10010.173492659 0.600000000
10020.400447931 0.454545449
10030.678349339 0.571428574
10041.004680404 0.409090908
10051.376924648 0.545454551
10061.792565592 0.476190469
10072.249086759 0.571428574
10082.743971669 0.550000005
10093.274703845 0.666666674
10103.838766809 0.454545449
10114.433644081 0.764705881
10125.056819185 0.571428574
10135.705775641 0.600000000
10146.377996972 0.523809531
10157.070966698 0.666666674
10167.782168343 0.550000005
10178.509085427 0.705882357
10189.249201472 0.611111124
10200.000000000 0.588235286
10210.758534743 0.499999990
10221.520140274 0.687500006
10232.279721377 0.555555550
10243.032182835 0.812499994
10253.772429431 0.555555550
10264.495365948 0.588235286
10275.195897171 0.470588238
10285.868927882 0.733333335
10296.509362865 0.555555550
10307.112106904 0.733333335
10317.672064781 0.444444450
10328.184141280 0.599999989
10338.643241185 0.529411762
10349.044269279 0.642857145
10359.382130345 0.500000000
10369.651729166 0.666666648
10379.847970527 0.666666648
10389.965759211 0.571428580
10400.000000000 0.500000000
10409.947498568 0.571428580
10419.812664144 0.562499994
10429.601806848 0.642857145
10439.321236798 0.529411762
10448.977264113 0.571428580
10458.576198913 0.533333330
10468.124351317 0.692307690
10477.628031443 0.588235286
10487.093549411 0.692307690
10496.527215339 0.615384620
10505.935339347 0.666666667
10515.324231554 0.500000015
10524.700202079 0.636363640
10534.069561040 0.615384620
10543.438618558 0.636363640
10552.813684750 0.461538449
10562.201069736 0.636363640
10571.607083635 0.615384620
10581.038036566 0.700000025
10590.500238648 0.538461551
10600.000000000 0.636363640
10609.541541723 0.538461551
10619.120728842 0.454545441
10628.731337367 0.500000015
10638.367143304 0.545454522
10648.021922662 0.583333342
10657.689451448 0.599999992
10667.363505670 0.499999983
10677.037861337 0.400000008
10686.706294456 0.666666667
10696.362581034 0.416666658
10706.000497081 0.583333342
10715.613818602 0.444444450
10725.196321608 0.499999983
10734.741782105 0.400000008
10744.243976101 0.636363640
10753.696679604 0.444444450
10763.093668622 0.499999983
10772.428719162 0.428571437
10781.695607234 0.500000000
10790.888108844 0.571428563
10800.000000000 0.500000000
10809.027275020 0.333333349
10817.974801459 0.500000000
10826.849665180 0.285714252
10835.658952048 0.599999992
10844.409747928 0.500000000
10853.109138684 0.599999992
10861.764210180 0.375000013
10870.382048279 0.444444450
10878.969738848 0.249999974
10887.534367749 0.555555550
10896.083020847 0.666666689
10904.622784007 0.555555550
10913.160743092 0.428571437
10921.703983967 0.555555550
10930.259592497 0.249999974
10938.834654545 0.555555550
10947.436255976 0.571428563
10956.071482654 0.333333349
10964.747420443 0.333333311
10973.471155208 0.500000000
10982.249772813 0.166666655
10991.090359122 0.375000013
11000.000000000 0.199999984
11008.984096489 0.285714252
11018.041310348 0.166666655
11027.168618514 0.285714252
11036.362997923 0.124999987
11045.621425513 0.333333311
11054.940878219 -0.399999967
11064.318332981 0.166666655
11073.750766733 -0.399999967
11083.235156413 0.142857126
11092.768478959 -0.249999974
11102.347711306 0.166666655
11111.969830392 -0.142857126
11121.631813153 -0.166666655
11131.330636528 -0.199999984
11141.063277451 0.399999967
11150.826712861 -0.199999984
11160.617919695 0.399999967
11170.433874889 -0.199999984
11180.271555379 0.399999967
11190.127938104 -0.333333311
11200.000000000 0.666666576
11209.884115332 -0.333333311
11219.774247678 0.249999974
11229.663757943 -0.399999967
11239.546007035 -0.399999967
11249.414355859 -0.166666655
11259.262165322 -0.750000026
11269.082796329 -0.399999967
11278.869609786 -0.399999967
11288.615966600 -0.399999967
11298.315227677 -0.249999974
11307.960753922 -0.399999967
11317.545906243 -1.000000000
11327.064045544 -0.499999949
11336.508532732 -0.750000026
11345.872728714 -0.600000033
11355.149994394 -0.666666576
11364.333690680 -0.399999967
11373.417178478 -2.000000000
11382.393818693 -0.399999967
11391.256972232 -1.000000000
11400.000000000 -0.500000000
11408.618815514 -1.500000205
11417.119542730 -0.666666576
11425.510858214 -1.000000000
11433.801438531 -0.600000033
11441.999960247 -1.000000000
11450.115099929 -0.499999949
11458.155534143 -1.000000000
11466.129939453 -0.750000026
11474.046992427 -1.000000000
11481.915369630 -1.500000205
11489.743747628 -1.500000205
11497.540802987 -0.499999949
11505.315212273 -1.000000000
11513.075652052 -0.499999949
11520.830798890 -1.000000000
11528.589329352 -1.000000000
11536.359920005 -2.000000000
11544.151247414 -0.666666576
11551.971988146 -4.000000410
11559.830818766 -0.666666576
11567.736415840 -4.000000410
11575.697455935 -0.399999967
11583.722615616 -2.000000000
11591.820571449 -1.000000000
11600.000000000 -2.000000000
11608.267065348 -0.249999974
11616.617881624 -1.000000000
11625.046050473 -0.666666576
11633.545173539 -2.000000000
11642.108852466 -0.333333288
11650.730688899 -2.000000000
11659.404284482 -1.000000000
11668.123240859 -2.000000000
11676.881159675 -3.000000410
11685.671642574 -3.000000410
11694.488291201 -1.000000000
11703.324707199 -4.000000410
11712.174492213 -3.000000410
11721.031247888 -3.000000410
11729.888575868 -0.500000000
11738.740077797 -4.000000410
11747.579355319 -1.000000000
11756.400010079 -4.000000410
11765.195643721 -2.000000000
11773.959857890 -3.000000410
11782.686254230 -0.500000000
11791.368434385 2.000000205
11800.000000000 -2.000000000
11808.576336755 1.500000205
11817.099966473 -3.000000410
11825.575195014 -3.000000410
11834.006328238 -2.000000000
11842.397672005 4.000000410
11850.753532174 -1.000000000
11859.078214605 -5.000000410
11867.376025158 -2.000000000
11875.651269691 -5.000000410
11883.908254066 -2.000000000
11892.151284141 4.000000410
11900.384665776 2.000000000
11908.612704831 2.000000205
11916.839707165 -2.000000000
11925.069978638 4.000000410
11933.307825110 -3.000000410
11941.557552441 4.000000410
11949.823466489 -3.000000410
11958.109873116 2.000000205
11966.421078179 3.000000410
11974.761387540 4.000000410
11983.135107057 3.000000410
11991.546542591 -4.000000410
12000.000000000 1.000000000
12008.498475781 2.000000205
12017.039728971 2.000000000
12025.620209245 2.000000205
12034.236366276 2.000000000
12042.884649737 4.000000410
12051.561509305 1.500000205
12060.263394650 1.666666576
12068.986755449 2.000000205
12077.728041374 1.500000205
12086.483702100 1.500000205
12095.250187300 3.000000205
12104.023946649 1.333333288
12112.801429820 2.500000205
12121.579086486 0.500000000
12130.353366323 2.500000205
12139.120719004 1.500000205
12147.877594202 2.500000205
12156.620441592 1.000000000
12165.345710847 3.000000205
12174.049851641 0.666666576
12182.729313649 2.000000205
12191.380546544 0.666666576
12200.000000000 1.999999863
12208.584984353 1.000000000
12217.136252589 1.333333288
12225.655418356 1.000000000
12234.144095303 1.249999974
12242.603897077 1.000000000
12251.036437326 1.999999863
12259.443329699 0.600000033
12267.826187844 1.000000000
12276.186625409 0.666666576
12284.526256041 1.999999863
12292.846693390 1.000000000
12301.149551104 1.666666576
12309.436442829 1.000000000
12317.708982216 1.666666576
12325.968782911 1.499999949
12334.217458563 1.000000000
12342.456622819 1.000000000
12350.687889329 3.500000410
12358.912871741 1.000000000
12367.133183701 2.000000000
12375.350438859 1.333333288
12383.566250863 1.499999949
12391.782233361 1.499999949
12400.000000000 1.666666576
12408.221164429 1.999999863
12416.447340297 1.999999863
12424.680141251 1.999999863
12432.921180939 1.333333288
12441.172073010 0.600000033
12449.434431112 1.999999863
12457.709868893 1.249999974
12466.000000000 0.750000026
