500.000000000 -0.040955631
500.706687577 -0.047781569
501.421372296 -0.044368600
502.144091352 -0.047781569
502.874881938 -0.040955631
503.613781249 -0.051194540
504.360826479 -0.040955631
505.116054821 -0.047781569
505.879503471 -0.040955631
506.651209621 -0.051194540
507.431210467 -0.047781569
508.219543202 -0.051194540
509.016245020 -0.044368600
509.821353115 -0.047781569
510.634904683 -0.044368600
511.456936916 -0.051194540
512.287487008 -0.044368600
513.126592155 -0.047781569
513.974289549 -0.047781569
514.830616386 -0.051194540
515.695609858 -0.051194540
516.569307161 -0.054607509
517.451745489 -0.051194540
518.342962035 -0.051194540
519.242993993 -0.047781569
520.151878558 -0.058020477
521.069652924 -0.047781569
521.996354284 -0.051194540
522.932019834 -0.047781569
523.876686767 -0.051194540
524.830392277 -0.047781569
525.793173558 -0.044368600
526.765067804 -0.047781569
527.746112210 -0.051194540
528.736343970 -0.047781569
529.735800277 -0.047781569
530.744518326 -0.047781569
531.762535311 -0.047781569
532.789888426 -0.051194540
533.826614865 -0.047781569
534.872751822 -0.047781569
535.928336492 -0.044368600
536.993406067 -0.047781569
538.067997744 -0.047781569
539.152148715 -0.051194540
540.245896174 -0.047781569
541.349277317 -0.044368600
542.462329336 -0.051194540
543.585089426 -0.040955631
544.717594782 -0.047781569
545.859882596 -0.047781569
547.011990064 -0.051194540
548.173954379 -0.047781569
549.345812736 -0.051194540
550.527602328 -0.051194540
551.719360351 -0.051194540
552.921123996 -0.047781569
554.132930460 -0.051194540
555.354816936 -0.047781569
556.586820618 -0.047781569
557.828978700 -0.047781569
559.081328376 -0.047781569
560.343906841 -0.044368600
561.616751288 -0.044368600
562.899898912 -0.051194540
564.193386907 -0.051194540
565.497252466 -0.047781569
566.811532785 -0.044368600
568.136265056 -0.040955631
569.471486475 -0.047781569
570.817234234 -0.051194540
572.173545529 -0.051194540
573.540457554 -0.047781569
574.918007502 -0.047781569
576.306232567 -0.047781569
577.705169945 -0.044368600
579.114856828 -0.047781569
580.535330411 -0.044368600
581.966627888 -0.037542662
583.408786453 -0.047781569
584.861843301 -0.047781569
586.325835624 -0.047781569
587.800800619 -0.047781569
589.286775477 -0.044368600
590.783797395 -0.051194540
592.291903565 -0.044368600
593.811131182 -0.044368600
595.341517440 -0.047781569
596.883099533 -0.051194540
598.435914655 -0.047781569
600.000000000 -0.047781569
601.575392763 -0.040955631
603.162130137 -0.047781569
604.760249316 -0.044368600
606.369787496 -0.047781569
607.990781869 -0.044368600
609.623269629 -0.047781569
611.267287972 -0.040955631
612.922874091 -0.047781569
614.590065180 -0.044368600
616.268898433 -0.047781569
617.959411045 -0.037542662
619.661640209 -0.054607509
621.375623120 -0.037542662
623.101396971 -0.047781569
624.838998957 -0.040955631
626.588466272 -0.047781569
628.349836110 -0.037542662
630.123145665 -0.044368600
631.908432131 -0.047781569
633.705732702 -0.044368600
635.515084573 -0.034129692
637.336524937 -0.047781569
639.170090989 -0.034129692
641.015819922 -0.040955631
642.873748931 -0.030716723
644.743915210 -0.047781569
646.626355953 -0.037542662
648.521108354 -0.047781569
650.428209608 -0.030716723
652.347696907 -0.040955631
654.279607447 -0.034129692
656.223978421 -0.047781569
658.180847024 -0.034129692
660.150250450 -0.044368600
662.132225892 -0.034129692
664.126810546 -0.040955631
666.134041604 -0.030716723
668.153956261 -0.037542662
670.186591712 -0.034129692
672.231985150 -0.037542662
674.290173769 -0.030716723
676.361194763 -0.034129692
678.445085328 -0.027303754
680.541882656 -0.034129692
682.651623941 -0.030716723
684.774346379 -0.040955631
686.910087163 -0.030716723
689.058883486 -0.040955631
691.220772544 -0.027303754
693.395791531 -0.034129692
695.583977639 -0.030716723
697.785368064 -0.037542662
700.000000000 -0.027303754
702.227872047 -0.034129692
704.468828436 -0.030716723
706.722674803 -0.027303754
708.989216784 -0.030716723
711.268260017 -0.030716723
713.559610137 -0.023890785
715.863072781 -0.030716723
718.178453586 -0.020477815
720.505558189 -0.034129692
722.844192226 -0.023890785
725.194161334 -0.034129692
727.555271149 -0.023890785
729.927327307 -0.034129692
732.310135447 -0.020477815
734.703501203 -0.020477815
737.107230214 -0.017064846
739.521128114 -0.020477815
741.945000542 -0.020477815
744.378653133 -0.017064846
746.821891525 -0.027303754
749.274521353 -0.023890785
751.736348254 -0.020477815
754.207177865 -0.020477815
756.686815823 -0.013651877
759.175067764 -0.020477815
761.671739325 -0.017064846
764.176636143 -0.020477815
766.689563853 -0.010238908
769.210328092 -0.020477815
771.738734498 -0.013651877
774.274588707 -0.013651877
776.817696355 -0.020477815
779.367863079 -0.010238908
781.924894516 -0.013651877
784.488596302 -0.010238908
787.058774074 -0.020477815
789.635233468 -0.010238908
792.217780121 -0.010238908
794.806219669 -0.003412969
797.400357750 -0.013651877
800.000000000 -0.006825938
802.605116605 -0.006825938
805.216335955 -0.006825938
807.834450989 -0.010238908
810.460254645 0.000000000
813.094539862 -0.010238908
815.738099580 0.003412969
818.391726737 -0.006825938
821.056214273 0.003412969
823.732355126 -0.006825938
826.420942236 0.003412969
829.122768542 0.003412969
831.838626982 0.010238908
834.569310496 0.003412969
837.315612022 0.013651877
840.078324500 0.006825938
842.858240869 0.017064846
845.656154068 0.013651877
848.472857035 0.020477815
851.309142710 0.020477815
854.165804032 0.017064846
857.043633939 0.017064846
859.943425371 0.027303754
862.865971267 0.030716723
865.812064566 0.030716723
868.782498207 0.030716723
871.778065129 0.040955631
874.799558270 0.037542662
877.847770571 0.044368600
880.923494969 0.040955631
884.027524404 0.051194540
887.160651815 0.047781569
890.323670141 0.058020477
893.517372322 0.058020477
896.742551295 0.071672355
900.000000000 0.075085324
903.290168382 0.078498294
906.612134409 0.078498294
909.964633056 0.092150171
913.346399296 0.088737201
916.756168105 0.102389078
920.192674454 0.098976109
923.654653321 0.112627986
927.140839677 0.116040955
930.649968498 0.126279863
934.180774757 0.126279863
937.731993430 0.143344709
941.302359489 0.139931740
944.890607910 0.150170649
948.495473665 0.150170649
952.115691731 0.167235495
955.749997080 0.163822526
959.397124687 0.177474403
963.055809526 0.180887372
966.724786571 0.194539249
970.402790797 0.187713311
974.088557178 0.215017065
977.780820687 0.215017065
981.478316299 0.235494880
985.179778988 0.232081911
988.883943729 0.252559726
992.589545495 0.249146757
996.295319260 0.266211603
1000.000000000 0.273037543
1003.702789584 0.286689420
1007.404757472 0.286689420
1011.107440016 0.307167235
1014.812373573 0.303754266
1018.521094498 0.327645051
1022.235139144 0.331058020
1025.956043866 0.351535837
1029.685345020 0.341296928
1033.424578961 0.361774743
1037.175282042 0.361774743
1040.938990619 0.382252560
1044.717241046 0.382252560
1048.511569679 0.399317406
1052.323512871 0.402730375
1056.154606979 0.419795222
1060.006388356 0.423208191
1063.880393357 0.440273037
1067.778158337 0.440273037
1071.701219652 0.460750854
1075.651113655 0.460750854
1079.629376701 0.484641638
1083.637545145 0.484641638
1087.677155343 0.498293515
1091.749743648 0.498293515
1095.856846415 0.515358362
1100.000000000 0.515358362
1104.180019447 0.532423208
1108.394834563 0.529010239
1112.641653846 0.542662117
1116.917685792 0.549488054
1121.220138898 0.556313994
1125.546221663 0.566552901
1129.893142582 0.583617748
1134.258110153 0.587030717
1138.638332873 0.597269625
1143.031019239 0.600682594
1147.433377748 0.610921502
1151.842616898 0.621160409
1156.255945186 0.631399317
1160.670571108 0.641638225
1165.083703163 0.648464163
1169.492549846 0.658703072
1173.894319655 0.665529011
1178.286221088 0.675767918
1182.665462641 0.686006826
1187.029252812 0.686006826
1191.374800097 0.703071672
1195.699312994 0.713310580
1200.000000000 0.720136519
1204.274879015 0.726962457
1208.525205551 0.737201365
1212.753044523 0.744027303
1216.960460846 0.754266212
1221.149519435 0.757679180
1225.322285205 0.764505120
1229.480823070 0.771331058
1233.627197946 0.778156997
1237.763474748 0.784982935
1241.891718390 0.781569966
1246.013993787 0.784982935
1250.132365855 0.784982935
1254.248899508 0.788395905
1258.365659662 0.784982935
1262.484711231 0.788395905
1266.608119130 0.791808874
1270.737948274 0.791808874
1274.876263578 0.802047782
1279.025129957 0.805460751
1283.186612326 0.815699659
1287.362775600 0.825938566
1291.555684694 0.836177474
1295.767404522 0.849829351
1300.000000000 0.856655291
1304.254889977 0.866894198
1308.530909040 0.866894198
1312.826245711 0.880546075
1317.139088512 0.880546075
1321.467625963 0.887372014
1325.810046587 0.887372014
1330.164538905 0.887372014
1334.529291439 0.887372014
1338.902492710 0.887372014
1343.282331239 0.880546075
1347.666995550 0.877133106
1352.054674162 0.863481229
1356.443555598 0.849829351
1360.831828379 0.822525597
1365.217681026 0.798634812
1369.599302062 0.754266212
1373.974880008 0.720136519
1378.342603385 0.668941980
1382.700660716 0.614334471
1387.047240521 0.556313994
1391.380531322 0.501706485
1395.698721641 0.436860068
1400.000000000 0.385665529
1404.283028932 0.348122866
1408.548367023 0.327645051
1412.797046870 0.290102389
1417.030101072 0.313993174
1421.248562225 0.334470989
1425.453462929 0.378839591
1429.645835779 0.412969283
1433.826713375 0.470989761
1437.997128313 0.511945392
1442.158113193 0.573378840
1446.310700610 0.617747440
1450.455923164 0.668941980
1454.594813451 0.703071672
1458.728404070 0.754266212
1462.857727619 0.778156997
1466.983816694 0.808873720
1471.107703894 0.836177474
1475.230421817 0.863481229
1479.353003060 0.877133106
1483.476480221 0.897610922
1487.601885898 0.911262799
1491.730252688 0.928327645
1495.862613190 0.931740614
1500.000000000 0.948805460
1504.143193263 0.948805460
1508.291963303 0.969283277
1512.445827992 0.969283277
1516.604305202 0.976109215
1520.766912802 0.976109215
1524.933168664 0.986348123
1529.102590659 0.986348123
1533.274696658 0.989761092
1537.449004533 0.986348123
1541.625032154 0.996587031
1545.802297392 0.989761092
1549.980318119 1.000000000
1554.158612205 0.993174062
1558.336697521 1.000000000
1562.514091939 0.989761092
1566.690313330 1.000000000
1570.864879565 0.989761092
1575.037308514 0.996587031
1579.207118049 0.989761092
1583.373826041 0.996587031
1587.536950361 0.979522185
1591.696008880 0.993174062
1595.850519470 0.982935154
1600.000000000 0.989761092
1604.143924053 0.982935154
1608.281588056 0.986348123
1612.412244143 0.976109215
1616.535144453 0.982935154
1620.649541120 0.976109215
1624.754686283 0.976109215
1628.849832077 0.969283277
1632.934230639 0.976109215
1637.007134106 0.969283277
1641.067794613 0.972696246
1645.115464299 0.959044369
1649.149395298 0.969283277
1653.168839748 0.955631400
1657.173049785 0.959044369
1661.161277546 0.948805460
1665.132775168 0.948805460
1669.086794786 0.938566554
1673.022588537 0.945392491
1676.939408558 0.931740614
1680.836506986 0.938566554
1684.713135957 0.928327645
1688.568547607 0.928327645
1692.401994073 0.924914676
1696.212727492 0.921501706
1700.000000000 0.914675768
1703.763360646 0.918088737
1707.503546130 0.918088737
1711.221590064 0.914675768
1714.918526059 0.911262799
1718.595387729 0.904436860
1722.253208685 0.901023891
1725.893022539 0.901023891
1729.515862904 0.887372014
1733.122763391 0.894197952
1736.714757612 0.890784983
1740.292879180 0.890784983
1743.858161707 0.883959045
1747.411638805 0.883959045
1750.954344085 0.873720137
1754.487311161 0.877133106
1758.011573644 0.870307168
1761.528165146 0.870307168
1765.038119280 0.866894198
1768.542469656 0.870307168
1772.042249889 0.853242320
1775.538493589 0.853242320
1779.032234369 0.849829351
1782.524505840 0.849829351
1786.016341616 0.849829351
1789.508775308 0.843003414
1793.002840528 0.829351536
1796.499570888 0.836177474
1800.000000000 0.825938566
1803.504992464 0.822525597
1807.014736826 0.815699659
1810.529252621 0.805460751
1814.048559382 0.798634812
1817.572676644 0.791808874
1821.101623940 0.778156997
1824.635420804 0.771331058
1828.174086772 0.750853243
1831.717641375 0.744027303
1835.266104149 0.723549488
1838.819494628 0.709897611
1842.377832345 0.689419795
1845.941136834 0.675767918
1849.509427630 0.655290103
1853.082724267 0.648464163
1856.661046278 0.634812286
1860.244413198 0.624573379
1863.832844560 0.621160409
1867.426359898 0.610921502
1871.024978747 0.604095563
1874.628720641 0.604095563
1878.237605113 0.597269625
1881.851651698 0.593856655
1885.470879929 0.587030717
1889.095309341 0.587030717
1892.724959468 0.587030717
1896.359849842 0.590443686
1900.000000000 0.587030717
1903.645240927 0.597269625
1907.294649423 0.593856655
1910.947113738 0.593856655
1914.601522126 0.593856655
1918.256762839 0.590443686
1921.911724127 0.580204778
1925.565294243 0.580204778
1929.216361439 0.573378840
1932.863813966 0.569965871
1936.506540077 0.573378840
1940.143428023 0.569965871
1943.773366057 0.580204778
1947.395242429 0.583617748
1951.007945393 0.593856655
1954.610363200 0.593856655
1958.201384101 0.604095563
1961.779896350 0.607508532
1965.344788196 0.610921502
1968.894947894 0.614334471
1972.429263693 0.621160409
1975.946623847 0.621160409
1979.445916607 0.624573379
1982.926030225 0.621160409
1986.385852952 0.627986348
1989.824273042 0.624573379
1993.240178745 0.624573379
1996.632458314 0.617747440
2000.000000000 0.624573379
2003.342056831 0.614334471
2006.659340937 0.617747440
2009.952929224 0.610921502
2013.223898598 0.610921502
2016.473325965 0.604095563
2019.702288230 0.604095563
2022.911862299 0.597269625
2026.103125079 0.590443686
2029.277153474 0.580204778
2032.435024391 0.573378840
2035.577814736 0.566552901
2038.706601415 0.559726963
2041.822461332 0.552901023
2044.926471395 0.552901023
2048.019708509 0.535836177
2051.103249580 0.529010239
2054.178171513 0.515358362
2057.245551215 0.511945392
2060.306465591 0.501706485
2063.361991547 0.494880546
2066.413205990 0.481228669
2069.461185824 0.477815700
2072.507007956 0.470989761
2075.551749291 0.467576792
2078.596486736 0.457337883
2081.642297195 0.453924914
2084.690257576 0.447098977
2087.741444784 0.453924914
2090.796935724 0.440273037
2093.857807303 0.443686006
2096.925136427 0.433447099
2100.000000000 0.436860068
2103.083205825 0.433447099
2106.174485282 0.433447099
2109.273300648 0.426621160
2112.379114200 0.433447099
2115.491388215 0.416382252
2118.609584968 0.416382252
2121.733166737 0.409556314
2124.861595799 0.406143345
2127.994334428 0.399317406
2131.130844903 0.395904437
2134.270589500 0.385665529
2137.413030495 0.385665529
2140.557630166 0.365187714
2143.703850787 0.358361775
2146.851154637 0.344709897
2149.999003992 0.344709897
2153.146861128 0.324232082
2156.294188322 0.310580205
2159.440447850 0.290102389
2162.585101990 0.276450512
2165.727613017 0.259385666
2168.867443208 0.245733788
2172.004054840 0.225255972
2175.136910189 0.218430034
2178.265471533 0.187713311
2181.389201147 0.180887372
2184.507561308 0.156996586
2187.620014292 0.146757680
2190.726022378 0.126279863
2193.825047839 0.109215017
2196.916552955 0.081911263
2200.000000000 0.075085324
2203.074947850 0.047781569
2206.141341773 0.040955631
2209.199223634 0.020477815
2212.248635301 0.013651877
2215.289618637 -0.003412969
2218.322215511 -0.010238908
2221.346467788 -0.020477815
2224.362417333 -0.020477815
2227.370106013 -0.034129692
2230.369575694 -0.030716723
2233.360868242 -0.040955631
2236.344025523 -0.034129692
2239.319089403 -0.047781569
2242.286101748 -0.037542662
2245.245104424 -0.047781569
2248.196139297 -0.037542662
2251.139248234 -0.047781569
2254.074473099 -0.037542662
2257.001855760 -0.044368600
2259.921438082 -0.037542662
2262.833261931 -0.040955631
2265.737369174 -0.037542662
2268.633801676 -0.047781569
2271.522601303 -0.034129692
2274.403809922 -0.044368600
2277.277469398 -0.030716723
2280.143621598 -0.047781569
2283.002308387 -0.027303754
2285.853571632 -0.034129692
2288.697453198 -0.030716723
2291.533994952 -0.034129692
2294.363238760 -0.020477815
2297.185226487 -0.023890785
2300.000000000 -0.013651877
2302.807668029 -0.020477815
2305.608606765 0.003412969
2308.403259260 -0.006825938
2311.192068569 0.013651877
2313.975477747 0.003412969
2316.753929847 0.020477815
2319.527867923 0.020477815
2322.297735029 0.037542662
2325.063974220 0.034129692
2327.827028550 0.051194540
2330.587341072 0.054607509
2333.345354841 0.071672355
2336.101512911 0.071672355
2338.856258336 0.081911263
2341.610034171 0.075085324
2344.363283468 0.092150171
2347.116449283 0.092150171
2349.869974669 0.102389078
2352.624302681 0.102389078
2355.379876372 0.105802048
2358.137138797 0.105802048
2360.896533010 0.119453925
2363.658502064 0.112627986
2366.423489015 0.126279863
2369.191936915 0.122866894
2371.964288820 0.126279863
2374.740987783 0.116040955
2377.522476859 0.126279863
2380.309199101 0.119453925
2383.101597563 0.129692832
2385.900115301 0.126279863
2388.705195367 0.122866894
2391.517280815 0.126279863
2394.336814701 0.126279863
2397.164240078 0.116040955
2400.000000000 0.119453925
2402.844352218 0.112627986
2405.696813267 0.112627986
2408.556714381 0.105802048
2411.423386792 0.102389078
2414.296161733 0.102389078
2417.174370436 0.098976109
2420.057344134 0.085324232
2422.944414059 0.088737201
2425.834911444 0.081911263
2428.728167523 0.071672355
2431.623513526 0.058020477
2434.520280688 0.058020477
2437.417800240 0.051194540
2440.315403415 0.054607509
2443.212421446 0.047781569
2446.108185566 0.044368600
2449.002027006 0.044368600
2451.893277000 0.030716723
2454.781266780 0.023890785
2457.665327579 0.020477815
2460.544790630 0.017064846
2463.418987165 0.013651877
2466.287248416 0.013651877
2469.148905616 0.006825938
2472.003289999 0.003412969
2474.849732796 0.003412969
2477.687565240 0.003412969
2480.516118563 -0.003412969
2483.334723999 -0.003412969
2486.142712780 -0.013651877
2488.939416139 -0.010238908
2491.724165307 -0.013651877
2494.496291519 -0.013651877
2497.255126005 -0.023890785
2500.000000000 -0.023890785
2502.730429637 -0.023890785
2505.446670654 -0.020477815
2508.149163692 -0.023890785
2510.838349392 -0.020477815
2513.514668393 -0.030716723
2516.178561336 -0.023890785
2518.830468861 -0.030716723
2521.470831608 -0.030716723
2524.100090217 -0.034129692
2526.718685329 -0.030716723
2529.327057583 -0.044368600
2531.925647621 -0.034129692
2534.514896082 -0.040955631
2537.095243607 -0.037542662
2539.667130835 -0.044368600
2542.230998407 -0.037542662
2544.787286963 -0.047781569
2547.336437144 -0.040955631
2549.878889589 -0.047781569
2552.415084939 -0.040955631
2554.945463834 -0.047781569
2557.470466914 -0.044368600
2559.990534820 -0.047781569
2562.506108191 -0.040955631
2565.017627669 -0.047781569
2567.525533892 -0.044368600
2570.030267502 -0.047781569
2572.532269139 -0.040955631
2575.031979442 -0.051194540
2577.529839053 -0.047781569
2580.026288610 -0.058020477
2582.521768756 -0.047781569
2585.016720128 -0.051194540
2587.511583369 -0.044368600
2590.006799118 -0.051194540
2592.502808016 -0.047781569
2595.000050701 -0.044368600
2597.498967816 -0.037542662
2600.000000000 -0.047781569
2602.503481109 -0.040955631
2605.009317861 -0.051194540
2607.517310192 -0.047781569
2610.027258036 -0.051194540
2612.538961328 -0.040955631
2615.052220001 -0.047781569
2617.566833992 -0.044368600
2620.082603233 -0.051194540
2622.599327660 -0.044368600
2625.116807207 -0.051194540
2627.634841810 -0.044368600
2630.153231402 -0.047781569
2632.671775917 -0.044368600
2635.190275292 -0.054607509
2637.708529459 -0.044368600
2640.226338354 -0.051194540
2642.743501912 -0.040955631
2645.259820066 -0.051194540
2647.775092751 -0.047781569
2650.289119903 -0.051194540
2652.801701455 -0.040955631
2655.312637342 -0.054607509
2657.821727498 -0.040955631
2660.328771859 -0.051194540
2662.833570358 -0.040955631
2665.335922931 -0.047781569
2667.835629512 -0.040955631
2670.332490035 -0.051194540
2672.826304435 -0.044368600
2675.316872647 -0.054607509
2677.803994604 -0.040955631
2680.287470242 -0.051194540
2682.767099496 -0.047781569
2685.242682299 -0.054607509
2687.714018587 -0.044368600
2690.180908294 -0.051194540
2692.643151354 -0.047781569
2695.100547702 -0.054607509
2697.552897272 -0.044368600
2700.000000000 -0.051194540
2702.441718033 -0.047781569
2704.878162371 -0.051194540
2707.309506228 -0.047781569
2709.735922818 -0.051194540
2712.157585355 -0.047781569
2714.574667052 -0.047781569
2716.987341124 -0.047781569
2719.395780783 -0.051194540
2721.800159243 -0.047781569
2724.200649719 -0.054607509
2726.597425424 -0.047781569
2728.990659572 -0.047781569
2731.380525376 -0.051194540
2733.767196051 -0.051194540
2736.150844809 -0.047781569
2738.531644865 -0.047781569
2740.909769433 -0.044368600
2743.285391726 -0.054607509
2745.658684957 -0.044368600
2748.029822341 -0.047781569
2750.398977092 -0.044368600
2752.766322423 -0.047781569
2755.132031547 -0.040955631
2757.496277679 -0.047781569
2759.859234032 -0.051194540
2762.221073821 -0.054607509
2764.581970258 -0.047781569
2766.942096557 -0.054607509
2769.301625933 -0.054607509
2771.660731598 -0.051194540
2774.019586768 -0.051194540
2776.378364654 -0.051194540
2778.737238472 -0.047781569
2781.096381435 -0.051194540
2783.455966756 -0.047781569
2785.816167650 -0.047781569
2788.177157330 -0.044368600
2790.539109009 -0.051194540
2792.902195902 -0.047781569
2795.266591223 -0.047781569
2797.632468184 -0.051194540
2800.000000000 -0.047781569
2802.369286592 -0.047781569
2804.740134711 -0.047781569
2807.112277817 -0.051194540
2809.485449369 -0.047781569
2811.859382824 -0.051194540
2814.233811643 -0.044368600
2816.608469285 -0.047781569
2818.983089207 -0.047781569
2821.357404870 -0.047781569
2823.731149733 -0.040955631
2826.104057253 -0.047781569
2828.475860891 -0.047781569
2830.846294105 -0.054607509
2833.215090354 -0.051194540
2835.581983097 -0.051194540
2837.946705794 -0.047781569
2840.308991902 -0.051194540
2842.668574882 -0.047781569
2845.025188192 -0.051194540
2847.378565290 -0.047781569
2849.728439637 -0.051194540
2852.074544691 -0.047781569
2854.416613911 -0.054607509
2856.754380756 -0.047781569
2859.087578685 -0.058020477
2861.415941157 -0.047781569
2863.739201631 -0.051194540
2866.057093565 -0.047781569
2868.369350420 -0.051194540
2870.675705653 -0.051194540
2872.975892724 -0.051194540
2875.269645093 -0.047781569
2877.556696216 -0.051194540
2879.836779555 -0.051194540
2882.109628568 -0.051194540
2884.374976713 -0.044368600
2886.632557450 -0.051194540
2888.882104237 -0.044368600
2891.123350534 -0.051194540
2893.356029800 -0.051194540
2895.579875494 -0.054607509
2897.794621074 -0.047781569
2900.000000000 -0.051194540
2902.195839600 -0.040955631
2904.382342679 -0.051194540
2906.559805914 -0.051194540
2908.728525978 -0.054607509
2910.888799548 -0.040955631
2913.040923299 -0.051194540
2915.185193905 -0.040955631
2917.321908042 -0.051194540
2919.451362385 -0.047781569
2921.573853609 -0.051194540
2923.689678390 -0.044368600
2925.799133403 -0.051194540
2927.902515322 -0.051194540
2930.000120823 -0.054607509
2932.092246582 -0.044368600
2934.179189273 -0.054607509
2936.261245571 -0.037542662
2938.338712152 -0.051194540
2940.411885691 -0.040955631
2942.481062864 -0.047781569
2944.546540344 -0.044368600
2946.608614808 -0.051194540
2948.667582931 -0.044368600
2950.723741388 -0.044368600
2952.777386854 -0.044368600
2954.828816004 -0.054607509
2956.878325513 -0.047781569
2958.926212057 -0.054607509
2960.972772311 -0.047781569
2963.018302950 -0.047781569
2965.063100649 -0.047781569
2967.107462084 -0.054607509
2969.151683929 -0.040955631
2971.196062860 -0.054607509
2973.240895551 -0.044368600
2975.286478679 -0.051194540
2977.333108918 -0.044368600
2979.381082944 -0.051194540
2981.430697432 -0.040955631
2983.482249056 -0.047781569
2985.536034492 -0.040955631
2987.592350416 -0.047781569
2989.651493502 -0.044368600
2991.713760425 -0.051194540
2993.779447862 -0.044368600
2995.848852486 -0.051194540
2997.922270974 -0.047781569
3000.000000000 -0.051194540
3002.082240256 -0.040955631
3004.168808499 -0.047781569
3006.259425503 -0.037542662
3008.353812040 -0.047781569
3010.451688885 -0.040955631
3012.552776811 -0.047781569
3014.656796592 -0.044368600
3016.763469001 -0.047781569
3018.872514811 -0.044368600
3020.983654796 -0.051194540
3023.096609730 -0.047781569
3025.211100385 -0.047781569
3027.326847536 -0.040955631
3029.443571956 -0.040955631
3031.560994419 -0.037542662
3033.678835697 -0.051194540
3035.796816565 -0.047781569
3037.914657796 -0.051194540
3040.032080163 -0.040955631
3042.148804440 -0.044368600
3044.264551401 -0.040955631
3046.379041818 -0.047781569
3048.491996466 -0.040955631
3050.603136118 -0.044368600
3052.712181547 -0.047781569
3054.818853526 -0.044368600
3056.922872831 -0.030716723
3059.023960233 -0.044368600
3061.121836506 -0.044368600
3063.216222425 -0.044368600
3065.306838761 -0.044368600
3067.393406289 -0.047781569
3069.475645783 -0.047781569
3071.553278016 -0.044368600
3073.626023760 -0.044368600
3075.693603791 -0.044368600
3077.755738881 -0.044368600
3079.812149804 -0.047781569
3081.862557332 -0.044368600
3083.906682241 -0.047781569
3085.944245303 -0.044368600
3087.974967291 -0.044368600
3089.998568980 -0.044368600
3092.014771143 -0.040955631
3094.023294553 -0.040955631
3096.023859983 -0.044368600
3098.016188208 -0.040955631
3100.000000000 -0.040955631
3101.975158844 -0.037542662
3103.942099063 -0.034129692
3105.901397692 -0.040955631
3107.853631765 -0.044368600
3109.799378317 -0.044368600
3111.739214381 -0.044368600
3113.673716993 -0.040955631
3115.603463186 -0.040955631
3117.529029995 -0.040955631
3119.450994454 -0.044368600
3121.369933597 -0.040955631
3123.286424459 -0.040955631
3125.201044075 -0.040955631
3127.114369477 -0.040955631
3129.026977702 -0.037542662
3130.939445783 -0.037542662
3132.852350754 -0.037542662
3134.766269650 -0.040955631
3136.681779504 -0.037542662
3138.599457353 -0.040955631
3140.519880229 -0.037542662
3142.443625167 -0.040955631
3144.371269201 -0.044368600
3146.303389366 -0.037542662
3148.240562697 -0.040955631
3150.183366226 -0.040955631
3152.132376990 -0.040955631
3154.088172021 -0.037542662
3156.051328355 -0.040955631
3158.022423025 -0.044368600
3160.002033066 -0.040955631
3161.990735513 -0.044368600
3163.989107399 -0.044368600
3165.997725760 -0.040955631
3168.017167629 -0.040955631
3170.048010040 -0.040955631
3172.090830028 -0.047781569
3174.146204628 -0.047781569
3176.214710873 -0.040955631
3178.296925798 -0.040955631
3180.393426438 -0.040955631
3182.504789826 -0.040955631
3184.631592997 -0.040955631
3186.774412985 -0.040955631
3188.933826825 -0.040955631
3191.110411551 -0.034129692
3193.304744197 -0.040955631
3195.517401798 -0.037542662
3197.748961387 -0.047781569
3200.000000000 -0.037542662
3202.271094670 -0.037542662
3204.562822433 -0.037542662
3206.875760321 -0.037542662
3209.210485370 -0.037542662
3211.567574614 -0.044368600
3213.947605087 -0.037542662
3216.351153824 -0.037542662
3218.778797858 -0.034129692
3221.231114225 -0.037542662
3223.708679958 -0.040955631
3226.212072092 -0.040955631
3228.741867661 -0.034129692
3231.298643700 -0.040955631
3233.882977242 -0.037542662
3236.495445323 -0.040955631
3239.136624976 -0.034129692
3241.807093236 -0.040955631
3244.507427137 -0.030716723
3247.238203714 -0.034129692
