500.000000000 -0.036621094
500.753353597 -0.039062500
501.513362953 -0.034179687
502.280075241 -0.034179687
503.053537633 -0.036621094
503.833797301 -0.034179687
504.620901420 -0.034179687
505.414897161 -0.029296875
506.215831698 -0.039062500
507.023752203 -0.031738281
507.838705849 -0.036621094
508.660739810 -0.031738281
509.489901257 -0.036621094
510.326237364 -0.031738281
511.169795303 -0.034179687
512.020622247 -0.031738281
512.878765370 -0.034179687
513.744271844 -0.034179687
514.617188841 -0.036621094
515.497563535 -0.034179687
516.385443098 -0.036621094
517.280874703 -0.036621094
518.183905524 -0.036621094
519.094582732 -0.036621094
520.012953501 -0.036621094
520.939065003 -0.034179687
521.872964412 -0.039062500
522.814698900 -0.034179687
523.764315639 -0.034179687
524.721861804 -0.031738281
525.687384566 -0.034179687
526.660931099 -0.029296875
527.642548575 -0.036621094
528.632284166 -0.029296875
529.630185047 -0.034179687
530.636298390 -0.036621094
531.650671367 -0.034179687
532.673351151 -0.029296875
533.704384916 -0.031738281
534.743819833 -0.034179687
535.791703076 -0.034179687
536.848081818 -0.034179687
537.913003232 -0.034179687
538.986514489 -0.034179687
540.068662764 -0.036621094
541.159495229 -0.036621094
542.259059056 -0.029296875
543.367401419 -0.034179687
544.484569490 -0.034179687
545.610610443 -0.034179687
546.745571449 -0.036621094
547.889499683 -0.039062500
549.042442316 -0.034179687
550.204446521 -0.034179687
551.375559472 -0.036621094
552.555828341 -0.036621094
553.745300301 -0.034179687
554.944022525 -0.036621094
556.152042185 -0.036621094
557.369406455 -0.034179687
558.596162507 -0.039062500
559.832357514 -0.036621094
561.078038649 -0.039062500
562.333253084 -0.036621094
563.598047994 -0.039062500
564.872470549 -0.034179687
566.156567924 -0.034179687
567.450387290 -0.034179687
568.753975822 -0.034179687
570.067380691 -0.036621094
571.390649070 -0.034179687
572.723828133 -0.034179687
574.066965052 -0.034179687
575.420107000 -0.039062500
576.783301149 -0.031738281
578.156594673 -0.036621094
579.540034745 -0.034179687
580.933668536 -0.036621094
582.337543221 -0.034179687
583.751705972 -0.034179687
585.176203961 -0.031738281
586.611084361 -0.036621094
588.056394346 -0.034179687
589.512181089 -0.039062500
590.978491761 -0.034179687
592.455373535 -0.036621094
593.942873586 -0.031738281
595.441039085 -0.036621094
596.949917205 -0.031738281
598.469555119 -0.036621094
600.000000000 -0.031738281
601.541299021 -0.039062500
603.093499354 -0.031738281
604.656648173 -0.036621094
606.230792649 -0.029296875
607.815979957 -0.036621094
609.412257269 -0.034179687
611.019671757 -0.034179687
612.638270594 -0.031738281
614.268100954 -0.036621094
615.909210009 -0.031738281
617.561644932 -0.034179687
619.225452896 -0.031738281
620.900681073 -0.036621094
622.587376637 -0.034179687
624.285586759 -0.036621094
625.995358614 -0.031738281
627.716739374 -0.036621094
629.449776211 -0.031738281
631.194516299 -0.036621094
632.951006810 -0.031738281
634.719294917 -0.036621094
636.499427793 -0.029296875
638.291452611 -0.034179687
640.095416544 -0.031738281
641.911366764 -0.036621094
643.739350444 -0.031738281
645.579414757 -0.034179687
647.431606876 -0.029296875
649.295973974 -0.031738281
651.172563224 -0.029296875
653.061421797 -0.036621094
654.962596868 -0.029296875
656.876135609 -0.036621094
658.802085193 -0.029296875
660.740492792 -0.036621094
662.691405580 -0.029296875
664.654870729 -0.031738281
666.630935412 -0.029296875
668.619646802 -0.036621094
670.621052071 -0.031738281
672.635198394 -0.036621094
674.662132941 -0.026855469
676.701902887 -0.034179687
678.754555404 -0.029296875
680.820137665 -0.034179687
682.898696842 -0.029296875
684.990280109 -0.039062500
687.094934638 -0.029296875
689.212707603 -0.036621094
691.343646175 -0.029296875
693.487797528 -0.036621094
695.645208835 -0.029296875
697.815927268 -0.036621094
700.000000000 -0.029296875
702.197450595 -0.039062500
704.408208177 -0.034179687
706.632178263 -0.034179687
708.869266367 -0.029296875
711.119378006 -0.036621094
713.382418694 -0.031738281
715.658293948 -0.039062500
717.946909282 -0.029296875
720.248170213 -0.034179687
722.561982256 -0.034179687
724.888250927 -0.034179687
727.226881741 -0.029296875
729.577780213 -0.034179687
731.940851860 -0.029296875
734.316002196 -0.034179687
736.703136738 -0.026855469
739.102161001 -0.036621094
741.512980500 -0.026855469
743.935500751 -0.034179687
746.369627270 -0.026855469
748.815265571 -0.034179687
751.272321172 -0.029296875
753.740699586 -0.034179687
756.220306330 -0.031738281
758.711046920 -0.034179687
761.212826870 -0.026855469
763.725551697 -0.036621094
766.249126915 -0.029296875
768.783458042 -0.034179687
771.328450591 -0.031738281
773.884010079 -0.034179687
776.450042020 -0.029296875
779.026451932 -0.034179687
781.613145329 -0.029296875
784.210027727 -0.034179687
786.817004641 -0.026855469
789.433981586 -0.034179687
792.060864080 -0.024414062
794.697557636 -0.031738281
797.343967771 -0.034179687
800.000000000 -0.031738281
802.665678004 -0.029296875
805.341498127 -0.034179687
808.028074876 -0.026855469
810.726022761 -0.031738281
813.435956289 -0.026855469
816.158489971 -0.036621094
818.894238314 -0.029296875
821.643815827 -0.029296875
824.407837018 -0.029296875
827.186916396 -0.034179687
829.981668471 -0.034179687
832.792707749 -0.031738281
835.620648741 -0.031738281
838.466105954 -0.029296875
841.329693897 -0.029296875
844.212027079 -0.029296875
847.113720008 -0.031738281
850.035387193 -0.029296875
852.977643143 -0.034179687
855.941102367 -0.026855469
858.926379372 -0.029296875
861.934088667 -0.029296875
864.964844762 -0.034179687
868.019262164 -0.031738281
871.097955382 -0.031738281
874.201538925 -0.029296875
877.330627302 -0.026855469
880.485835021 -0.026855469
883.667776591 -0.031738281
886.877066519 -0.029296875
890.114319316 -0.031738281
893.380149489 -0.029296875
896.675171548 -0.029296875
900.000000000 -0.026855469
903.354898976 -0.029296875
906.738731096 -0.021972656
910.150008599 -0.029296875
913.587243727 -0.024414062
917.048948720 -0.029296875
920.533635819 -0.024414062
924.039817265 -0.029296875
927.566005298 -0.026855469
931.110712159 -0.029296875
934.672450088 -0.024414062
938.249731328 -0.029296875
941.841068117 -0.029296875
945.444972698 -0.029296875
949.059957310 -0.024414062
952.684534194 -0.029296875
956.317215591 -0.024414062
959.956513743 -0.034179687
963.600940888 -0.021972656
967.249009269 -0.029296875
970.899231126 -0.024414062
974.550118700 -0.029296875
978.200184230 -0.021972656
981.847939959 -0.024414062
985.491898127 -0.021972656
989.130570974 -0.029296875
992.762470742 -0.021972656
996.386109670 -0.029296875
1000.000000000 -0.017089844
1003.603240580 -0.024414062
1007.197276691 -0.019531250
1010.784140221 -0.024414062
1014.365863058 -0.019531250
1017.944477090 -0.024414062
1021.522014205 -0.019531250
1025.100506293 -0.021972656
1028.681985240 -0.014648437
1032.268482936 -0.017089844
1035.862031268 -0.012207031
1039.464662125 -0.007324219
1043.078407395 0.002441406
1046.705298966 0.009765625
1050.347368726 0.029296875
1054.006648564 0.051269531
1057.685170368 0.078125000
1061.384966027 0.114746094
1065.108067427 0.158691406
1068.856506459 0.202636719
1072.632315009 0.266113281
1076.437524966 0.324707031
1080.274168219 0.395507812
1084.144276655 0.476074219
1088.049882163 0.556640625
1091.993016631 0.637207031
1095.975711947 0.727539062
1100.000000000 0.817871094
1104.067196678 0.913085937
1108.175753874 1.003417969
1112.323407479 1.098632812
1116.507893386 1.186523437
1120.726947488 1.279296875
1124.978305677 1.374511719
1129.259703846 1.457519531
1133.568877886 1.542968750
1137.903563691 1.628417969
1142.261497153 1.711425781
1146.640414164 1.791992187
1151.038050617 1.870117187
1155.452142404 1.950683594
1159.880425418 2.028808594
1164.320635551 2.099609375
1168.770508696 2.167968750
1173.227780744 2.233886719
1177.690187590 2.294921875
1182.155465124 2.353515625
1186.621349240 2.407226562
1191.085575829 2.453613281
1195.545880785 2.495117187
1200.000000000 2.531738281
1204.446036751 2.561035156
1208.883563854 2.587890625
1213.312521510 2.604980469
1217.732849919 2.629394531
1222.144489283 2.644042969
1226.547379803 2.656250000
1230.941461678 2.661132812
1235.326675111 2.666015625
1239.702960302 2.663574219
1244.070257451 2.661132812
1248.428506760 2.656250000
1252.777648428 2.644042969
1257.117622658 2.639160156
1261.448369650 2.634277344
1265.769829605 2.629394531
1270.081942723 2.631835937
1274.384649206 2.634277344
1278.677889254 2.641601562
1282.961603068 2.653808594
1287.235730849 2.663574219
1291.500212797 2.680664062
1295.754989114 2.690429687
1300.000000000 2.702636719
1304.235272812 2.712402344
1308.461183532 2.719726562
1312.678195297 2.724609375
1316.886771244 2.724609375
1321.087374510 2.722167969
1325.280468234 2.722167969
1329.466515552 2.705078125
1333.645979601 2.692871094
1337.819323520 2.673339844
1341.987010445 2.653808594
1346.149503514 2.612304687
1350.307265864 2.568359375
1354.460760632 2.502441406
1358.610450957 2.443847656
1362.756799975 2.365722656
1366.900270823 2.258300781
1371.041326640 2.136230469
1375.180430562 1.999511719
1379.318045727 1.831054687
1383.454635271 1.677246094
1387.590662334 1.508789062
1391.726590051 1.350097656
1395.862881561 1.213378906
1400.000000000 1.120605469
1404.138354753 1.052246094
1408.278140194 1.025390625
1412.419496944 1.044921875
1416.562565622 1.105957031
1420.707486850 1.188964844
1424.854401247 1.293945312
1429.003449436 1.416015625
1433.154772035 1.535644531
1437.308509667 1.660156250
1441.464802952 1.770019531
1445.623792509 1.875000000
1449.785618960 1.965332031
1453.950422926 2.048339844
1458.118345027 2.124023437
1462.289525884 2.192382812
1466.464106116 2.241210937
1470.642226346 2.282714844
1474.824027193 2.326660156
1479.009649279 2.353515625
1483.199233223 2.375488281
1487.392919647 2.402343750
1491.590849170 2.416992187
1495.793162414 2.438964844
1500.000000000 2.443847656
1504.211308174 2.453613281
1508.426255690 2.463378906
1512.643816928 2.465820312
1516.862966269 2.473144531
1521.082678092 2.473144531
1525.301926777 2.473144531
1529.519686706 2.470703125
1533.734932257 2.463378906
1537.946637811 2.460937500
1542.153777749 2.451171875
1546.355326450 2.448730469
1550.550258295 2.434082031
1554.737547663 2.429199219
1558.916168935 2.419433594
1563.085096491 2.412109375
1567.243304711 2.407226562
1571.389767976 2.397460937
1575.523460665 2.387695312
1579.643357158 2.382812500
1583.748431836 2.373046875
1587.837659080 2.363281250
1591.910013268 2.353515625
1595.964468781 2.346191406
1600.000000000 2.331542969
1604.015870252 2.324218750
1608.012498656 2.316894531
1611.990593280 2.302246094
1615.950862190 2.294921875
1619.894013453 2.282714844
1623.820755136 2.272949219
1627.731795306 2.263183594
1631.627842029 2.250976562
1635.509603373 2.243652344
1639.377787405 2.231445312
1643.233102191 2.221679687
1647.076255799 2.209472656
1650.907956294 2.199707031
1654.728911745 2.189941406
1658.539830218 2.180175781
1662.341419779 2.167968750
1666.134388497 2.158203125
1669.919444437 2.143554687
1673.697295666 2.136230469
1677.468650252 2.121582031
1681.234216262 2.114257812
1684.994701761 2.099609375
1688.750814818 2.097167969
1692.503263499 2.082519531
1696.252755871 2.072753906
1700.000000000 2.058105469
1703.745555957 2.045898437
1707.489391821 2.041015625
1711.231327675 2.031250000
1714.971183602 2.019042969
1718.708779684 2.009277344
1722.443936003 1.997070312
1726.176472644 1.989746094
1729.906209687 1.975097656
1733.632967216 1.965332031
1737.356565313 1.950683594
1741.076824062 1.943359375
1744.793563544 1.928710937
1748.506603842 1.918945312
1752.215765040 1.909179687
1755.920867218 1.899414062
1759.621730461 1.884765625
1763.318174851 1.875000000
1767.010020470 1.855468750
1770.697087401 1.850585937
1774.379195727 1.831054687
1778.056165530 1.816406250
1781.727816893 1.801757812
1785.393969899 1.794433594
1789.054444630 1.782226562
1792.709061169 1.777343750
1796.357639598 1.757812500
1800.000000000 1.750488281
1803.636020261 1.728515625
1807.265809479 1.713867187
1810.889534553 1.687011719
1814.507362387 1.669921875
1818.119459879 1.643066406
1821.725993931 1.618652344
1825.327131444 1.586914062
1828.923039318 1.550292969
1832.513884454 1.520996094
1836.099833754 1.494140625
1839.681054118 1.450195312
1843.257712447 1.418457031
1846.829975641 1.389160156
1850.398010602 1.362304687
1853.961984230 1.333007812
1857.522063426 1.318359375
1861.078415091 1.293945312
1864.631206127 1.279296875
1868.180603432 1.264648437
1871.726773910 1.254882812
1875.269884459 1.240234375
1878.810101982 1.232910156
1882.347593378 1.215820312
1885.882525550 1.215820312
1889.415065397 1.218261719
1892.945379820 1.220703125
1896.473635721 1.218261719
1900.000000000 1.220703125
1903.524549684 1.215820312
1907.047002306 1.215820312
1910.566985526 1.203613281
1914.084127001 1.196289062
1917.598054392 1.181640625
1921.108395357 1.176757812
1924.614777556 1.169433594
1928.116828647 1.169433594
1931.614176290 1.164550781
1935.106448144 1.174316406
1938.593271868 1.179199219
1942.074275120 1.186523437
1945.549085561 1.193847656
1949.017330849 1.206054687
1952.478638642 1.210937500
1955.932636602 1.223144531
1959.378952385 1.228027344
1962.817213652 1.232910156
1966.247048062 1.240234375
1969.668083273 1.242675781
1973.079946945 1.247558594
1976.482266737 1.247558594
1979.874670308 1.247558594
1983.256785317 1.245117187
1986.628239423 1.232910156
1989.988660285 1.232910156
1993.337675563 1.228027344
1996.674912915 1.223144531
2000.000000000 1.220703125
2003.312731653 1.213378906
2006.613571411 1.203613281
2009.903149986 1.198730469
2013.182098089 1.188964844
2016.451046432 1.179199219
2019.710625727 1.169433594
2022.961466687 1.157226562
2026.204200022 1.142578125
2029.439456446 1.132812500
2032.667866670 1.118164062
2035.890061405 1.101074219
2039.106671365 1.088867187
2042.318327260 1.071777344
2045.525659803 1.059570312
2048.729299706 1.037597656
2051.929877680 1.027832031
2055.128024438 1.008300781
2058.324370691 0.996093750
2061.519547151 0.979003906
2064.714184531 0.971679687
2067.908913543 0.957031250
2071.104364897 0.944824219
2074.301169307 0.935058594
2077.499957483 0.927734375
2080.701360139 0.917968750
2083.906007985 0.913085937
2087.114531735 0.905761719
2090.327562099 0.898437500
2093.545729790 0.893554687
2096.769665520 0.888671875
2100.000000000 0.878906250
2103.237137186 0.878906250
2106.480574005 0.861816406
2109.729580629 0.861816406
2112.983427227 0.847167969
2116.241383971 0.839843750
2119.502721032 0.830078125
2122.766708580 0.822753906
2126.032616786 0.810546875
2129.299715821 0.800781250
2132.567275856 0.788574219
2135.834567061 0.769042969
2139.100859607 0.754394531
2142.365423666 0.739746094
2145.627529407 0.725097656
2148.886447003 0.705566406
2152.141446622 0.673828125
2155.391798437 0.654296875
2158.636772619 0.627441406
2161.875639337 0.598144531
2165.107668762 0.568847656
2168.332131066 0.544433594
2171.548296420 0.512695312
2174.755434993 0.478515625
2177.952816958 0.451660156
2181.139712484 0.424804687
2184.315391742 0.390625000
2187.479124904 0.361328125
2190.630182140 0.324707031
2193.767833621 0.292968750
2196.891349517 0.256347656
2200.000000000 0.222167969
2203.093267986 0.183105469
2206.171487379 0.156250000
2209.235204828 0.119628906
2212.284966982 0.092773437
2215.321320491 0.065917969
2218.344812003 0.051269531
2221.355988168 0.026855469
2224.355395636 0.017089844
2227.343581055 0.000000000
2230.321091075 -0.002441406
2233.288472345 -0.014648437
2236.246271515 -0.007324219
2239.195035233 -0.014648437
2242.135310150 -0.012207031
2245.067642914 -0.017089844
2247.992580175 -0.014648437
2250.910668581 -0.017089844
2253.822454783 -0.017089844
2256.728485430 -0.017089844
2259.629307171 -0.017089844
2262.525466654 -0.019531250
2265.417510530 -0.014648437
2268.305985448 -0.017089844
2271.191438057 -0.009765625
2274.074415006 -0.009765625
2276.955462945 -0.004882812
2279.835128523 -0.004882812
2282.713958389 0.002441406
2285.592499193 0.009765625
2288.471297584 0.012207031
2291.350900210 0.019531250
2294.231853722 0.029296875
2297.114704769 0.031738281
2300.000000000 0.051269531
2302.888128102 0.061035156
2305.778845912 0.070800781
2308.671752307 0.080566406
2311.566446162 0.090332031
2314.462526351 0.107421875
2317.359591751 0.122070312
2320.257241237 0.134277344
2323.155073684 0.146484375
2326.052687969 0.166015625
2328.949682965 0.175781250
2331.845657549 0.190429687
2334.740210596 0.200195312
2337.632940982 0.214843750
2340.523447581 0.224609375
2343.411329270 0.239257812
2346.296184924 0.244140625
2349.177613419 0.256347656
2352.055213629 0.261230469
2354.928584430 0.273437500
2357.797324697 0.275878906
2360.661033307 0.285644531
2363.519309134 0.285644531
2366.371751054 0.300292969
2369.217957943 0.295410156
2372.057528675 0.297851562
2374.890062126 0.297851562
2377.715157172 0.305175781
2380.532412688 0.302734375
2383.341427550 0.305175781
2386.141800633 0.302734375
2388.933130812 0.307617187
2391.715016962 0.300292969
2394.487057960 0.302734375
2397.248852681 0.295410156
2400.000000000 0.302734375
2402.740231998 0.290527344
2405.469813576 0.290527344
2408.189142841 0.278320312
2410.898617900 0.280761719
2413.598636860 0.266113281
2416.289597828 0.263671875
2418.971898910 0.246582031
2421.645938213 0.246582031
2424.312113845 0.231933594
2426.970823911 0.222167969
2429.622466519 0.209960937
2432.267439775 0.205078125
2434.906141787 0.190429687
2437.538970661 0.187988281
2440.166324504 0.170898437
2442.788601423 0.170898437
2445.406199524 0.156250000
2448.019516915 0.148925781
2450.628951702 0.134277344
2453.234901992 0.134277344
2455.837765892 0.122070312
2458.437941509 0.117187500
2461.035826949 0.104980469
2463.631820319 0.104980469
2466.226319726 0.092773437
2468.819723278 0.092773437
2471.412429080 0.083007812
2474.004835239 0.083007812
2476.597339863 0.075683594
2479.190341058 0.073242187
2481.784236932 0.063476562
2484.379425590 0.061035156
2486.976305139 0.051269531
2489.575273687 0.053710937
2492.176729340 0.039062500
2494.781070206 0.041503906
2497.388694390 0.031738281
2500.000000000 0.031738281
2502.615277786 0.017089844
2505.234389075 0.024414062
2507.857087837 0.014648437
2510.483128041 0.019531250
2513.112263659 0.004882812
2515.744248659 0.007324219
2518.378837013 0.000000000
2521.015782689 0.002441406
2523.654839659 -0.007324219
2526.295761893 0.000000000
2528.938303360 -0.009765625
2531.582218031 -0.007324219
2534.227259875 -0.012207031
2536.873182863 -0.012207031
2539.519740966 -0.019531250
2542.166688152 -0.014648437
2544.813778392 -0.024414062
2547.460765657 -0.021972656
2550.107403916 -0.021972656
2552.753447139 -0.017089844
2555.398649297 -0.024414062
2558.042764360 -0.021972656
2560.685546298 -0.029296875
2563.326749080 -0.024414062
2565.966126677 -0.031738281
2568.603433059 -0.026855469
2571.238422197 -0.034179687
2573.870848060 -0.026855469
2576.500464618 -0.034179687
2579.127025841 -0.029296875
2581.750285701 -0.036621094
2584.369998166 -0.029296875
2586.985917206 -0.034179687
2589.597796793 -0.029296875
2592.205390895 -0.036621094
2594.808453484 -0.029296875
2597.406738529 -0.034179687
2600.000000000 -0.031738281
2602.588042075 -0.036621094
2605.170869763 -0.029296875
2607.748538281 -0.036621094
2610.321102844 -0.034179687
2612.888618670 -0.036621094
2615.451140975 -0.029296875
2618.008724975 -0.036621094
2620.561425887 -0.029296875
2623.109298927 -0.036621094
2625.652399312 -0.029296875
2628.190782258 -0.036621094
2630.724502982 -0.029296875
2633.253616700 -0.034179687
2635.778178630 -0.031738281
2638.298243986 -0.031738281
2640.813867986 -0.029296875
2643.325105847 -0.034179687
2645.832012784 -0.029296875
2648.334644014 -0.036621094
2650.833054755 -0.029296875
2653.327300221 -0.031738281
2655.817435630 -0.029296875
2658.303516199 -0.036621094
2660.785597143 -0.034179687
2663.263733679 -0.039062500
2665.737981024 -0.036621094
2668.208394394 -0.034179687
2670.675029006 -0.034179687
2673.137940076 -0.036621094
2675.597182820 -0.031738281
2678.052812456 -0.034179687
2680.504884199 -0.034179687
2682.953453267 -0.034179687
2685.398574875 -0.029296875
2687.840304240 -0.036621094
2690.278696579 -0.029296875
2692.713807108 -0.034179687
2695.145691043 -0.031738281
2697.574403602 -0.034179687
2700.000000000 -0.034179687
2702.422538256 -0.029296875
2704.842087593 -0.034179687
2707.258720037 -0.034179687
2709.672507613 -0.034179687
2712.083522348 -0.036621094
2714.491836265 -0.031738281
2716.897521392 -0.034179687
2719.300649752 -0.034179687
2721.701293372 -0.034179687
2724.099524277 -0.034179687
2726.495414493 -0.034179687
2728.889036044 -0.036621094
2731.280460957 -0.034179687
2733.669761257 -0.034179687
2736.057008969 -0.034179687
2738.442276119 -0.034179687
2740.825634731 -0.034179687
2743.207156833 -0.029296875
2745.586914448 -0.036621094
2747.964979603 -0.034179687
2750.341424323 -0.034179687
2752.716320633 -0.036621094
2755.089740560 -0.034179687
2757.461756127 -0.036621094
2759.832439361 -0.036621094
2762.201862287 -0.039062500
2764.570096931 -0.031738281
2766.937215318 -0.034179687
2769.303289473 -0.034179687
2771.668391422 -0.034179687
2774.032593191 -0.034179687
2776.395966804 -0.034179687
2778.758584288 -0.031738281
2781.120517667 -0.039062500
2783.481838968 -0.031738281
2785.842620215 -0.034179687
2788.202933434 -0.034179687
2790.562850650 -0.036621094
2792.922443890 -0.034179687
2795.281785178 -0.036621094
2797.640946539 -0.029296875
2800.000000000 -0.036621094
2802.358987912 -0.034179687
2804.717833932 -0.034179687
2807.076432043 -0.034179687
2809.434676229 -0.031738281
2811.792460473 -0.034179687
2814.149678758 -0.036621094
2816.506225068 -0.034179687
2818.861993386 -0.036621094
2821.216877695 -0.029296875
2823.570771979 -0.034179687
2825.923570220 -0.031738281
2828.275166404 -0.034179687
2830.625454511 -0.034179687
2832.974328527 -0.036621094
2835.321682434 -0.031738281
2837.667410215 -0.036621094
2840.011405855 -0.034179687
2842.353563336 -0.034179687
2844.693776641 -0.034179687
2847.031939754 -0.039062500
2849.367946659 -0.034179687
2851.701691338 -0.034179687
2854.033067775 -0.031738281
2856.361969953 -0.034179687
2858.688291856 -0.034179687
2861.011927466 -0.036621094
2863.332770768 -0.034179687
2865.650715745 -0.036621094
2867.965656379 -0.034179687
2870.277486655 -0.036621094
2872.586100555 -0.034179687
2874.891392063 -0.031738281
2877.193255162 -0.031738281
2879.491583835 -0.036621094
2881.786272067 -0.026855469
2884.077213839 -0.036621094
2886.364303136 -0.029296875
2888.647433941 -0.036621094
2890.926500237 -0.034179687
2893.201396008 -0.039062500
2895.472015236 -0.031738281
2897.738251906 -0.036621094
2900.000000000 -0.034179687
2902.257180680 -0.036621094
2904.509823819 -0.031738281
2906.757986469 -0.036621094
2909.001725682 -0.026855469
2911.241098509 -0.036621094
2913.476162002 -0.031738281
2915.706973212 -0.036621094
2917.933589191 -0.031738281
2920.156066991 -0.039062500
2922.374463663 -0.029296875
2924.588836259 -0.031738281
2926.799241830 -0.031738281
2929.005737428 -0.041503906
2931.208380104 -0.034179687
2933.407226911 -0.036621094
2935.602334899 -0.029296875
2937.793761121 -0.036621094
2939.981562628 -0.029296875
2942.165796472 -0.036621094
2944.346519703 -0.029296875
2946.523789374 -0.034179687
2948.697662537 -0.034179687
2950.868196243 -0.034179687
2953.035447543 -0.031738281
2955.199473489 -0.034179687
2957.360331133 -0.029296875
2959.518077526 -0.036621094
2961.672769721 -0.034179687
2963.824464768 -0.034179687
2965.973219719 -0.029296875
2968.119091625 -0.036621094
2970.262137539 -0.034179687
2972.402414512 -0.034179687
2974.539979596 -0.031738281
2976.674889841 -0.031738281
2978.807202301 -0.029296875
2980.936974025 -0.034179687
2983.064262067 -0.031738281
2985.189123477 -0.029296875
2987.311615307 -0.031738281
2989.431794609 -0.031738281
2991.549718434 -0.029296875
2993.665443834 -0.034179687
2995.779027861 -0.029296875
2997.890527566 -0.034179687
3000.000000000 -0.029296875
3002.107484631 -0.031738281
3004.212950585 -0.029296875
3006.316349406 -0.026855469
3008.417632635 -0.029296875
3010.516751814 -0.031738281
3012.613658487 -0.029296875
3014.708304195 -0.031738281
3016.800640481 -0.031738281
3018.890618887 -0.029296875
3020.978190956 -0.029296875
3023.063308230 -0.029296875
3025.145922251 -0.026855469
3027.225984561 -0.029296875
3029.303446704 -0.026855469
3031.378260221 -0.026855469
3033.450376655 -0.024414062
3035.519747547 -0.026855469
3037.586324441 -0.029296875
3039.650058879 -0.024414062
3041.710902404 -0.029296875
3043.768806556 -0.024414062
3045.823722880 -0.026855469
3047.875602917 -0.026855469
3049.924398209 -0.026855469
3051.970060299 -0.024414062
3054.012540730 -0.024414062
3056.051791044 -0.026855469
3058.087762782 -0.024414062
3060.120407488 -0.024414062
3062.149676704 -0.024414062
3064.175521971 -0.021972656
3066.197894834 -0.024414062
3068.216746833 -0.019531250
3070.232029511 -0.021972656
3072.243694411 -0.021972656
3074.251693075 -0.021972656
3076.255977045 -0.021972656
3078.256497864 -0.024414062
3080.253207074 -0.017089844
3082.246056218 -0.024414062
3084.234996837 -0.014648437
3086.219980474 -0.021972656
3088.200958672 -0.017089844
3090.177882972 -0.021972656
3092.150704918 -0.019531250
3094.119376051 -0.021972656
3096.083847914 -0.017089844
3098.044072050 -0.021972656
3100.000000000 -0.019531250
3101.951608529 -0.024414062
3103.898975288 -0.012207031
3105.842203151 -0.021972656
3107.781394990 -0.014648437
3109.716653678 -0.019531250
3111.648082090 -0.014648437
3113.575783097 -0.024414062
3115.499859574 -0.017089844
3117.420414393 -0.024414062
3119.337550427 -0.014648437
3121.251370551 -0.026855469
3123.161977636 -0.014648437
3125.069474556 -0.024414062
3126.973964184 -0.014648437
3128.875549393 -0.021972656
3130.774333057 -0.017089844
3132.670418049 -0.024414062
3134.563907241 -0.014648437
3136.454903508 -0.019531250
3138.343509722 -0.014648437
3140.229828756 -0.019531250
3142.113963483 -0.014648437
3143.996016777 -0.021972656
3145.876091511 -0.014648437
3147.754290558 -0.019531250
3149.630716791 -0.009765625
3151.505473084 -0.021972656
3153.378662309 -0.014648437
3155.250387339 -0.019531250
3157.120751049 -0.012207031
3158.989856310 -0.017089844
3160.857805996 -0.009765625
3162.724702981 -0.014648437
3164.590650138 -0.012207031
3166.455750339 -0.019531250
3168.320106457 -0.009765625
3170.183821367 -0.019531250
3172.046997941 -0.014648437
3173.909739052 -0.019531250
3175.772147574 -0.012207031
3177.634326379 -0.021972656
3179.496378341 -0.007324219
3181.358406334 -0.014648437
3183.220513229 -0.014648437
3185.082801900 -0.017089844
3186.945375221 -0.009765625
3188.808336065 -0.014648437
3190.671787305 -0.009765625
3192.535831813 -0.014648437
3194.400572464 -0.009765625
3196.266112130 -0.014648437
3198.132553684 -0.009765625
3200.000000000 -0.014648437
3201.868553951 -0.009765625
3203.738318410 -0.014648437
3205.609396249 -0.009765625
3207.481890344 -0.017089844
3209.355903565 -0.009765625
3211.231538788 -0.014648437
3213.108898884 -0.007324219
3214.988086727 -0.014648437
3216.869205190 -0.009765625
3218.752357147 -0.014648437
3220.637645469 -0.009765625
3222.525173032 -0.014648437
3224.415042707 -0.012207031
3226.307357369 -0.014648437
3228.202219889 -0.012207031
3230.099733142 -0.014648437
3232.000000000 -0.024414062
