600.000000000 -0.029296875
602.147609497 -0.024414062
604.266773954 -0.029296875
606.358038319 -0.026855469
608.421947544 -0.026855469
610.459046576 -0.024414062
612.469880366 -0.026855469
614.454993863 -0.024414062
616.414932018 -0.029296875
618.350239778 -0.024414062
620.261462095 -0.029296875
622.149143917 -0.024414062
624.013830195 -0.029296875
625.856065877 -0.021972656
627.676395914 -0.029296875
629.475365255 -0.021972656
631.253518849 -0.026855469
633.011401646 -0.024414062
634.749558597 -0.029296875
636.468534649 -0.024414062
638.168874753 -0.026855469
639.851123859 -0.021972656
641.515826915 -0.024414062
643.163528872 -0.021972656
644.794774680 -0.026855469
646.410109287 -0.019531250
648.010077643 -0.026855469
649.595224699 -0.021972656
651.166095402 -0.026855469
652.723234704 -0.024414062
654.267187554 -0.026855469
655.798498901 -0.026855469
657.317713694 -0.029296875
658.825376884 -0.019531250
660.322033420 -0.024414062
661.808228252 -0.024414062
663.284506328 -0.029296875
664.751412600 -0.021972656
666.209492015 -0.026855469
667.659289525 -0.021972656
669.101350078 -0.026855469
670.536218624 -0.021972656
671.964440113 -0.024414062
673.386559493 -0.021972656
674.803121716 -0.024414062
676.214671730 -0.021972656
677.621754485 -0.026855469
679.024914930 -0.021972656
680.424698016 -0.024414062
681.821648691 -0.021972656
683.216311905 -0.024414062
684.609232609 -0.021972656
686.000955750 -0.024414062
687.392026280 -0.021972656
688.782989147 -0.024414062
690.174389302 -0.021972656
691.566771693 -0.024414062
692.960681270 -0.024414062
694.356662984 -0.029296875
695.755261782 -0.021972656
697.157022616 -0.024414062
698.562490435 -0.019531250
699.972210188 -0.024414062
701.386726824 -0.021972656
702.806585294 -0.029296875
704.232330547 -0.024414062
705.664507532 -0.026855469
707.103661200 -0.024414062
708.550336499 -0.024414062
710.005078380 -0.017089844
711.468431791 -0.024414062
712.940941683 -0.021972656
714.423153005 -0.026855469
715.915610706 -0.021972656
717.418859737 -0.024414062
718.933445046 -0.021972656
720.459911584 -0.024414062
721.998804299 -0.019531250
723.550668143 -0.024414062
725.116048063 -0.026855469
726.695489010 -0.021972656
728.289535933 -0.017089844
729.898733782 -0.021972656
731.523627506 -0.019531250
733.164762055 -0.024414062
734.822682379 -0.019531250
736.497933427 -0.024414062
738.191060149 -0.019531250
739.902607494 -0.024414062
741.633120412 -0.019531250
743.383143852 -0.024414062
745.153222765 -0.019531250
746.943902099 -0.019531250
748.755726804 -0.019531250
750.589241830 -0.021972656
752.444992127 -0.019531250
754.323522643 -0.021972656
756.225378329 -0.014648437
758.151104134 -0.021972656
760.101245008 -0.014648437
762.076345899 -0.021972656
764.076951759 -0.019531250
766.103607536 -0.019531250
768.156858181 -0.019531250
770.237248641 -0.021972656
772.345323868 -0.021972656
774.481628811 -0.019531250
776.646708419 -0.014648437
778.841107642 -0.019531250
781.065371430 -0.019531250
783.320044731 -0.019531250
785.605672496 -0.019531250
787.922799674 -0.021972656
790.271971216 -0.019531250
792.653732069 -0.021972656
795.068627185 -0.021972656
797.517201512 -0.019531250
800.000000000 -0.019531250
802.517567599 -0.019531250
805.070449258 -0.019531250
807.659189927 -0.019531250
810.284334556 -0.019531250
812.946428093 -0.019531250
815.646015489 -0.019531250
818.383641694 -0.019531250
821.159851656 -0.019531250
823.975190325 -0.021972656
826.830202652 -0.021972656
829.725433585 -0.017089844
832.661428074 -0.019531250
835.638731068 -0.017089844
838.657887518 -0.019531250
841.719442373 -0.017089844
844.823940582 -0.017089844
847.971927095 -0.014648437
851.163946862 -0.019531250
854.400544832 -0.014648437
857.682265954 -0.019531250
861.009655179 -0.017089844
864.383257456 -0.017089844
867.803617734 -0.014648437
871.271280964 -0.014648437
874.786792093 -0.017089844
878.350696074 -0.014648437
881.963537854 -0.012207031
885.625862383 -0.014648437
889.338214611 -0.009765625
893.101139488 -0.014648437
896.915181963 -0.009765625
900.780886986 -0.014648437
904.698799505 -0.009765625
908.669464472 -0.012207031
912.693426835 -0.007324219
916.771231545 -0.012207031
920.903423549 -0.004882812
925.090547799 -0.012207031
929.333149244 -0.007324219
933.631772833 -0.009765625
937.986963516 -0.004882812
942.399266243 -0.009765625
946.869225962 -0.004882812
951.397387624 -0.007324219
955.984296179 0.000000000
960.630496575 -0.007324219
965.336533763 -0.002441406
970.102952691 -0.004882812
974.930298310 0.000000000
979.819115570 -0.004882812
984.769949419 0.000000000
989.783344807 -0.004882812
994.859846684 0.002441406
1000.000000000 -0.002441406
1005.205202450 0.009765625
1010.480262716 0.000000000
1015.830842224 0.002441406
1021.262602403 0.002441406
1026.781204679 0.012207031
1032.392310481 0.004882812
1038.101581236 0.014648437
1043.914678370 0.009765625
1049.837263312 0.014648437
1055.874997489 0.009765625
1062.033542329 0.019531250
1068.318559259 0.021972656
1074.735709705 0.021972656
1081.290655097 0.019531250
1087.989056861 0.024414062
1094.836576424 0.024414062
1101.838875214 0.031738281
1109.001614659 0.029296875
1116.330456186 0.036621094
1123.831061223 0.034179687
1131.509091196 0.041503906
1139.370207533 0.041503906
1147.420071662 0.048828125
1155.664345011 0.056152344
1164.108689006 0.056152344
1172.758765075 0.061035156
1181.620234645 0.065917969
1190.698759144 0.073242187
1200.000000000 0.073242187
1209.527567738 0.080566406
1219.276869275 0.085449219
1229.241260630 0.092773437
1239.414097816 0.097656250
1249.788736852 0.102539062
1260.358533754 0.112304687
1271.116844536 0.119628906
1282.057025217 0.134277344
1293.172431812 0.139160156
1304.456420338 0.146484375
1315.902346810 0.156250000
1327.503567246 0.168457031
1339.253437661 0.178222656
1351.145314072 0.190429687
1363.172552495 0.202636719
1375.328508947 0.214843750
1387.606539443 0.234375000
1400.000000000 0.253906250
1412.508839939 0.266113281
1425.159381796 0.283203125
1437.984541414 0.305175781
1451.017234632 0.317382812
1464.290377294 0.346679687
1477.836885240 0.363769531
1491.689674311 0.393066406
1505.881660349 0.422363281
1520.445759196 0.446777344
1535.414886692 0.473632812
1550.821958679 0.500488281
1566.699890999 0.537109375
1583.081599492 0.566406250
1600.000000000 0.600585937
1617.464764180 0.634765625
1635.392586953 0.668945312
1653.676919055 0.708007812
1672.211211220 0.747070312
1690.888914186 0.788574219
1709.603478688 0.832519531
1728.248355462 0.878906250
1746.716995245 0.922851562
1764.902848771 0.974121094
1782.699366778 1.018066406
1800.000000000 1.074218750
1816.775907343 1.120605469
1833.309080389 1.176757812
1849.959218885 1.235351562
1867.086022584 1.296386719
1885.049191234 1.352539062
1904.208424585 1.413574219
1924.923422387 1.474609375
1947.553884391 1.538085937
1972.459510345 1.589355469
2000.000000000 1.655273437
2030.346542635 1.711425781
2062.916285648 1.770019531
2096.937865964 1.821289062
2131.639920510 1.870117187
2166.251086214 1.914062500
2200.000000000 1.960449219
2232.268928987 1.997070312
2263.054661053 2.031250000
2292.507614267 2.060546875
2320.778206700 2.087402344
2348.016856420 2.106933594
2374.373981497 2.126464844
2400.000000000 2.131347656
2425.051700156 2.141113281
2449.711350817 2.141113281
2474.167590995 2.141113281
2498.609059701 2.131347656
2523.224395943 2.124023437
2548.202238734 2.111816406
2573.731227082 2.102050781
2600.000000000 2.089843750
2627.137601584 2.087402344
2655.034696278 2.075195312
2683.522353613 2.075195312
2712.431643122 2.072753906
2741.593634336 2.077636719
2770.839396784 2.075195312
2800.000000000 2.082519531
2828.942812043 2.089843750
2857.680395088 2.102050781
2886.261609840 2.104492187
2914.735317003 2.131347656
2943.150377281 2.138671875
2971.555651378 2.150878906
3000.000000000 2.160644531
3028.519721674 2.202148437
3057.100866228 2.204589844
3085.716921314 2.229003906
3114.341374582 2.258300781
3142.947713685 2.290039062
3171.509426273 2.287597656
3200.000000000 2.302246094
3228.406872689 2.329101562
3256.773282856 2.329101562
3285.156419192 2.331542969
3313.613470384 2.351074219
3342.201625124 2.338867187
3370.978072099 2.326660156
3400.000000000 2.326660156
3429.281358999 2.331542969
3458.663145204 2.319335937
3487.943116205 2.312011719
3516.919029595 2.287597656
3545.388642963 2.290039062
3573.149713901 2.272949219
3600.000000000 2.255859375
3625.819788254 2.241210937
3650.819483271 2.216796875
3675.292019062 2.199707031
3699.530329637 2.170410156
3723.827349007 2.145996094
3748.476011184 2.124023437
3773.769250178 2.082519531
3800.000000000 2.048339844
3827.360693177 2.016601562
3855.641756303 1.982421875
3884.533114487 1.945800781
3913.724692839 1.906738281
3942.906416469 1.865234375
3971.768210486 1.831054687
4000.000000000 1.779785156
4027.358184404 1.740722656
4053.865060222 1.689453125
4079.609398260 1.647949219
4104.679969326 1.599121094
4129.165544226 1.555175781
4153.154893767 1.501464844
4176.736788756 1.459960937
4200.000000000 1.416015625
4223.020026267 1.379394531
4245.819278175 1.340332031
4268.406894300 1.318359375
4290.792013221 1.298828125
4312.983773516 1.276855469
4334.991313763 1.264648437
4356.823772541 1.250000000
4378.490288427 1.240234375
4400.000000000 1.230468750
4421.378453141 1.225585937
4442.716822949 1.223144531
4464.122691825 1.220703125
4485.703642170 1.218261719
4507.567256386 1.218261719
4529.821116876 1.218261719
4552.572806040 1.220703125
4575.929906281 1.228027344
4600.000000000 1.235351562
4624.829852405 1.235351562
4650.222959929 1.242675781
4675.922001812 1.245117187
4701.669657294 1.245117187
4727.208605614 1.240234375
4752.281526012 1.228027344
4776.631097727 1.220703125
4800.000000000 1.208496094
4822.207770433 1.193847656
4843.381380087 1.181640625
4863.724658383 1.166992187
4883.441434745 1.152343750
4902.735538597 1.130371094
4921.810799360 1.118164062
4940.871046460 1.096191406
4960.120109317 1.083984375
4979.761817356 1.064453125
5000.000000000 1.044921875
5020.980027336 1.027832031
5042.613432107 1.013183594
5064.753287723 0.988769531
5087.252667591 0.974121094
5109.964645119 0.957031250
5132.742293716 0.937500000
5155.438686790 0.920410156
5177.906897748 0.900878906
5200.000000000 0.888671875
5221.603090760 0.866699219
5242.729362468 0.847167969
5263.424031373 0.834960937
5283.732313722 0.808105469
5303.699425762 0.798339844
5323.370583741 0.776367187
5342.791003907 0.761718750
5362.005902507 0.737304687
5381.060495789 0.720214844
5400.000000000 0.698242187
5418.859360528 0.678710937
5437.632439321 0.661621094
5456.302827468 0.642089844
5474.854116057 0.620117187
5493.269896177 0.605468750
5511.533758917 0.583496094
5529.629295364 0.563964844
5547.540096607 0.541992187
5565.249753735 0.527343750
5582.741857837 0.500488281
5600.000000000 0.485839844
5617.017681134 0.466308594
5633.828041426 0.454101562
5650.474130886 0.427246094
5666.998999523 0.419921875
5683.445697344 0.397949219
5699.857274359 0.383300781
5716.276780577 0.363769531
5732.747266005 0.351562500
5749.311780653 0.336914062
5766.013374529 0.327148437
5782.895097642 0.310058594
5800.000000000 0.300292969
5817.359714589 0.290527344
5834.960206298 0.280761719
5852.776022994 0.270996094
5870.781712542 0.258789062
5888.951822809 0.256347656
5907.260901660 0.251464844
5925.683496962 0.244140625
5944.194156581 0.244140625
5962.767428383 0.236816406
5981.377860234 0.236816406
6000.000000000 0.236816406
6018.609645022 0.236816406
6037.187590537 0.236816406
6055.715881259 0.239257812
6074.176561901 0.234375000
6092.551677174 0.236816406
6110.823271793 0.239257812
6128.973390468 0.236816406
6146.984077914 0.241699219
6164.837378843 0.244140625
6182.515337967 0.241699219
6200.000000000 0.241699219
6217.280236594 0.239257812
6234.372227166 0.239257812
6251.298978071 0.234375000
6268.083495665 0.234375000
6284.748786306 0.234375000
6301.317856348 0.217285156
6317.813712150 0.214843750
6334.259360065 0.207519531
6350.677806452 0.202636719
6367.092057666 0.197753906
6383.525120063 0.192871094
6400.000000000 0.185546875
6416.534301841 0.175781250
6433.124021987 0.168457031
6449.759754845 0.161132812
6466.432094824 0.156250000
6483.131636331 0.153808594
6499.848973777 0.144042969
6516.574701568 0.141601562
6533.299414113 0.131835937
6550.013705820 0.131835937
6566.708171098 0.124511719
6583.373404356 0.126953125
6600.000000000 0.122070312
6616.582556040 0.124511719
6633.131684887 0.122070312
6649.662002550 0.126953125
6666.188125040 0.126953125
6682.724668368 0.134277344
6699.286248544 0.131835937
6715.887481579 0.141601562
6732.542983483 0.141601562
6749.267370267 0.148925781
6766.075257940 0.146484375
6782.981262515 0.153808594
6800.000000000 0.148925781
6817.135473997 0.158691406
6834.349238465 0.153808594
6851.592234955 0.161132812
6868.815405015 0.163574219
6885.969690195 0.173339844
6903.006032045 0.166015625
6919.875372115 0.170898437
6936.528651955 0.166015625
6952.916813113 0.175781250
6968.990797141 0.173339844
6984.701545586 0.175781250
7000.000000000 0.173339844
7014.852911773 0.180664062
7029.290271659 0.173339844
7043.357880257 0.175781250
7057.101538162 0.173339844
7070.567045971 0.180664062
7083.800204280 0.178222656
7096.846813685 0.180664062
7109.752674785 0.175781250
7122.563588174 0.180664062
7135.325354449 0.173339844
7148.083774207 0.180664062
7160.884648045 0.173339844
7173.773776559 0.183105469
7186.796960345 0.173339844
7200.000000000 0.178222656
7213.417990670 0.183105469
7227.043205701 0.183105469
7240.857212988 0.178222656
7254.841580425 0.185546875
7268.977875908 0.180664062
7283.247667331 0.185546875
7297.632522591 0.183105469
7312.114009582 0.190429687
7326.673696198 0.183105469
7341.293150336 0.187988281
7355.953939890 0.185546875
7370.637632755 0.192871094
7385.325796827 0.190429687
7400.000000000 0.192871094
7414.644123956 0.185546875
7429.251305518 0.195312500
7443.816995299 0.190429687
7458.336643910 0.197753906
7472.805701960 0.187988281
7487.219620061 0.195312500
7501.573848823 0.190429687
7515.863838858 0.197753906
7530.085040777 0.192871094
7544.232905189 0.195312500
7558.302882707 0.187988281
7572.290423941 0.192871094
7586.190979502 0.187988281
7600.000000000 0.190429687
7613.714993079 0.187988281
7627.341694513 0.192871094
7640.887897107 0.187988281
7654.361393666 0.190429687
7667.769976997 0.185546875
7681.121439905 0.187988281
7694.423575196 0.183105469
7707.684175676 0.187988281
7720.911034150 0.183105469
7734.111943424 0.185546875
7747.294696305 0.180664062
7760.467085597 0.185546875
7773.636904106 0.180664062
7786.811944639 0.178222656
7800.000000000 0.178222656
7813.207475820 0.183105469
7826.435229027 0.178222656
7839.682729372 0.180664062
7852.949446608 0.173339844
7866.234850486 0.178222656
7879.538410757 0.173339844
7892.859597175 0.175781250
7906.197879491 0.173339844
7919.552727456 0.175781250
7932.923610823 0.175781250
7946.309999344 0.175781250
7959.711362770 0.168457031
7973.127170853 0.168457031
7986.556893346 0.170898437
8000.000000000 0.170898437
8013.455103639 0.166015625
8026.917389379 0.170898437
8040.381185404 0.168457031
8053.840819903 0.170898437
8067.290621061 0.166015625
8080.724917066 0.170898437
8094.138036104 0.163574219
8107.524306362 0.168457031
8120.878056026 0.163574219
8134.193613283 0.166015625
8147.465306320 0.161132812
8160.687463324 0.161132812
8173.854412480 0.158691406
8186.960481977 0.166015625
8200.000000000 0.156250000
8212.968526892 0.161132812
8225.866551622 0.156250000
8238.695795312 0.158691406
8251.457979086 0.156250000
8264.154824069 0.156250000
8276.788051383 0.153808594
8289.359382153 0.156250000
8301.870537502 0.148925781
8314.323238554 0.151367187
8326.719206434 0.151367187
8339.060162263 0.153808594
8351.347827167 0.153808594
8363.583922269 0.153808594
8375.770168693 0.146484375
8387.908287562 0.148925781
8400.000000000 0.146484375
8412.047001343 0.146484375
8424.050883775 0.144042969
8436.013213691 0.146484375
8447.935557488 0.141601562
8459.819481560 0.146484375
8471.666552304 0.139160156
8483.478336116 0.139160156
8495.256399390 0.134277344
8507.002308524 0.139160156
8518.717629912 0.134277344
8530.403929950 0.134277344
8542.062775035 0.134277344
8553.695731561 0.134277344
8565.304365925 0.131835937
8576.890244522 0.131835937
8588.454933749 0.131835937
8600.000000000 0.126953125
8611.528071824 0.124511719
8623.046026374 0.131835937
8634.561802957 0.126953125
8646.083340879 0.124511719
8657.618579446 0.129394531
8669.175457964 0.126953125
8680.761915740 0.122070312
8692.385892079 0.122070312
8704.055326288 0.124511719
8715.778157673 0.122070312
8727.562325539 0.122070312
8739.415769193 0.117187500
8751.346427942 0.119628906
8763.362241091 0.117187500
8775.471147946 0.119628906
8787.681087814 0.119628906
8800.000000000 0.114746094
8812.431331305 0.114746094
8824.960558506 0.114746094
8837.568665873 0.112304687
8850.236637678 0.114746094
8862.945458190 0.112304687
8875.676111681 0.114746094
8888.409582422 0.112304687
8901.126854683 0.114746094
8913.808912735 0.109863281
8926.436740849 0.109863281
8938.991323296 0.107421875
8951.453644347 0.109863281
8963.804688272 0.104980469
8976.025439342 0.104980469
8988.096881827 0.102539062
9000.000000000 0.104980469
9011.721986165 0.100097656
9023.274864771 0.104980469
9034.676868299 0.100097656
9045.946229232 0.104980469
9057.101180052 0.095214844
9068.159953242 0.100097656
9079.140781285 0.097656250
9090.061896662 0.100097656
9100.941531857 0.097656250
9111.797919352 0.100097656
9122.649291629 0.097656250
9133.513881170 0.095214844
9144.409920459 0.097656250
9155.355641978 0.102539062
9166.369278209 0.095214844
9177.469061635 0.097656250
9188.673224738 0.095214844
9200.000000000 0.097656250
9211.461720838 0.092773437
9223.047124399 0.097656250
9234.739048765 0.092773437
9246.520332018 0.095214844
9258.373812238 0.085449219
9270.282327508 0.100097656
9282.228715908 0.090332031
9294.195815520 0.092773437
9306.166464425 0.087890625
9318.123500705 0.092773437
9330.049762442 0.087890625
9341.928087716 0.090332031
9353.741314609 0.085449219
9365.472281203 0.087890625
9377.103825578 0.083007812
9388.618785817 0.090332031
9400.000000000 0.083007812
9411.234970743 0.090332031
9422.329858791 0.083007812
9433.295489427 0.090332031
9444.142687929 0.078125000
9454.882279577 0.085449219
9465.525089653 0.080566406
9476.081943437 0.085449219
9486.563666207 0.083007812
9496.981083246 0.083007812
9507.345019832 0.078125000
9517.666301247 0.080566406
9527.955752770 0.075683594
9538.224199681 0.083007812
9548.482467261 0.073242187
9558.741380790 0.083007812
9569.011765548 0.073242187
9579.304446816 0.078125000
9589.630249873 0.070800781
9600.000000000 0.080566406
9610.421639722 0.073242187
9620.891580542 0.083007812
9631.403351209 0.073242187
9641.950480473 0.075683594
9652.526497080 0.070800781
9663.124929781 0.073242187
9673.739307324 0.070800781
9684.363158457 0.078125000
9694.990011930 0.068359375
9705.613396489 0.073242187
9716.226840886 0.070800781
9726.823873867 0.075683594
9737.398024182 0.065917969
9747.942820579 0.070800781
9758.451791807 0.065917969
9768.918466614 0.068359375
9779.336373750 0.065917969
9789.699041962 0.065917969
9800.000000000 0.061035156
9810.234889825 0.063476562
9820.407806249 0.063476562
9830.524957300 0.061035156
9840.592551002 0.061035156
9850.616795382 0.061035156
9860.603898465 0.061035156
9870.560068278 0.061035156
9880.491512846 0.058593750
9890.404440195 0.056152344
9900.305058352 0.058593750
9910.199575341 0.056152344
9920.094199189 0.056152344
9929.995137922 0.056152344
9939.908599566 0.061035156
9949.840792146 0.053710937
9959.797923688 0.056152344
9969.786202219 0.051269531
9979.811835764 0.061035156
9989.881032349 0.053710937
10000.000000000 0.056152344
10010.173492659 0.048828125
10020.400447931 0.053710937
10030.678349339 0.051269531
10041.004680404 0.053710937
10051.376924648 0.053710937
10061.792565592 0.051269531
10072.249086759 0.051269531
10082.743971669 0.048828125
10093.274703845 0.043945312
10103.838766809 0.053710937
10114.433644081 0.041503906
10125.056819185 0.051269531
10135.705775641 0.048828125
10146.377996972 0.051269531
10157.070966698 0.043945312
10167.782168343 0.048828125
10178.509085427 0.041503906
10189.249201472 0.043945312
10200.000000000 0.041503906
10210.758534743 0.048828125
10221.520140274 0.039062500
10232.279721377 0.043945312
10243.032182835 0.039062500
10253.772429431 0.043945312
10264.495365948 0.041503906
10275.195897171 0.041503906
10285.868927882 0.036621094
10296.509362865 0.043945312
10307.112106904 0.036621094
10317.672064781 0.043945312
10328.184141280 0.036621094
10338.643241185 0.041503906
10349.044269279 0.034179687
10359.382130345 0.043945312
10369.651729166 0.036621094
10379.847970527 0.036621094
10389.965759211 0.034179687
10400.000000000 0.039062500
10409.947498568 0.034179687
10419.812664144 0.039062500
10429.601806848 0.034179687
10439.321236798 0.041503906
10448.977264113 0.034179687
10458.576198913 0.036621094
10468.124351317 0.031738281
10477.628031443 0.041503906
10487.093549411 0.031738281
10496.527215339 0.031738281
10505.935339347 0.029296875
10515.324231554 0.034179687
10524.700202079 0.026855469
10534.069561040 0.031738281
10543.438618558 0.026855469
10552.813684750 0.031738281
10562.201069736 0.026855469
10571.607083635 0.031738281
10581.038036566 0.024414062
10590.500238648 0.031738281
10600.000000000 0.026855469
10609.541541723 0.031738281
10619.120728842 0.026855469
10628.731337367 0.034179687
10638.367143304 0.026855469
10648.021922662 0.029296875
10657.689451448 0.024414062
10667.363505670 0.029296875
10677.037861337 0.024414062
10686.706294456 0.029296875
10696.362581034 0.029296875
10706.000497081 0.029296875
10715.613818602 0.021972656
10725.196321608 0.029296875
10734.741782105 0.024414062
10744.243976101 0.026855469
10753.696679604 0.021972656
10763.093668622 0.029296875
10772.428719162 0.017089844
10781.695607234 0.024414062
10790.888108844 0.017089844
10800.000000000 0.024414062
10809.027275020 0.021972656
10817.974801459 0.024414062
10826.849665180 0.017089844
10835.658952048 0.024414062
10844.409747928 0.019531250
10853.109138684 0.024414062
10861.764210180 0.019531250
10870.382048279 0.021972656
10878.969738848 0.019531250
10887.534367749 0.021972656
10896.083020847 0.014648437
10904.622784007 0.021972656
10913.160743092 0.017089844
10921.703983967 0.021972656
10930.259592497 0.019531250
10938.834654545 0.021972656
10947.436255976 0.017089844
10956.071482654 0.021972656
10964.747420443 0.014648437
10973.471155208 0.019531250
10982.249772813 0.014648437
10991.090359122 0.019531250
11000.000000000 0.012207031
11008.984096489 0.017089844
11018.041310348 0.014648437
11027.168618514 0.017089844
11036.362997923 0.019531250
11045.621425513 0.014648437
11054.940878219 0.012207031
11064.318332981 0.014648437
11073.750766733 0.012207031
11083.235156413 0.017089844
11092.768478959 0.009765625
11102.347711306 0.014648437
11111.969830392 0.017089844
11121.631813153 0.014648437
11131.330636528 0.012207031
11141.063277451 0.012207031
11150.826712861 0.012207031
11160.617919695 0.012207031
11170.433874889 0.012207031
11180.271555379 0.012207031
11190.127938104 0.014648437
11200.000000000 0.007324219
11209.884115332 0.014648437
11219.774247678 0.009765625
11229.663757943 0.012207031
11239.546007035 0.012207031
11249.414355859 0.014648437
11259.262165322 0.009765625
11269.082796329 0.012207031
11278.869609786 0.012207031
11288.615966600 0.012207031
11298.315227677 0.009765625
11307.960753922 0.012207031
11317.545906243 0.004882812
11327.064045544 0.009765625
11336.508532732 0.009765625
11345.872728714 0.012207031
11355.149994394 0.007324219
11364.333690680 0.012207031
11373.417178478 0.002441406
11382.393818693 0.012207031
11391.256972232 0.004882812
11400.000000000 0.004882812
11408.618815514 0.004882812
11417.119542730 0.007324219
11425.510858214 0.007324219
11433.801438531 0.012207031
11441.999960247 0.004882812
11450.115099929 0.009765625
11458.155534143 0.007324219
11466.129939453 0.009765625
11474.046992427 0.004882812
11481.915369630 0.004882812
11489.743747628 0.004882812
11497.540802987 0.009765625
11505.315212273 0.004882812
11513.075652052 0.009765625
11520.830798890 0.004882812
11528.589329352 0.007324219
11536.359920005 0.002441406
11544.151247414 0.007324219
11551.971988146 0.002441406
11559.830818766 0.007324219
11567.736415840 0.000000000
11575.697455935 0.012207031
11583.722615616 0.002441406
11591.820571449 0.002441406
11600.000000000 0.002441406
11608.267065348 0.009765625
11616.617881624 0.004882812
11625.046050473 0.007324219
11633.545173539 0.002441406
11642.108852466 0.007324219
11650.730688899 0.002441406
11659.404284482 0.004882812
11668.123240859 0.000000000
11676.881159675 0.002441406
11685.671642574 0.002441406
11694.488291201 0.004882812
11703.324707199 0.002441406
11712.174492213 0.002441406
11721.031247888 0.000000000
11729.888575868 0.004882812
11738.740077797 0.002441406
11747.579355319 0.004882812
11756.400010079 0.000000000
11765.195643721 0.002441406
11773.959857890 0.002441406
11782.686254230 0.004882812
11791.368434385 -0.004882812
11800.000000000 0.002441406
11808.576336755 -0.004882812
11817.099966473 0.000000000
11825.575195014 0.000000000
11834.006328238 0.002441406
11842.397672005 -0.002441406
11850.753532174 0.002441406
11859.078214605 0.002441406
11867.376025158 0.002441406
11875.651269691 0.000000000
11883.908254066 0.000000000
11892.151284141 -0.002441406
11900.384665776 -0.002441406
11908.612704831 -0.004882812
11916.839707165 0.000000000
11925.069978638 -0.002441406
11933.307825110 0.002441406
11941.557552441 -0.002441406
11949.823466489 0.000000000
11958.109873116 -0.004882812
11966.421078179 -0.002441406
11974.761387540 -0.002441406
11983.135107057 -0.002441406
11991.546542591 0.000000000
12000.000000000 -0.002441406
12008.498475781 -0.004882812
12017.039728971 -0.002441406
12025.620209245 -0.004882812
12034.236366276 -0.002441406
12042.884649737 -0.002441406
12051.561509305 -0.004882812
12060.263394650 -0.007324219
12068.986755449 -0.004882812
12077.728041374 -0.004882812
12086.483702100 -0.004882812
12095.250187300 -0.004882812
12104.023946649 -0.007324219
12112.801429820 -0.004882812
12121.579086486 -0.004882812
12130.353366323 -0.004882812
12139.120719004 -0.004882812
12147.877594202 -0.004882812
12156.620441592 -0.004882812
12165.345710847 -0.004882812
12174.049851641 -0.007324219
12182.729313649 -0.004882812
12191.380546544 -0.007324219
12200.000000000 -0.007324219
12208.584984353 -0.007324219
12217.136252589 -0.007324219
12225.655418356 -0.007324219
12234.144095303 -0.009765625
12242.603897077 -0.004882812
12251.036437326 -0.007324219
12259.443329699 -0.012207031
12267.826187844 -0.009765625
12276.186625409 -0.007324219
12284.526256041 -0.007324219
12292.846693390 -0.007324219
12301.149551104 -0.007324219
12309.436442829 -0.007324219
12317.708982216 -0.007324219
12325.968782911 -0.009765625
12334.217458563 -0.009765625
12342.456622819 -0.009765625
12350.687889329 -0.004882812
12358.912871741 -0.009765625
12367.133183701 -0.009765625
12375.350438859 -0.007324219
12383.566250863 -0.009765625
12391.782233361 -0.009765625
12400.000000000 -0.007324219
12408.221164429 -0.007324219
12416.447340297 -0.007324219
12424.680141251 -0.007324219
12432.921180939 -0.007324219
12441.172073010 -0.012207031
12449.434431112 -0.007324219
12457.709868893 -0.009765625
