0.000000000	1.456000000	2.234000000	1236.470000000	0.211000000
0.083333333	1.471000000	2.837000000	1233.040000000	0.231000000
0.166666667	1.491000000	3.523000000	1229.800000000	0.247000000
0.250000000	1.513000000	4.175000000	1224.920000000	0.264000000
0.333333333	1.535000000	4.773000000	1220.650000000	0.279000000
0.416666667	1.558000000	5.348000000	1216.350000000	0.286000000
0.500000000	1.579000000	5.894000000	1212.050000000	0.291000000
0.583333333	1.604000000	6.405000000	1207.760000000	0.299000000
0.666666667	1.627000000	6.901000000	1203.590000000	0.303000000
0.750000000	1.651000000	7.382000000	1199.390000000	0.309000000
0.833333333	1.675000000	7.842000000	1195.230000000	0.314000000
0.916666667	1.699000000	8.285000000	1191.050000000	0.317000000
1.000000000	1.721000000	8.683000000	1186.870000000	0.321000000
1.083333333	1.745000000	9.074000000	1182.710000000	0.326000000
1.166666667	1.769000000	9.459000000	1178.480000000	0.329000000
1.250000000	1.792000000	9.833000000	1174.260000000	0.329000000
1.333333333	1.816000000	10.192000000	1170.060000000	0.334000000
1.416666667	1.838000000	10.554000000	1165.940000000	0.337000000
1.500000000	1.864000000	10.903000000	1161.590000000	0.341000000
1.583333333	1.886000000	11.241000000	1157.350000000	0.342000000
1.666666667	1.912000000	11.565000000	1153.270000000	0.344000000
1.750000000	1.935000000	11.881000000	1149.470000000	0.345000000
1.833333333	1.960000000	12.154000000	1145.690000000	0.346000000
1.916666667	1.982000000	12.412000000	1142.300000000	0.349000000
2.000000000	2.004000000	12.661000000	1139.340000000	0.353000000
2.083333333	2.027000000	12.897000000	1136.630000000	0.354000000
2.166666667	2.051000000	13.134000000	1134.250000000	0.354000000
2.250000000	2.075000000	13.352000000	1132.090000000	0.357000000
2.333333333	2.095000000	13.571000000	1130.250000000	0.359000000
2.416666667	2.119000000	13.774000000	1128.640000000	0.362000000
2.500000000	2.141000000	13.952000000	1127.200000000	0.364000000
2.583333333	2.162000000	14.107000000	1125.950000000	0.365000000
2.666666667	2.185000000	14.242000000	1124.850000000	0.367000000
2.750000000	2.206000000	14.374000000	1123.930000000	0.371000000
2.833333333	2.228000000	14.495000000	1123.100000000	0.375000000
2.916666667	2.249000000	14.613000000	1122.320000000	0.374000000
3.000000000	2.268000000	14.737000000	1121.650000000	0.376000000
3.083333333	2.289000000	14.853000000	1121.010000000	0.377000000
3.166666667	2.309000000	14.978000000	1120.470000000	0.376000000
3.250000000	2.328000000	15.103000000	1119.950000000	0.378000000
3.333333333	2.350000000	15.220000000	1119.460000000	0.378000000
3.416666667	2.369000000	15.345000000	1119.000000000	0.383000000
3.500000000	2.389000000	15.470000000	1118.550000000	0.382000000
3.583333333	2.410000000	15.600000000	1118.150000000	0.387000000
3.666666667	2.430000000	15.725000000	1117.740000000	0.386000000
3.750000000	2.446000000	15.860000000	1117.380000000	0.388000000
3.833333333	2.467000000	15.996000000	1117.040000000	0.391000000
3.916666667	2.485000000	16.130000000	1116.670000000	0.390000000
4.000000000	2.506000000	16.265000000	1116.340000000	0.393000000
4.083333333	2.527000000	16.400000000	1116.000000000	0.392000000
4.166666667	2.547000000	16.542000000	1115.700000000	0.392000000
4.250000000	2.568000000	16.681000000	1115.400000000	0.397000000
4.333333333	2.586000000	16.822000000	1115.830000000	0.397000000
4.416666667	2.604000000	16.967000000	1115.160000000	0.398000000
4.500000000	2.623000000	17.112000000	1114.570000000	0.398000000
4.583333333	2.643000000	17.264000000	1114.290000000	0.402000000
4.666666667	2.666000000	17.407000000	1114.010000000	0.400000000
4.750000000	2.686000000	17.544000000	1113.760000000	0.402000000
4.833333333	2.705000000	17.691000000	1113.500000000	0.403000000
4.916666667	2.723000000	17.832000000	1113.260000000	0.406000000
5.000000000	2.743000000	17.977000000	1113.020000000	0.404000000
5.083333333	2.764000000	18.114000000	1112.780000000	0.408000000
5.166666667	2.786000000	18.256000000	1112.500000000	0.408000000
5.250000000	2.807000000	18.395000000	1112.290000000	0.412000000
5.333333333	2.826000000	18.529000000	1112.060000000	0.414000000
5.416666667	2.846000000	18.669000000	1111.810000000	0.418000000
5.500000000	2.868000000	18.795000000	1111.600000000	0.416000000
5.583333333	2.887000000	18.917000000	1111.380000000	0.418000000
5.666666667	2.909000000	19.040000000	1111.140000000	0.419000000
5.750000000	2.932000000	19.146000000	1110.940000000	0.418000000
5.833333333	2.952000000	19.256000000	1110.720000000	0.420000000
5.916666667	2.976000000	19.356000000	1110.480000000	0.422000000
6.000000000	2.996000000	19.454000000	1110.320000000	0.423000000
6.083333333	3.018000000	19.551000000	1110.090000000	0.426000000
6.166666667	3.041000000	19.641000000	1109.940000000	0.428000000
6.250000000	3.063000000	19.735000000	1109.740000000	0.430000000
6.333333333	3.085000000	19.820000000	1109.560000000	0.429000000
6.416666667	3.107000000	19.910000000	1109.370000000	0.429000000
6.500000000	3.128000000	20.002000000	1109.210000000	0.435000000
6.583333333	3.153000000	20.090000000	1108.980000000	0.433000000
6.666666667	3.178000000	20.184000000	1108.830000000	0.436000000
6.750000000	3.202000000	20.277000000	1108.680000000	0.436000000
6.833333333	3.223000000	20.371000000	1108.530000000	0.438000000
6.916666667	3.244000000	20.467000000	1108.340000000	0.441000000
7.000000000	3.268000000	20.562000000	1108.150000000	0.442000000
7.083333333	3.291000000	20.661000000	1107.990000000	0.444000000
7.166666667	3.314000000	20.760000000	1107.850000000	0.444000000
7.250000000	3.337000000	20.857000000	1107.660000000	0.447000000
7.333333333	3.362000000	20.958000000	1107.520000000	0.450000000
7.416666667	3.382000000	21.060000000	1107.360000000	0.450000000
7.500000000	3.406000000	21.160000000	1107.220000000	0.451000000
7.583333333	3.427000000	21.265000000	1107.050000000	0.453000000
7.666666667	3.450000000	21.368000000	1106.870000000	0.455000000
7.750000000	3.470000000	21.471000000	1106.750000000	0.455000000
7.833333333	3.494000000	21.573000000	1106.590000000	0.458000000
7.916666667	3.516000000	21.677000000	1106.450000000	0.462000000
8.000000000	3.537000000	21.782000000	1106.300000000	0.464000000
8.083333333	3.560000000	21.893000000	1106.130000000	0.463000000
8.166666667	3.583000000	22.004000000	1106.000000000	0.465000000
8.250000000	3.603000000	22.107000000	1105.820000000	0.466000000
8.333333333	3.624000000	22.217000000	1105.680000000	0.466000000
8.416666667	3.646000000	22.321000000	1105.500000000	0.469000000
8.500000000	3.666000000	22.431000000	1105.380000000	0.471000000
8.583333333	3.687000000	22.538000000	1105.250000000	0.469000000
8.666666667	3.713000000	22.638000000	1105.100000000	0.473000000
8.750000000	3.733000000	22.750000000	1104.950000000	0.476000000
8.833333333	3.752000000	22.859000000	1104.800000000	0.478000000
8.916666667	3.776000000	22.960000000	1104.650000000	0.479000000
9.000000000	3.796000000	23.069000000	1104.500000000	0.483000000
9.083333333	3.815000000	23.174000000	1104.340000000	0.484000000
9.166666667	3.836000000	23.277000000	1104.210000000	0.485000000
9.250000000	3.858000000	23.383000000	1104.080000000	0.488000000
9.333333333	3.877000000	23.491000000	1103.930000000	0.488000000
9.416666667	3.896000000	23.593000000	1103.780000000	0.490000000
9.500000000	3.918000000	23.698000000	1103.640000000	0.491000000
9.583333333	3.938000000	23.799000000	1103.510000000	0.493000000
9.666666667	3.957000000	23.906000000	1103.350000000	0.494000000
9.750000000	3.977000000	24.003000000	1103.210000000	0.496000000
9.833333333	4.000000000	24.101000000	1103.050000000	0.497000000
9.916666667	4.017000000	24.204000000	1102.970000000	0.499000000
10.000000000	4.040000000	24.304000000	1102.810000000	0.499000000
10.083333333	4.057000000	24.397000000	1102.680000000	0.500000000
10.166666667	4.076000000	24.497000000	1102.500000000	0.505000000
10.250000000	4.097000000	24.595000000	1102.390000000	0.507000000
10.333333333	4.116000000	24.692000000	1102.260000000	0.507000000
10.416666667	4.140000000	24.791000000	1102.130000000	0.507000000
10.500000000	4.157000000	24.886000000	1102.010000000	0.508000000
10.583333333	4.177000000	24.985000000	1101.850000000	0.512000000
10.666666667	4.199000000	25.079000000	1101.750000000	0.513000000
10.750000000	4.216000000	25.175000000	1101.600000000	0.515000000
10.833333333	4.237000000	25.270000000	1101.480000000	0.516000000
10.916666667	4.254000000	25.362000000	1101.340000000	0.517000000
11.000000000	4.273000000	25.457000000	1101.220000000	0.517000000
11.083333333	4.293000000	25.552000000	1101.100000000	0.517000000
11.166666667	4.310000000	25.645000000	1100.950000000	0.521000000
11.250000000	4.325000000	25.737000000	1100.840000000	0.525000000
11.333333333	4.346000000	25.823000000	1100.690000000	0.524000000
11.416666667	4.361000000	25.916000000	1100.550000000	0.527000000
11.500000000	4.381000000	26.005000000	1100.440000000	0.529000000
11.583333333	4.397000000	26.097000000	1100.330000000	0.529000000
11.666666667	4.416000000	26.184000000	1100.220000000	0.529000000
11.750000000	4.433000000	26.271000000	1100.110000000	0.531000000
11.833333333	4.449000000	26.357000000	1099.970000000	0.531000000
11.916666667	4.468000000	26.448000000	1099.830000000	0.532000000
12.000000000	4.485000000	26.532000000	1099.720000000	0.533000000
12.083333333	4.502000000	26.619000000	1099.620000000	0.535000000
12.166666667	4.518000000	26.701000000	1099.490000000	0.537000000
12.250000000	4.536000000	26.784000000	1099.380000000	0.538000000
12.333333333	4.554000000	26.866000000	1099.280000000	0.539000000
12.416666667	4.570000000	26.947000000	1099.150000000	0.541000000
12.500000000	4.587000000	27.030000000	1099.010000000	0.544000000
12.583333333	4.604000000	27.107000000	1098.910000000	0.544000000
12.666666667	4.623000000	27.197000000	1098.780000000	0.544000000
12.750000000	4.638000000	27.272000000	1098.670000000	0.549000000
12.833333333	4.656000000	27.347000000	1098.580000000	0.551000000
12.916666667	4.673000000	27.424000000	1098.460000000	0.551000000
13.000000000	4.687000000	27.505000000	1098.330000000	0.551000000
13.083333333	4.705000000	27.578000000	1098.230000000	0.552000000
13.166666667	4.721000000	27.650000000	1098.140000000	0.557000000
13.250000000	4.738000000	27.724000000	1098.020000000	0.559000000
13.333333333	4.752000000	27.802000000	1097.890000000	0.561000000
13.416666667	4.770000000	27.875000000	1097.790000000	0.561000000
13.500000000	4.785000000	27.945000000	1097.700000000	0.561000000
13.583333333	4.802000000	28.021000000	1097.590000000	0.563000000
13.666666667	4.816000000	28.088000000	1097.470000000	0.564000000
13.750000000	4.832000000	28.158000000	1097.360000000	0.563000000
13.833333333	4.850000000	28.231000000	1097.260000000	0.566000000
13.916666667	4.865000000	28.296000000	1097.170000000	0.567000000
14.000000000	4.880000000	28.370000000	1097.070000000	0.569000000
14.083333333	4.895000000	28.438000000	1096.980000000	0.569000000
14.166666667	4.911000000	28.501000000	1096.870000000	0.568000000
14.250000000	4.926000000	28.571000000	1096.760000000	0.571000000
14.333333333	4.941000000	28.633000000	1096.680000000	0.573000000
14.416666667	4.955000000	28.699000000	1096.550000000	0.576000000
14.500000000	4.971000000	28.757000000	1096.440000000	0.573000000
14.583333333	4.986000000	28.825000000	1096.360000000	0.573000000
14.666666667	5.001000000	28.891000000	1096.280000000	0.579000000
14.750000000	5.016000000	28.952000000	1096.160000000	0.579000000
14.833333333	5.032000000	29.012000000	1096.090000000	0.581000000
14.916666667	5.044000000	29.072000000	1095.990000000	0.584000000
15.000000000	5.059000000	29.134000000	1095.870000000	0.584000000
15.083333333	5.073000000	29.192000000	1095.770000000	0.586000000
15.166666667	5.088000000	29.251000000	1095.680000000	0.586000000
15.250000000	5.101000000	29.308000000	1095.610000000	0.588000000
15.333333333	5.117000000	29.370000000	1095.540000000	0.588000000
15.416666667	5.133000000	29.426000000	1095.430000000	0.591000000
15.500000000	5.147000000	29.489000000	1095.340000000	0.592000000
15.583333333	5.159000000	29.542000000	1095.230000000	0.594000000
15.666666667	5.173000000	29.603000000	1095.130000000	0.594000000
15.750000000	5.188000000	29.653000000	1095.080000000	0.596000000
15.833333333	5.203000000	29.706000000	1095.000000000	0.597000000
15.916666667	5.219000000	29.763000000	1094.900000000	0.594000000
16.000000000	5.231000000	29.820000000	1094.820000000	0.598000000
16.083333333	5.246000000	29.872000000	1094.710000000	0.598000000
16.166666667	5.258000000	29.928000000	1094.630000000	0.598000000
16.250000000	5.268000000	29.976000000	1094.540000000	0.599000000
16.333333333	5.285000000	30.031000000	1094.450000000	0.602000000
16.416666667	5.299000000	30.085000000	1094.390000000	0.603000000
16.500000000	5.309000000	30.132000000	1094.330000000	0.606000000
16.583333333	5.323000000	30.186000000	1094.830000000	0.606000000
16.666666667	5.339000000	30.238000000	1094.120000000	0.611000000
16.750000000	5.351000000	30.285000000	1094.060000000	0.611000000
16.833333333	5.365000000	30.335000000	1093.980000000	0.610000000
16.916666667	5.377000000	30.382000000	1093.860000000	0.616000000
17.000000000	5.389000000	30.431000000	1093.820000000	0.616000000
17.083333333	5.403000000	30.476000000	1093.750000000	0.617000000
17.166666667	5.417000000	30.524000000	1093.690000000	0.618000000
17.250000000	5.430000000	30.571000000	1093.590000000	0.617000000
17.333333333	5.440000000	30.621000000	1093.490000000	0.619000000
17.416666667	5.454000000	30.663000000	1093.400000000	0.617000000
17.500000000	5.467000000	30.713000000	1093.330000000	0.621000000
17.583333333	5.479000000	30.756000000	1093.280000000	0.621000000
17.666666667	5.490000000	30.801000000	1093.200000000	0.622000000
17.750000000	5.504000000	30.847000000	1093.130000000	0.621000000
17.833333333	5.513000000	30.889000000	1093.060000000	0.625000000
17.916666667	5.528000000	30.937000000	1092.980000000	0.626000000
18.000000000	5.540000000	30.977000000	1092.900000000	0.626000000
18.083333333	5.553000000	31.022000000	1092.850000000	0.623000000
18.166666667	5.565000000	31.064000000	1092.760000000	0.626000000
18.250000000	5.577000000	31.104000000	1092.660000000	0.633000000
18.333333333	5.587000000	31.146000000	1092.620000000	0.636000000
18.416666667	5.600000000	31.184000000	1092.560000000	0.636000000
18.500000000	5.613000000	31.229000000	1092.470000000	0.637000000
18.583333333	5.626000000	31.269000000	1092.390000000	0.637000000
18.666666667	5.636000000	31.309000000	1092.310000000	0.636000000
18.750000000	5.648000000	31.347000000	1092.270000000	0.638000000
18.833333333	5.658000000	31.387000000	1092.180000000	0.637000000
18.916666667	5.671000000	31.428000000	1092.120000000	0.637000000
19.000000000	5.682000000	31.469000000	1092.040000000	0.641000000
19.083333333	5.694000000	31.505000000	1091.980000000	0.641000000
19.166666667	5.705000000	31.544000000	1091.900000000	0.642000000
19.250000000	5.717000000	31.580000000	1091.830000000	0.643000000
19.333333333	5.730000000	31.620000000	1091.780000000	0.646000000
19.416666667	5.741000000	31.657000000	1091.710000000	0.647000000
19.500000000	5.753000000	31.694000000	1091.650000000	0.647000000
19.583333333	5.763000000	31.725000000	1091.590000000	0.645000000
19.666666667	5.774000000	31.767000000	1091.510000000	0.648000000
19.750000000	5.784000000	31.803000000	1091.470000000	0.649000000
19.833333333	5.796000000	31.837000000	1091.390000000	0.651000000
19.916666667	5.809000000	31.872000000	1091.320000000	0.651000000
20.000000000	5.820000000	31.908000000	1091.260000000	0.650000000
20.083333333	5.829000000	31.943000000	1091.210000000	0.654000000
20.166666667	5.843000000	31.975000000	1091.150000000	0.654000000
20.250000000	5.850000000	32.007000000	1091.510000000	0.656000000
20.333333333	5.860000000	32.047000000	1091.030000000	0.658000000
20.416666667	5.870000000	32.077000000	1090.960000000	0.660000000
20.500000000	5.883000000	32.113000000	1090.880000000	0.660000000
20.583333333	5.896000000	32.142000000	1090.820000000	0.662000000
20.666666667	5.905000000	32.178000000	1091.270000000	0.659000000
20.750000000	5.916000000	32.210000000	1090.730000000	0.661000000
20.833333333	5.926000000	32.238000000	1090.670000000	0.661000000
20.916666667	5.936000000	32.273000000	1090.620000000	0.663000000
21.000000000	5.943000000	32.303000000	1091.200000000	0.664000000
21.083333333	5.955000000	32.335000000	1090.480000000	0.664000000
21.166666667	5.965000000	32.365000000	1090.420000000	0.664000000
21.250000000	5.978000000	32.396000000	1090.340000000	0.664000000
21.333333333	5.985000000	32.429000000	1090.310000000	0.664000000
21.416666667	5.997000000	32.454000000	1090.270000000	0.666000000
21.500000000	6.007000000	32.486000000	1090.170000000	0.669000000
21.583333333	6.016000000	32.512000000	1090.120000000	0.668000000
21.666666667	6.029000000	32.543000000	1090.070000000	0.670000000
21.750000000	6.037000000	32.574000000	1090.000000000	0.671000000
21.833333333	6.049000000	32.603000000	1089.960000000	0.673000000
21.916666667	6.059000000	32.630000000	1089.880000000	0.673000000
22.000000000	6.071000000	32.660000000	1089.850000000	0.677000000
22.083333333	6.081000000	32.688000000	1089.800000000	0.674000000
22.166666667	6.092000000	32.716000000	1089.740000000	0.674000000
22.250000000	6.102000000	32.748000000	1089.660000000	0.674000000
22.333333333	6.113000000	32.770000000	1089.620000000	0.676000000
22.416666667	6.126000000	32.795000000	1089.590000000	0.677000000
22.500000000	6.137000000	32.825000000	1089.510000000	0.678000000
22.583333333	6.148000000	32.851000000	1089.470000000	0.679000000
22.666666667	6.162000000	32.879000000	1089.400000000	0.680000000
22.750000000	6.173000000	32.904000000	1089.360000000	0.683000000
22.833333333	6.186000000	32.929000000	1089.290000000	0.684000000
22.916666667	6.199000000	32.956000000	1089.190000000	0.684000000
23.000000000	6.213000000	32.985000000	1089.150000000	0.685000000
23.083333333	6.227000000	33.006000000	1089.110000000	0.686000000
23.166666667	6.243000000	33.034000000	1089.060000000	0.688000000
23.250000000	6.257000000	33.062000000	1088.990000000	0.688000000
23.333333333	6.273000000	33.085000000	1088.950000000	0.688000000
23.416666667	6.286000000	33.113000000	1088.850000000	0.688000000
23.500000000	6.301000000	33.136000000	1088.800000000	0.692000000
23.583333333	6.313000000	33.157000000	1088.760000000	0.691000000
23.666666667	6.327000000	33.185000000	1088.670000000	0.694000000
23.750000000	6.338000000	33.207000000	1088.650000000	0.693000000
23.833333333	6.350000000	33.230000000	1088.610000000	0.697000000
23.916666667	6.364000000	33.252000000	1088.540000000	0.698000000
24.000000000	6.376000000	33.280000000	1088.470000000	0.698000000
24.083333333	6.387000000	33.304000000	1088.410000000	0.696000000
24.166666667	6.399000000	33.329000000	1088.350000000	0.701000000
24.250000000	6.410000000	33.350000000	1088.310000000	0.701000000
24.333333333	6.422000000	33.371000000	1088.220000000	0.701000000
24.416666667	6.431000000	33.393000000	1088.180000000	0.702000000
24.500000000	6.443000000	33.416000000	1088.150000000	0.702000000
24.583333333	6.455000000	33.438000000	1088.070000000	0.704000000
24.666666667	6.464000000	33.461000000	1088.010000000	0.706000000
24.750000000	6.476000000	33.484000000	1087.970000000	0.707000000
24.833333333	6.485000000	33.510000000	1087.930000000	0.707000000
24.916666667	6.496000000	33.534000000	1087.860000000	0.708000000
25.000000000	6.505000000	33.551000000	1087.810000000	0.708000000
25.083333333	6.517000000	33.575000000	1087.770000000	0.708000000
25.166666667	6.528000000	33.595000000	1087.720000000	0.709000000
25.250000000	6.536000000	33.616000000	1087.640000000	0.708000000
25.333333333	6.544000000	33.637000000	1087.610000000	0.712000000
25.416666667	6.555000000	33.657000000	1087.540000000	0.712000000
25.500000000	6.563000000	33.681000000	1087.500000000	0.714000000
25.583333333	6.572000000	33.699000000	1087.440000000	0.717000000
25.666666667	6.582000000	33.725000000	1087.420000000	0.717000000
25.750000000	6.593000000	33.744000000	1087.350000000	0.718000000
25.833333333	6.602000000	33.760000000	1087.290000000	0.718000000
25.916666667	6.611000000	33.782000000	1087.250000000	0.718000000
26.000000000	6.621000000	33.801000000	1087.210000000	0.721000000
26.083333333	6.629000000	33.824000000	1087.160000000	0.718000000
26.166666667	6.636000000	33.844000000	1087.120000000	0.722000000
26.250000000	6.646000000	33.865000000	1087.060000000	0.723000000
26.333333333	6.656000000	33.883000000	1087.000000000	0.726000000
26.416666667	6.666000000	33.905000000	1086.970000000	0.723000000
26.500000000	6.675000000	33.923000000	1086.940000000	0.724000000
26.583333333	6.682000000	33.945000000	1086.890000000	0.726000000
26.666666667	6.690000000	33.963000000	1086.800000000	0.728000000
26.750000000	6.702000000	33.978000000	1086.770000000	0.727000000
26.833333333	6.710000000	33.993000000	1086.760000000	0.727000000
26.916666667	6.716000000	34.017000000	1086.680000000	0.731000000
27.000000000	6.725000000	34.040000000	1086.650000000	0.730000000
27.083333333	6.732000000	34.056000000	1086.610000000	0.733000000
27.166666667	6.744000000	34.075000000	1086.520000000	0.732000000
27.250000000	6.752000000	34.091000000	1086.490000000	0.731000000
27.333333333	6.760000000	34.110000000	1086.470000000	0.732000000
27.416666667	6.769000000	34.128000000	1086.450000000	0.731000000
27.500000000	6.775000000	34.147000000	1086.380000000	0.732000000
27.583333333	6.782000000	34.165000000	1086.330000000	0.734000000
27.666666667	6.789000000	34.182000000	1086.290000000	0.733000000
27.750000000	6.797000000	34.201000000	1086.250000000	0.734000000
27.833333333	6.805000000	34.220000000	1086.220000000	0.737000000
27.916666667	6.815000000	34.234000000	1086.180000000	0.741000000
28.000000000	6.822000000	34.249000000	1086.150000000	0.738000000
28.083333333	6.830000000	34.268000000	1086.080000000	0.742000000
28.166666667	6.837000000	34.285000000	1086.040000000	0.745000000
28.250000000	6.842000000	34.302000000	1086.020000000	0.740000000
28.333333333	6.854000000	34.318000000	1085.940000000	0.739000000
28.416666667	6.861000000	34.340000000	1085.930000000	0.742000000
28.500000000	6.869000000	34.356000000	1085.880000000	0.742000000
28.583333333	6.877000000	34.368000000	1085.840000000	0.742000000
28.666666667	6.883000000	34.386000000	1085.810000000	0.744000000
28.750000000	6.890000000	34.402000000	1085.770000000	0.743000000
28.833333333	6.898000000	34.417000000	1085.730000000	0.746000000
28.916666667	6.907000000	34.435000000	1085.690000000	0.746000000
29.000000000	6.915000000	34.450000000	1085.660000000	0.744000000
29.083333333	6.919000000	34.467000000	1085.600000000	0.744000000
29.166666667	6.929000000	34.482000000	1085.570000000	0.747000000
29.250000000	6.936000000	34.502000000	1085.540000000	0.747000000
29.333333333	6.943000000	34.516000000	1085.490000000	0.745000000
29.416666667	6.948000000	34.531000000	1085.470000000	0.746000000
29.500000000	6.955000000	34.547000000	1085.420000000	0.749000000
29.583333333	6.963000000	34.562000000	1085.390000000	0.748000000
29.666666667	6.969000000	34.574000000	1085.360000000	0.753000000
29.750000000	6.977000000	34.595000000	1085.320000000	0.751000000
29.833333333	6.985000000	34.608000000	1085.270000000	0.754000000
29.916666667	6.994000000	34.625000000	1085.230000000	0.755000000
30.000000000	7.002000000	34.639000000	1085.210000000	0.753000000
30.083333333	7.006000000	34.654000000	1085.170000000	0.753000000
30.166666667	7.013000000	34.666000000	1085.110000000	0.754000000
30.250000000	7.019000000	34.685000000	1085.070000000	0.753000000
30.333333333	7.025000000	34.698000000	1085.070000000	0.753000000
30.416666667	7.033000000	34.711000000	1085.020000000	0.753000000
30.500000000	7.040000000	34.730000000	1084.980000000	0.758000000
30.583333333	7.047000000	34.746000000	1084.970000000	0.758000000
30.666666667	7.054000000	34.756000000	1084.920000000	0.760000000
30.750000000	7.059000000	34.774000000	1084.870000000	0.759000000
30.833333333	7.066000000	34.791000000	1085.220000000	0.762000000
30.916666667	7.072000000	34.803000000	1084.790000000	0.763000000
31.000000000	7.080000000	34.819000000	1084.770000000	0.764000000
31.083333333	7.087000000	34.833000000	1084.750000000	0.762000000
31.166666667	7.095000000	34.851000000	1084.730000000	0.761000000
31.250000000	7.100000000	34.863000000	1085.090000000	0.762000000
31.333333333	7.103000000	34.878000000	1084.630000000	0.762000000
31.416666667	7.111000000	34.898000000	1084.590000000	0.762000000
31.500000000	7.116000000	34.912000000	1084.580000000	0.763000000
31.583333333	7.122000000	34.927000000	1085.170000000	0.764000000
31.666666667	7.129000000	34.944000000	1084.490000000	0.764000000
31.750000000	7.137000000	34.959000000	1084.480000000	0.768000000
31.833333333	7.143000000	34.977000000	1084.440000000	0.769000000
31.916666667	7.149000000	34.991000000	1084.430000000	0.770000000
32.000000000	7.154000000	35.008000000	1084.370000000	0.768000000
32.083333333	7.160000000	35.023000000	1084.340000000	0.768000000
32.166666667	7.162000000	35.038000000	1084.290000000	0.770000000
32.250000000	7.173000000	35.053000000	1084.280000000	0.772000000
32.333333333	7.177000000	35.071000000	1084.210000000	0.776000000
32.416666667	7.182000000	35.083000000	1084.200000000	0.772000000
32.500000000	7.190000000	35.101000000	1084.140000000	0.772000000
32.583333333	7.193000000	35.113000000	1084.110000000	0.772000000
32.666666667	7.198000000	35.125000000	1084.130000000	0.773000000
32.750000000	7.204000000	35.142000000	1084.060000000	0.773000000
32.833333333	7.209000000	35.156000000	1084.040000000	0.771000000
32.916666667	7.215000000	35.171000000	1084.000000000	0.771000000
33.000000000	7.220000000	35.188000000	1083.990000000	0.771000000
33.083333333	7.226000000	35.201000000	1083.930000000	0.773000000
33.166666667	7.235000000	35.212000000	1083.880000000	0.773000000
33.250000000	7.241000000	35.224000000	1083.860000000	0.778000000
33.333333333	7.247000000	35.236000000	1083.810000000	0.780000000
33.416666667	7.252000000	35.249000000	1083.810000000	0.778000000
33.500000000	7.257000000	35.268000000	1083.770000000	0.777000000
33.583333333	7.262000000	35.277000000	1083.750000000	0.779000000
33.666666667	7.267000000	35.289000000	1083.710000000	0.781000000
33.750000000	7.274000000	35.303000000	1083.680000000	0.782000000
33.833333333	7.281000000	35.317000000	1083.620000000	0.782000000
33.916666667	7.286000000	35.330000000	1083.610000000	0.781000000
34.000000000	7.291000000	35.341000000	1083.580000000	0.782000000
34.083333333	7.297000000	35.354000000	1083.520000000	0.782000000
34.166666667	7.301000000	35.364000000	1083.530000000	0.786000000
34.250000000	7.308000000	35.379000000	1083.490000000	0.783000000
34.333333333	7.313000000	35.387000000	1083.460000000	0.782000000
34.416666667	7.319000000	35.404000000	1083.410000000	0.782000000
34.500000000	7.325000000	35.414000000	1083.400000000	0.783000000
34.583333333	7.331000000	35.424000000	1083.380000000	0.782000000
34.666666667	7.339000000	35.436000000	1083.350000000	0.783000000
34.750000000	7.342000000	35.448000000	1083.290000000	0.782000000
34.833333333	7.348000000	35.458000000	1083.270000000	0.783000000
34.916666667	7.354000000	35.472000000	1083.230000000	0.783000000
35.000000000	7.360000000	35.478000000	1083.190000000	0.784000000
35.083333333	7.367000000	35.492000000	1083.170000000	0.784000000
35.166666667	7.371000000	35.499000000	1083.150000000	0.789000000
35.250000000	7.379000000	35.514000000	1083.120000000	0.791000000
35.333333333	7.383000000	35.524000000	1083.100000000	0.788000000
35.416666667	7.389000000	35.534000000	1083.070000000	0.790000000
35.500000000	7.391000000	35.544000000	1083.010000000	0.791000000
35.583333333	7.399000000	35.554000000	1082.980000000	0.789000000
35.666666667	7.403000000	35.569000000	1082.950000000	0.793000000
35.750000000	7.409000000	35.578000000	1082.940000000	0.793000000
35.833333333	7.416000000	35.585000000	1082.910000000	0.794000000
35.916666667	7.421000000	35.598000000	1082.880000000	0.797000000
36.000000000	7.424000000	35.606000000	1082.850000000	0.795000000
36.083333333	7.430000000	35.618000000	1082.800000000	0.793000000
36.166666667	7.437000000	35.628000000	1082.790000000	0.794000000
36.250000000	7.441000000	35.638000000	1083.390000000	0.796000000
36.333333333	7.446000000	35.649000000	1082.710000000	0.796000000
36.416666667	7.452000000	35.654000000	1082.700000000	0.792000000
36.500000000	7.462000000	35.665000000	1082.690000000	0.796000000
36.583333333	7.466000000	35.677000000	1082.650000000	0.800000000
36.666666667	7.471000000	35.684000000	1082.620000000	0.798000000
36.750000000	7.477000000	35.693000000	1082.570000000	0.799000000
36.833333333	7.482000000	35.700000000	1082.540000000	0.801000000
36.916666667	7.488000000	35.712000000	1082.520000000	0.803000000
37.000000000	7.492000000	35.720000000	1082.510000000	0.804000000
37.083333333	7.497000000	35.732000000	1082.470000000	0.802000000
37.166666667	7.501000000	35.740000000	1082.450000000	0.797000000
37.250000000	7.510000000	35.748000000	1082.410000000	0.802000000
37.333333333	7.514000000	35.760000000	1082.350000000	0.802000000
37.416666667	7.522000000	35.767000000	1082.370000000	0.802000000
37.500000000	7.528000000	35.775000000	1082.310000000	0.803000000
37.583333333	7.532000000	35.784000000	1082.280000000	0.804000000
37.666666667	7.536000000	35.791000000	1082.260000000	0.807000000
37.750000000	7.545000000	35.800000000	1082.240000000	0.804000000
37.833333333	7.551000000	35.810000000	1082.220000000	0.808000000
37.916666667	7.554000000	35.819000000	1082.170000000	0.807000000
38.000000000	7.560000000	35.824000000	1082.120000000	0.807000000
38.083333333	7.562000000	35.835000000	1082.120000000	0.808000000
38.166666667	7.570000000	35.845000000	1082.080000000	0.807000000
38.250000000	7.575000000	35.848000000	1082.070000000	0.807000000
38.333333333	7.580000000	35.860000000	1082.030000000	0.808000000
38.416666667	7.586000000	35.868000000	1082.010000000	0.808000000
38.500000000	7.593000000	35.876000000	1081.980000000	0.808000000
38.583333333	7.600000000	35.886000000	1081.940000000	0.811000000
38.666666667	7.606000000	35.893000000	1081.910000000	0.813000000
38.750000000	7.610000000	35.902000000	1081.300000000	0.814000000
38.833333333	7.615000000	35.910000000	1081.840000000	0.814000000
38.916666667	7.619000000	35.917000000	1081.840000000	0.814000000
39.000000000	7.627000000	35.925000000	1081.800000000	0.817000000
39.083333333	7.632000000	35.933000000	1081.780000000	0.814000000
39.166666667	7.640000000	35.943000000	1081.720000000	0.813000000
39.250000000	7.642000000	35.949000000	1081.690000000	0.814000000
39.333333333	7.647000000	35.960000000	1081.690000000	0.814000000
39.416666667	7.654000000	35.969000000	1081.640000000	0.816000000
39.500000000	7.659000000	35.975000000	1081.620000000	0.817000000
39.583333333	7.664000000	35.980000000	1081.620000000	0.819000000
39.666666667	7.669000000	35.988000000	1081.580000000	0.813000000
39.750000000	7.673000000	35.993000000	1081.570000000	0.819000000
39.833333333	7.678000000	35.999000000	1081.500000000	0.816000000
39.916666667	7.684000000	36.009000000	1081.500000000	0.818000000
40.000000000	7.689000000	36.018000000	1081.470000000	0.819000000
40.083333333	7.695000000	36.026000000	1081.480000000	0.818000000
40.166666667	7.700000000	36.033000000	1081.430000000	0.818000000
40.250000000	7.701000000	36.039000000	1081.410000000	0.820000000
40.333333333	7.710000000	36.047000000	1081.390000000	0.821000000
40.416666667	7.713000000	36.051000000	1081.350000000	0.824000000
40.500000000	7.721000000	36.064000000	1081.300000000	0.819000000
40.583333333	7.724000000	36.067000000	1081.290000000	0.822000000
40.666666667	7.730000000	36.074000000	1081.270000000	0.824000000
40.750000000	7.735000000	36.080000000	1081.250000000	0.822000000
40.833333333	7.741000000	36.090000000	1081.210000000	0.823000000
40.916666667	7.744000000	36.095000000	1081.190000000	0.821000000
41.000000000	7.750000000	36.104000000	1081.140000000	0.824000000
41.083333333	7.755000000	36.110000000	1081.810000000	0.823000000
41.166666667	7.765000000	36.116000000	1081.120000000	0.825000000
41.250000000	7.766000000	36.123000000	1081.100000000	0.827000000
41.333333333	7.772000000	36.130000000	1081.060000000	0.829000000
41.416666667	7.777000000	36.142000000	1081.040000000	0.827000000
41.500000000	7.782000000	36.144000000	1081.010000000	0.827000000
41.583333333	7.785000000	36.150000000	1080.960000000	0.831000000
41.666666667	7.789000000	36.159000000	1080.980000000	0.831000000
41.750000000	7.795000000	36.164000000	1080.900000000	0.829000000
41.833333333	7.800000000	36.170000000	1080.900000000	0.829000000
41.916666667	7.807000000	36.175000000	1080.880000000	0.831000000
42.000000000	7.813000000	36.184000000	1080.870000000	0.831000000
42.083333333	7.818000000	36.192000000	1080.820000000	0.831000000
42.166666667	7.822000000	36.198000000	1080.800000000	0.832000000
42.250000000	7.828000000	36.203000000	1080.770000000	0.832000000
42.333333333	7.833000000	36.212000000	1080.730000000	0.834000000
42.416666667	7.838000000	36.215000000	1080.730000000	0.831000000
42.500000000	7.843000000	36.220000000	1080.720000000	0.833000000
42.583333333	7.848000000	36.227000000	1080.670000000	0.832000000
42.666666667	7.853000000	36.234000000	1080.660000000	0.832000000
42.750000000	7.860000000	36.240000000	1080.670000000	0.832000000
42.833333333	7.863000000	36.247000000	1080.610000000	0.834000000
42.916666667	7.866000000	36.254000000	1080.580000000	0.833000000
43.000000000	7.871000000	36.259000000	1080.540000000	0.835000000
43.083333333	7.880000000	36.265000000	1080.530000000	0.835000000
43.166666667	7.883000000	36.273000000	1080.530000000	0.837000000
43.250000000	7.889000000	36.274000000	1080.510000000	0.838000000
43.333333333	7.892000000	36.285000000	1080.480000000	0.841000000
43.416666667	7.897000000	36.287000000	1080.440000000	0.838000000
43.500000000	7.901000000	36.293000000	1080.430000000	0.837000000
43.583333333	7.906000000	36.302000000	1080.380000000	0.838000000
43.666666667	7.910000000	36.308000000	1080.390000000	0.841000000
43.750000000	7.915000000	36.315000000	1080.380000000	0.839000000
43.833333333	7.916000000	36.319000000	1080.330000000	0.839000000
43.916666667	7.924000000	36.325000000	1080.330000000	0.838000000
44.000000000	7.926000000	36.330000000	1080.300000000	0.841000000
44.083333333	7.931000000	36.333000000	1080.270000000	0.842000000
44.166666667	7.936000000	36.347000000	1080.240000000	0.839000000
44.250000000	7.938000000	36.345000000	1080.230000000	0.836000000
44.333333333	7.942000000	36.354000000	1080.220000000	0.842000000
44.416666667	7.949000000	36.360000000	1080.190000000	0.846000000
44.500000000	7.953000000	36.367000000	1080.180000000	0.843000000
44.583333333	7.959000000	36.373000000	1080.160000000	0.843000000
44.666666667	7.965000000	36.382000000	1080.120000000	0.847000000
44.750000000	7.967000000	36.382000000	1080.100000000	0.846000000
44.833333333	7.971000000	36.389000000	1080.070000000	0.844000000
44.916666667	7.975000000	36.393000000	1080.040000000	0.847000000
45.000000000	7.978000000	36.400000000	1080.000000000	0.844000000
45.083333333	7.983000000	36.405000000	1080.030000000	0.844000000
45.166666667	7.987000000	36.412000000	1079.990000000	0.843000000
45.250000000	7.989000000	36.414000000	1079.990000000	0.846000000
45.333333333	7.995000000	36.421000000	1079.950000000	0.848000000
45.416666667	8.000000000	36.428000000	1079.940000000	0.846000000
45.500000000	8.003000000	36.433000000	1079.930000000	0.845000000
45.583333333	8.006000000	36.438000000	1079.900000000	0.848000000
45.666666667	8.012000000	36.445000000	1079.870000000	0.849000000
45.750000000	8.017000000	36.445000000	1079.850000000	0.851000000
45.833333333	8.020000000	36.458000000	1079.830000000	0.846000000
45.916666667	8.023000000	36.460000000	1079.830000000	0.848000000
46.000000000	8.026000000	36.467000000	1079.800000000	0.849000000
46.083333333	8.030000000	36.472000000	1079.800000000	0.849000000
46.166666667	8.034000000	36.474000000	1080.130000000	0.851000000
46.250000000	8.037000000	36.479000000	1079.750000000	0.851000000
46.333333333	8.042000000	36.488000000	1079.730000000	0.852000000
46.416666667	8.050000000	36.490000000	1079.700000000	0.854000000
46.500000000	8.051000000	36.494000000	1079.690000000	0.854000000
46.583333333	8.057000000	36.500000000	1079.660000000	0.852000000
46.666666667	8.061000000	36.505000000	1079.660000000	0.856000000
46.750000000	8.062000000	36.514000000	1079.640000000	0.854000000
46.833333333	8.064000000	36.515000000	1079.600000000	0.854000000
46.916666667	8.067000000	36.521000000	1079.590000000	0.852000000
47.000000000	8.070000000	36.525000000	1079.570000000	0.851000000
47.083333333	8.076000000	36.530000000	1079.540000000	0.851000000
47.166666667	8.081000000	36.535000000	1079.540000000	0.852000000
47.250000000	8.082000000	36.543000000	1079.540000000	0.854000000
47.333333333	8.085000000	36.545000000	1079.500000000	0.855000000
47.416666667	8.088000000	36.550000000	1079.500000000	0.854000000
47.500000000	8.093000000	36.556000000	1079.500000000	0.858000000
47.583333333	8.097000000	36.560000000	1079.460000000	0.857000000
47.666666667	8.101000000	36.564000000	1079.440000000	0.859000000
47.750000000	8.104000000	36.573000000	1079.420000000	0.858000000
47.833333333	8.107000000	36.573000000	1079.410000000	0.859000000
47.916666667	8.112000000	36.576000000	1079.380000000	0.858000000
48.000000000	8.115000000	36.585000000	1079.380000000	0.859000000
48.083333333	8.119000000	36.589000000	1079.330000000	0.858000000
48.166666667	8.124000000	36.595000000	1079.330000000	0.861000000
48.250000000	8.128000000	36.597000000	1079.310000000	0.862000000
48.333333333	8.130000000	36.603000000	1079.290000000	0.859000000
48.416666667	8.135000000	36.605000000	1079.270000000	0.858000000
48.500000000	8.139000000	36.613000000	1079.230000000	0.859000000
48.583333333	8.144000000	36.612000000	1079.250000000	0.859000000
48.666666667	8.145000000	36.615000000	1079.250000000	0.860000000
48.750000000	8.148000000	36.627000000	1079.210000000	0.859000000
48.833333333	8.151000000	36.625000000	1079.160000000	0.863000000
48.916666667	8.154000000	36.638000000	1079.160000000	0.866000000
49.000000000	8.159000000	36.638000000	1079.150000000	0.863000000
49.083333333	8.161000000	36.644000000	1079.160000000	0.866000000
49.166666667	8.165000000	36.647000000	1079.120000000	0.866000000
49.250000000	8.170000000	36.651000000	1079.090000000	0.864000000
49.333333333	8.170000000	36.655000000	1079.110000000	0.863000000
49.416666667	8.174000000	36.660000000	1079.080000000	0.863000000
49.500000000	8.178000000	36.660000000	1079.070000000	0.864000000
49.583333333	8.181000000	36.668000000	1079.040000000	0.864000000
49.666666667	8.184000000	36.672000000	1079.060000000	0.866000000
49.750000000	8.187000000	36.680000000	1079.030000000	0.864000000
49.833333333	8.191000000	36.681000000	1079.020000000	0.868000000
49.916666667	8.194000000	36.684000000	1078.990000000	0.866000000
50.000000000	8.195000000	36.687000000	1078.980000000	0.867000000
50.083333333	8.193000000	36.694000000	1078.980000000	0.868000000
50.166666667	8.194000000	36.699000000	1078.930000000	0.867000000
50.250000000	8.197000000	36.704000000	1078.930000000	0.866000000
50.333333333	8.204000000	36.706000000	1078.920000000	0.864000000
50.416666667	8.206000000	36.711000000	1078.930000000	0.866000000
50.500000000	8.207000000	36.711000000	1078.920000000	0.863000000
50.583333333	8.208000000	36.718000000	1078.890000000	0.867000000
50.666666667	8.210000000	36.724000000	1078.880000000	0.866000000
50.750000000	8.212000000	36.725000000	1078.880000000	0.868000000
50.833333333	8.210000000	36.729000000	1078.850000000	0.869000000
50.916666667	8.215000000	36.735000000	1078.870000000	0.874000000
51.000000000	8.218000000	36.739000000	1078.830000000	0.871000000
51.083333333	8.224000000	36.741000000	1078.770000000	0.872000000
51.166666667	8.225000000	36.748000000	1078.860000000	0.872000000
51.250000000	8.225000000	36.753000000	1078.820000000	0.869000000
51.333333333	8.228000000	36.754000000	1078.790000000	0.867000000
51.416666667	8.225000000	36.756000000	1078.790000000	0.867000000
51.500000000	8.226000000	36.760000000	1078.790000000	0.866000000
51.583333333	8.230000000	36.767000000	1078.810000000	0.869000000
51.666666667	8.231000000	36.767000000	1078.780000000	0.871000000
51.750000000	8.235000000	36.772000000	1078.740000000	0.871000000
51.833333333	8.238000000	36.776000000	1078.740000000	0.872000000
51.916666667	8.240000000	36.780000000	1078.740000000	0.871000000
52.000000000	8.242000000	36.786000000	1078.730000000	0.871000000
52.083333333	8.244000000	36.788000000	1078.710000000	0.873000000
52.166666667	8.245000000	36.790000000	1078.720000000	0.873000000
52.250000000	8.247000000	36.794000000	1078.710000000	0.871000000
52.333333333	8.252000000	36.795000000	1078.680000000	0.872000000
52.416666667	8.253000000	36.803000000	1078.670000000	0.872000000
52.500000000	8.258000000	36.805000000	1078.650000000	0.871000000
52.583333333	8.260000000	36.806000000	1078.640000000	0.878000000
52.666666667	8.262000000	36.813000000	1078.620000000	0.876000000
52.750000000	8.263000000	36.814000000	1078.620000000	0.874000000
52.833333333	8.266000000	36.818000000	1078.620000000	0.874000000
52.916666667	8.267000000	36.821000000	1078.590000000	0.876000000
53.000000000	8.271000000	36.820000000	1078.580000000	0.874000000
53.083333333	8.276000000	36.831000000	1078.580000000	0.874000000
53.166666667	8.278000000	36.834000000	1078.550000000	0.876000000
53.250000000	8.279000000	36.834000000	1078.550000000	0.874000000
53.333333333	8.280000000	36.840000000	1079.250000000	0.873000000
53.416666667	8.280000000	36.839000000	1078.560000000	0.875000000
53.500000000	8.283000000	36.842000000	1078.530000000	0.879000000
53.583333333	8.287000000	36.849000000	1078.530000000	0.877000000
53.666666667	8.290000000	36.853000000	1078.500000000	0.878000000
53.750000000	8.294000000	36.859000000	1078.460000000	0.877000000
53.833333333	8.296000000	36.857000000	1078.460000000	0.874000000
53.916666667	8.295000000	36.864000000	1078.480000000	0.874000000
54.000000000	8.300000000	36.863000000	1078.470000000	0.876000000
54.083333333	8.300000000	36.869000000	1078.480000000	0.874000000
54.166666667	8.301000000	36.874000000	1078.450000000	0.876000000
54.250000000	8.304000000	36.874000000	1078.440000000	0.875000000
54.333333333	8.305000000	36.876000000	1078.440000000	0.877000000
54.416666667	8.307000000	36.881000000	1078.430000000	0.877000000
54.500000000	8.310000000	36.883000000	1078.420000000	0.881000000
54.583333333	8.312000000	36.888000000	1078.430000000	0.878000000
54.666666667	8.313000000	36.891000000	1078.410000000	0.881000000
54.750000000	8.316000000	36.893000000	1078.400000000	0.879000000
54.833333333	8.315000000	36.896000000	1078.400000000	0.878000000
54.916666667	8.318000000	36.898000000	1078.390000000	0.877000000
55.000000000	8.319000000	36.903000000	1078.370000000	0.881000000
55.083333333	8.323000000	36.905000000	1078.360000000	0.877000000
55.166666667	8.323000000	36.908000000	1078.360000000	0.879000000
55.250000000	8.325000000	36.915000000	1078.380000000	0.880000000
55.333333333	8.326000000	36.915000000	1078.360000000	0.881000000
55.416666667	8.327000000	36.917000000	1078.340000000	0.877000000
55.500000000	8.327000000	36.921000000	1078.310000000	0.880000000
55.583333333	8.330000000	36.921000000	1078.310000000	0.881000000
55.666666667	8.333000000	36.925000000	1078.310000000	0.879000000
55.750000000	8.332000000	36.929000000	1078.340000000	0.878000000
55.833333333	8.334000000	36.930000000	1078.330000000	0.880000000
55.916666667	8.336000000	36.936000000	1079.000000000	0.878000000
56.000000000	8.334000000	36.935000000	1078.290000000	0.881000000
56.083333333	8.337000000	36.939000000	1078.300000000	0.881000000
56.166666667	8.336000000	36.941000000	1078.300000000	0.879000000
56.250000000	8.337000000	36.945000000	1078.270000000	0.879000000
56.333333333	8.350000000	36.948000000	1078.270000000	0.880000000
56.416666667	8.354000000	36.949000000	1078.270000000	0.882000000
56.500000000	8.358000000	36.951000000	1078.290000000	0.883000000
56.583333333	8.359000000	36.954000000	1078.270000000	0.878000000
56.666666667	8.361000000	36.959000000	1078.260000000	0.881000000
56.750000000	8.362000000	36.960000000	1078.240000000	0.877000000
56.833333333	8.360000000	36.965000000	1078.220000000	0.879000000
56.916666667	8.360000000	36.964000000	1078.240000000	0.881000000
57.000000000	8.363000000	36.969000000	1078.240000000	0.882000000
57.083333333	8.366000000	36.973000000	1078.710000000	0.882000000
57.166666667	8.368000000	36.972000000	1078.210000000	0.881000000
57.250000000	8.368000000	36.974000000	1078.220000000	0.881000000
57.333333333	8.370000000	36.980000000	1078.230000000	0.883000000
57.416666667	8.370000000	36.979000000	1078.200000000	0.883000000
57.500000000	8.370000000	36.983000000	1078.200000000	0.879000000
57.583333333	8.367000000	36.984000000	1078.210000000	0.879000000
57.666666667	8.371000000	36.990000000	1078.200000000	0.877000000
57.750000000	8.372000000	36.991000000	1078.200000000	0.873000000
57.833333333	8.373000000	36.991000000	1078.170000000	0.881000000
57.916666667	8.377000000	36.995000000	1078.180000000	0.884000000
58.000000000	8.374000000	36.994000000	1078.180000000	0.884000000
58.083333333	8.375000000	37.001000000	1078.170000000	0.881000000
58.166666667	8.376000000	37.005000000	1078.190000000	0.888000000
58.250000000	8.381000000	37.008000000	1078.170000000	0.883000000
58.333333333	8.385000000	37.008000000	1078.170000000	0.879000000
58.416666667	8.385000000	37.011000000	1078.160000000	0.879000000
58.500000000	8.385000000	37.010000000	1078.150000000	0.879000000
58.583333333	8.387000000	37.016000000	1078.120000000	0.877000000
58.666666667	8.386000000	37.011000000	1078.150000000	0.878000000
58.750000000	8.384000000	37.019000000	1078.150000000	0.882000000
58.833333333	8.385000000	37.019000000	1078.150000000	0.882000000
58.916666667	8.386000000	37.020000000	1078.120000000	0.882000000
59.000000000	8.384000000	37.025000000	1078.150000000	0.879000000
59.083333333	8.384000000	37.026000000	1078.130000000	0.877000000
59.166666667	8.386000000	37.033000000	1078.150000000	0.878000000
59.250000000	8.390000000	37.033000000	1078.140000000	0.876000000
59.333333333	8.391000000	37.034000000	1078.140000000	0.881000000
59.416666667	8.391000000	37.034000000	1078.150000000	0.879000000
59.500000000	8.387000000	37.036000000	1078.140000000	0.880000000
59.583333333	8.390000000	37.037000000	1078.120000000	0.881000000
59.666666667	8.390000000	37.042000000	1078.100000000	0.879000000
59.750000000	8.389000000	37.044000000	1078.120000000	0.878000000
59.833333333	8.389000000	37.048000000	1078.110000000	0.880000000
59.916666667	8.380000000	37.042000000	1078.110000000	0.873000000
60.000000000	8.337000000	37.024000000	1078.110000000	0.861000000
60.083333333	8.283000000	36.995000000	1078.120000000	0.853000000
60.166666667	8.223000000	36.964000000	1078.140000000	0.842000000
60.250000000	8.161000000	36.916000000	1078.160000000	0.836000000
60.333333333	8.104000000	36.880000000	1078.190000000	0.828000000
60.416666667	8.049000000	36.825000000	1078.170000000	0.823000000
60.500000000	7.987000000	36.765000000	1078.190000000	0.816000000
60.583333333	7.932000000	36.696000000	1078.220000000	0.812000000
60.666666667	7.885000000	36.625000000	1078.300000000	0.808000000
60.750000000	7.842000000	36.550000000	1078.330000000	0.814000000
60.833333333	7.805000000	36.476000000	1078.330000000	0.808000000
60.916666667	7.762000000	36.394000000	1078.390000000	0.804000000
61.000000000	7.725000000	36.308000000	1078.400000000	0.799000000
61.083333333	7.690000000	36.225000000	1078.480000000	0.801000000
61.166666667	7.658000000	36.133000000	1078.530000000	0.800000000
61.250000000	7.625000000	36.038000000	1078.580000000	0.799000000
61.333333333	7.590000000	35.944000000	1078.620000000	0.799000000
61.416666667	7.557000000	35.840000000	1078.680000000	0.793000000
61.500000000	7.525000000	35.740000000	1078.700000000	0.792000000
61.583333333	7.491000000	35.635000000	1078.770000000	0.789000000
61.666666667	7.459000000	35.535000000	1078.830000000	0.784000000
61.750000000	7.424000000	35.438000000	1078.910000000	0.782000000
61.833333333	7.394000000	35.339000000	1078.970000000	0.782000000
61.916666667	7.362000000	35.247000000	1079.030000000	0.779000000
62.000000000	7.329000000	35.149000000	1079.110000000	0.777000000
62.083333333	7.296000000	35.054000000	1079.160000000	0.776000000
62.166666667	7.267000000	34.958000000	1079.220000000	0.772000000
62.250000000	7.236000000	34.868000000	1079.300000000	0.773000000
62.333333333	7.207000000	34.773000000	1079.370000000	0.771000000
62.416666667	7.180000000	34.686000000	1079.410000000	0.769000000
62.500000000	7.153000000	34.591000000	1079.480000000	0.767000000
62.583333333	7.128000000	34.502000000	1079.520000000	0.768000000
62.666666667	7.105000000	34.412000000	1079.590000000	0.767000000
62.750000000	7.076000000	34.317000000	1079.610000000	0.764000000
62.833333333	7.053000000	34.224000000	1079.710000000	0.762000000
62.916666667	7.029000000	34.126000000	1079.760000000	0.758000000
63.000000000	7.005000000	34.027000000	1079.840000000	0.757000000
63.083333333	6.982000000	33.928000000	1079.900000000	0.756000000
63.166666667	6.957000000	33.830000000	1080.000000000	0.753000000
63.250000000	6.931000000	33.731000000	1080.070000000	0.753000000
63.333333333	6.905000000	33.635000000	1080.120000000	0.754000000
63.416666667	6.880000000	33.526000000	1080.220000000	0.751000000
63.500000000	6.856000000	33.425000000	1080.310000000	0.749000000
63.583333333	6.835000000	33.315000000	1080.380000000	0.751000000
63.666666667	6.811000000	33.212000000	1080.480000000	0.744000000
63.750000000	6.786000000	33.101000000	1080.540000000	0.737000000
63.833333333	6.765000000	32.990000000	1080.630000000	0.740000000
63.916666667	6.743000000	32.880000000	1080.700000000	0.742000000
64.000000000	6.720000000	32.767000000	1080.800000000	0.743000000
64.083333333	6.694000000	32.650000000	1080.910000000	0.741000000
64.166666667	6.672000000	32.532000000	1080.990000000	0.739000000
64.250000000	6.647000000	32.412000000	1081.110000000	0.732000000
64.333333333	6.627000000	32.296000000	1081.190000000	0.731000000
64.416666667	6.605000000	32.179000000	1081.310000000	0.730000000
64.500000000	6.583000000	32.056000000	1081.390000000	0.727000000
64.583333333	6.559000000	31.941000000	1081.480000000	0.731000000
64.666666667	6.538000000	31.816000000	1081.620000000	0.729000000
64.750000000	6.513000000	31.704000000	1081.690000000	0.724000000
64.833333333	6.490000000	31.573000000	1081.800000000	0.722000000
64.916666667	6.465000000	31.451000000	1081.920000000	0.722000000
65.000000000	6.444000000	31.321000000	1082.050000000	0.721000000
65.083333333	6.419000000	31.194000000	1082.140000000	0.712000000
65.166666667	6.393000000	31.068000000	1082.240000000	0.711000000
65.250000000	6.369000000	30.934000000	1082.360000000	0.711000000
65.333333333	6.347000000	30.805000000	1082.460000000	0.709000000
65.416666667	6.322000000	30.670000000	1082.610000000	0.702000000
65.500000000	6.298000000	30.540000000	1082.710000000	0.699000000
65.583333333	6.275000000	30.404000000	1082.840000000	0.696000000
65.666666667	6.250000000	30.273000000	1082.940000000	0.694000000
65.750000000	6.225000000	30.134000000	1083.070000000	0.694000000
65.833333333	6.199000000	29.994000000	1083.180000000	0.689000000
65.916666667	6.176000000	29.858000000	1083.330000000	0.689000000
66.000000000	6.152000000	29.716000000	1083.440000000	0.686000000
66.083333333	6.122000000	29.584000000	1083.600000000	0.681000000
66.166666667	6.098000000	29.446000000	1083.730000000	0.679000000
66.250000000	6.077000000	29.316000000	1083.820000000	0.678000000
66.333333333	6.054000000	29.181000000	1083.970000000	0.673000000
66.416666667	6.028000000	29.040000000	1084.100000000	0.670000000
66.500000000	6.000000000	28.906000000	1084.220000000	0.669000000
66.583333333	5.977000000	28.773000000	1084.390000000	0.668000000
66.666666667	5.951000000	28.637000000	1084.560000000	0.668000000
66.750000000	5.923000000	28.504000000	1084.680000000	0.666000000
66.833333333	5.893000000	28.371000000	1084.820000000	0.664000000
66.916666667	5.863000000	28.235000000	1084.990000000	0.662000000
67.000000000	5.835000000	28.104000000	1085.140000000	0.657000000
67.083333333	5.806000000	27.975000000	1085.280000000	0.656000000
67.166666667	5.781000000	27.842000000	1085.430000000	0.652000000
67.250000000	5.756000000	27.711000000	1085.560000000	0.647000000
67.333333333	5.730000000	27.580000000	1085.730000000	0.648000000
67.416666667	5.701000000	27.451000000	1085.880000000	0.642000000
67.500000000	5.675000000	27.323000000	1085.990000000	0.642000000
67.583333333	5.651000000	27.191000000	1086.170000000	0.638000000
67.666666667	5.622000000	27.071000000	1086.330000000	0.634000000
67.750000000	5.595000000	26.945000000	1086.480000000	0.629000000
67.833333333	5.566000000	26.820000000	1086.590000000	0.627000000
67.916666667	5.540000000	26.689000000	1086.760000000	0.626000000
68.000000000	5.511000000	26.565000000	1086.940000000	0.624000000
68.083333333	5.483000000	26.445000000	1087.100000000	0.621000000
68.166666667	5.457000000	26.320000000	1087.250000000	0.619000000
68.250000000	5.427000000	26.200000000	1087.390000000	0.616000000
68.333333333	5.399000000	26.082000000	1087.550000000	0.613000000
68.416666667	5.372000000	25.957000000	1087.750000000	0.613000000
68.500000000	5.346000000	25.838000000	1087.920000000	0.611000000
68.583333333	5.318000000	25.718000000	1088.090000000	0.604000000
68.666666667	5.289000000	25.598000000	1088.240000000	0.607000000
68.750000000	5.258000000	25.477000000	1088.400000000	0.601000000
68.833333333	5.231000000	25.363000000	1088.580000000	0.598000000
68.916666667	5.202000000	25.249000000	1088.730000000	0.594000000
69.000000000	5.176000000	25.136000000	1088.930000000	0.593000000
69.083333333	5.148000000	25.016000000	1089.630000000	0.594000000
69.166666667	5.115000000	24.901000000	1089.300000000	0.588000000
69.250000000	5.086000000	24.786000000	1089.470000000	0.581000000
69.333333333	5.054000000	24.673000000	1089.640000000	0.579000000
69.416666667	5.023000000	24.560000000	1089.800000000	0.573000000
69.500000000	4.997000000	24.450000000	1089.980000000	0.572000000
69.583333333	4.970000000	24.338000000	1090.170000000	0.572000000
69.666666667	4.940000000	24.225000000	1090.340000000	0.567000000
69.750000000	4.909000000	24.114000000	1090.540000000	0.561000000
69.833333333	4.881000000	24.005000000	1090.700000000	0.559000000
69.916666667	4.853000000	23.896000000	1090.890000000	0.558000000
70.000000000	4.822000000	23.787000000	1091.060000000	0.552000000
70.083333333	4.793000000	23.681000000	1091.290000000	0.552000000
70.166666667	4.767000000	23.566000000	1091.450000000	0.548000000
70.250000000	4.735000000	23.465000000	1091.650000000	0.549000000
70.333333333	4.708000000	23.360000000	1091.840000000	0.546000000
70.416666667	4.678000000	23.250000000	1092.060000000	0.543000000
70.500000000	4.647000000	23.139000000	1092.220000000	0.539000000
70.583333333	4.614000000	23.038000000	1092.430000000	0.536000000
70.666666667	4.586000000	22.931000000	1092.610000000	0.533000000
70.750000000	4.556000000	22.831000000	1092.820000000	0.531000000
70.833333333	4.528000000	22.728000000	1093.030000000	0.528000000
70.916666667	4.498000000	22.625000000	1093.230000000	0.529000000
71.000000000	4.472000000	22.516000000	1093.430000000	0.524000000
71.083333333	4.442000000	22.418000000	1093.630000000	0.521000000
71.166666667	4.414000000	22.319000000	1093.830000000	0.519000000
71.250000000	4.384000000	22.217000000	1094.040000000	0.513000000
71.333333333	4.356000000	22.118000000	1094.250000000	0.516000000
71.416666667	4.327000000	22.020000000	1094.430000000	0.509000000
71.500000000	4.293000000	21.919000000	1094.670000000	0.502000000
71.583333333	4.268000000	21.824000000	1094.850000000	0.499000000
71.666666667	4.242000000	21.724000000	1095.070000000	0.496000000
71.750000000	4.214000000	21.627000000	1095.260000000	0.495000000
71.833333333	4.187000000	21.528000000	1095.460000000	0.491000000
71.916666667	4.157000000	21.436000000	1095.670000000	0.488000000
72.000000000	4.129000000	21.338000000	1096.290000000	0.486000000
72.083333333	4.101000000	21.239000000	1096.080000000	0.483000000
72.166666667	4.071000000	21.146000000	1096.290000000	0.481000000
72.250000000	4.044000000	21.052000000	1096.490000000	0.479000000
72.333333333	4.021000000	20.951000000	1096.720000000	0.477000000
72.416666667	3.990000000	20.860000000	1096.920000000	0.477000000
72.500000000	3.962000000	20.765000000	1097.140000000	0.471000000
72.583333333	3.935000000	20.672000000	1097.350000000	0.468000000
72.666666667	3.906000000	20.580000000	1097.600000000	0.466000000
72.750000000	3.879000000	20.486000000	1097.820000000	0.464000000
72.833333333	3.851000000	20.396000000	1098.020000000	0.460000000
72.916666667	3.823000000	20.305000000	1098.230000000	0.458000000
73.000000000	3.799000000	20.215000000	1098.430000000	0.454000000
73.083333333	3.773000000	20.121000000	1098.670000000	0.451000000
73.166666667	3.747000000	20.030000000	1098.890000000	0.449000000
73.250000000	3.720000000	19.939000000	1099.120000000	0.444000000
73.333333333	3.692000000	19.850000000	1099.330000000	0.444000000
73.416666667	3.665000000	19.761000000	1099.560000000	0.439000000
73.500000000	3.643000000	19.666000000	1099.800000000	0.438000000
73.583333333	3.619000000	19.585000000	1099.990000000	0.434000000
73.666666667	3.596000000	19.499000000	1100.240000000	0.432000000
73.750000000	3.568000000	19.407000000	1100.470000000	0.432000000
73.833333333	3.541000000	19.319000000	1100.740000000	0.431000000
73.916666667	3.514000000	19.229000000	1100.990000000	0.424000000
74.000000000	3.486000000	19.144000000	1101.230000000	0.427000000
74.083333333	3.457000000	19.058000000	1101.490000000	0.421000000
74.166666667	3.432000000	18.969000000	1101.720000000	0.413000000
74.250000000	3.406000000	18.884000000	1101.960000000	0.413000000
74.333333333	3.381000000	18.799000000	1102.220000000	0.412000000
74.416666667	3.359000000	18.711000000	1102.460000000	0.411000000
74.500000000	3.333000000	18.628000000	1102.690000000	0.406000000
74.583333333	3.309000000	18.541000000	1102.950000000	0.408000000
74.666666667	3.285000000	18.456000000	1103.190000000	0.403000000
74.750000000	3.261000000	18.376000000	1103.440000000	0.403000000
74.833333333	3.237000000	18.291000000	1103.650000000	0.401000000
74.916666667	3.216000000	18.207000000	1103.860000000	0.397000000
75.000000000	3.196000000	18.127000000	1104.090000000	0.394000000
75.083333333	3.176000000	18.040000000	1104.290000000	0.391000000
75.166666667	3.156000000	17.962000000	1104.510000000	0.391000000
75.250000000	3.137000000	17.875000000	1104.760000000	0.386000000
75.333333333	3.117000000	17.794000000	1104.940000000	0.383000000
75.416666667	3.097000000	17.707000000	1105.190000000	0.386000000
75.500000000	3.074000000	17.633000000	1105.430000000	0.379000000
75.583333333	3.053000000	17.554000000	1105.670000000	0.380000000
75.666666667	3.032000000	17.474000000	1105.940000000	0.381000000
75.750000000	3.012000000	17.390000000	1106.190000000	0.377000000
75.833333333	2.992000000	17.311000000	1106.460000000	0.374000000
75.916666667	2.971000000	17.227000000	1106.700000000	0.371000000
76.000000000	2.950000000	17.148000000	1106.960000000	0.368000000
76.083333333	2.927000000	17.066000000	1107.250000000	0.367000000
76.166666667	2.901000000	16.984000000	1107.510000000	0.363000000
76.250000000	2.883000000	16.904000000	1107.800000000	0.362000000
76.333333333	2.863000000	16.824000000	1108.080000000	0.362000000
76.416666667	2.843000000	16.742000000	1108.360000000	0.359000000
76.500000000	2.823000000	16.667000000	1108.620000000	0.357000000
76.583333333	2.801000000	16.583000000	1108.880000000	0.354000000
76.666666667	2.782000000	16.506000000	1109.150000000	0.349000000
76.750000000	2.764000000	16.425000000	1109.420000000	0.348000000
76.833333333	2.747000000	16.350000000	1109.720000000	0.349000000
76.916666667	2.726000000	16.268000000	1109.980000000	0.346000000
77.000000000	2.708000000	16.195000000	1110.270000000	0.346000000
77.083333333	2.695000000	16.116000000	1110.550000000	0.343000000
77.166666667	2.674000000	16.041000000	1110.740000000	0.344000000
77.250000000	2.661000000	15.960000000	1110.980000000	0.342000000
77.333333333	2.642000000	15.887000000	1111.270000000	0.342000000
77.416666667	2.626000000	15.807000000	1111.570000000	0.342000000
77.500000000	2.609000000	15.731000000	1111.870000000	0.334000000
77.583333333	2.595000000	15.660000000	1112.690000000	0.333000000
77.666666667	2.577000000	15.580000000	1112.440000000	0.331000000
77.750000000	2.562000000	15.510000000	1112.730000000	0.328000000
77.833333333	2.547000000	15.435000000	1113.460000000	0.327000000
77.916666667	2.532000000	15.360000000	1113.300000000	0.326000000
78.000000000	2.516000000	15.287000000	1113.570000000	0.326000000
78.083333333	2.499000000	15.214000000	1113.850000000	0.326000000
78.166666667	2.486000000	15.139000000	1114.190000000	0.324000000
78.250000000	2.470000000	15.070000000	1114.490000000	0.323000000
78.333333333	2.457000000	14.994000000	1115.320000000	0.322000000
78.416666667	2.442000000	14.917000000	1115.100000000	0.322000000
78.500000000	2.429000000	14.849000000	1115.340000000	0.320000000
78.583333333	2.418000000	14.780000000	1115.640000000	0.314000000
78.666666667	2.404000000	14.709000000	1115.930000000	0.313000000
78.750000000	2.393000000	14.639000000	1116.270000000	0.313000000
78.833333333	2.378000000	14.564000000	1116.590000000	0.311000000
78.916666667	2.368000000	14.494000000	1116.880000000	0.311000000
79.000000000	2.358000000	14.426000000	1117.130000000	0.311000000
79.083333333	2.348000000	14.353000000	1117.420000000	0.308000000
79.166666667	2.332000000	14.284000000	1117.770000000	0.308000000
79.250000000	2.321000000	14.211000000	1118.100000000	0.307000000
79.333333333	2.308000000	14.145000000	1118.480000000	0.306000000
79.416666667	2.294000000	14.074000000	1118.830000000	0.303000000
79.500000000	2.285000000	14.003000000	1119.130000000	0.302000000
79.583333333	2.277000000	13.931000000	1119.490000000	0.297000000
79.666666667	2.266000000	13.864000000	1119.810000000	0.299000000
79.750000000	2.256000000	13.792000000	1120.180000000	0.297000000
79.833333333	2.248000000	13.720000000	1120.550000000	0.301000000
79.916666667	2.237000000	13.650000000	1120.950000000	0.301000000
80.000000000	2.228000000	13.584000000	1121.300000000	0.298000000
80.083333333	2.217000000	13.512000000	1122.130000000	0.298000000
80.166666667	2.207000000	13.445000000	1122.250000000	0.293000000
80.250000000	2.197000000	13.373000000	1122.640000000	0.292000000
80.333333333	2.191000000	13.307000000	1123.130000000	0.289000000
80.416666667	2.180000000	13.232000000	1123.630000000	0.291000000
80.500000000	2.170000000	13.165000000	1124.180000000	0.287000000
80.583333333	2.158000000	13.097000000	1124.770000000	0.289000000
80.666666667	2.149000000	13.031000000	1125.320000000	0.291000000
80.750000000	2.138000000	12.966000000	1125.980000000	0.289000000
80.833333333	2.129000000	12.898000000	1126.560000000	0.288000000
80.916666667	2.121000000	12.833000000	1127.200000000	0.287000000
81.000000000	2.111000000	12.763000000	1127.860000000	0.283000000
81.083333333	2.104000000	12.694000000	1128.510000000	0.283000000
81.166666667	2.095000000	12.632000000	1129.240000000	0.283000000
81.250000000	2.086000000	12.567000000	1129.950000000	0.281000000
81.333333333	2.078000000	12.507000000	1130.660000000	0.280000000
81.416666667	2.070000000	12.443000000	1131.600000000	0.277000000
81.500000000	2.061000000	12.383000000	1132.430000000	0.278000000
81.583333333	2.054000000	12.319000000	1133.290000000	0.278000000
81.666666667	2.046000000	12.257000000	1134.200000000	0.276000000
81.750000000	2.041000000	12.197000000	1135.090000000	0.272000000
81.833333333	2.032000000	12.138000000	1135.920000000	0.274000000
81.916666667	2.027000000	12.078000000	1136.840000000	0.274000000
82.000000000	2.021000000	12.022000000	1137.730000000	0.273000000
82.083333333	2.011000000	11.963000000	1138.660000000	0.272000000
82.166666667	2.005000000	11.910000000	1139.630000000	0.271000000
82.250000000	1.998000000	11.857000000	1140.610000000	0.271000000
82.333333333	1.994000000	11.797000000	1141.580000000	0.269000000
82.416666667	1.986000000	11.743000000	1142.500000000	0.271000000
82.500000000	1.982000000	11.691000000	1142.980000000	0.268000000
82.583333333	1.981000000	11.638000000	1144.160000000	0.272000000
82.666666667	1.967000000	11.583000000	1145.380000000	0.272000000
82.750000000	1.962000000	11.540000000	1146.480000000	0.271000000
82.833333333	1.955000000	11.486000000	1147.570000000	0.267000000
82.916666667	1.950000000	11.438000000	1148.630000000	0.266000000
83.000000000	1.944000000	11.392000000	1149.790000000	0.264000000
83.083333333	1.941000000	11.345000000	1150.820000000	0.264000000
83.166666667	1.934000000	11.299000000	1151.820000000	0.263000000
83.250000000	1.930000000	11.251000000	1152.840000000	0.263000000
83.333333333	1.925000000	11.206000000	1153.820000000	0.263000000
83.416666667	1.918000000	11.160000000	1154.870000000	0.264000000
83.500000000	1.913000000	11.119000000	1155.890000000	0.263000000
83.583333333	1.909000000	11.081000000	1156.910000000	0.262000000
83.666666667	1.905000000	11.035000000	1157.850000000	0.264000000
83.750000000	1.900000000	10.996000000	1158.790000000	0.262000000
83.833333333	1.895000000	10.955000000	1159.770000000	0.262000000
83.916666667	1.889000000	10.916000000	1161.040000000	0.259000000
84.000000000	1.885000000	10.877000000	1161.490000000	0.260000000
84.083333333	1.883000000	10.842000000	1162.390000000	0.259000000
84.166666667	1.881000000	10.801000000	1162.590000000	0.259000000
84.250000000	1.880000000	10.770000000	1162.660000000	0.259000000
84.333333333	1.877000000	10.734000000	1163.050000000	0.263000000
84.416666667	1.875000000	10.701000000	1163.510000000	0.258000000
84.500000000	1.872000000	10.671000000	1164.120000000	0.258000000
84.583333333	1.868000000	10.640000000	1164.740000000	0.259000000
84.666666667	1.866000000	10.600000000	1165.350000000	0.259000000
84.750000000	1.862000000	10.572000000	1166.070000000	0.257000000
84.833333333	1.859000000	10.541000000	1167.080000000	0.254000000
84.916666667	1.854000000	10.511000000	1167.340000000	0.255000000
85.000000000	1.850000000	10.482000000	1167.980000000	0.254000000
85.083333333	1.848000000	10.454000000	1168.650000000	0.254000000
85.166666667	1.846000000	10.426000000	1169.290000000	0.257000000
85.250000000	1.843000000	10.399000000	1169.900000000	0.253000000
85.333333333	1.841000000	10.371000000	1170.480000000	0.254000000
85.416666667	1.838000000	10.348000000	1171.080000000	0.254000000
85.500000000	1.835000000	10.316000000	1171.660000000	0.253000000
85.583333333	1.832000000	10.296000000	1172.230000000	0.254000000
85.666666667	1.830000000	10.270000000	1172.760000000	0.253000000
85.750000000	1.827000000	10.244000000	1173.330000000	0.253000000
85.833333333	1.825000000	10.224000000	1173.920000000	0.254000000
85.916666667	1.821000000	10.199000000	1174.460000000	0.252000000
86.000000000	1.820000000	10.173000000	1175.000000000	0.250000000
86.083333333	1.816000000	10.154000000	1175.460000000	0.252000000
86.166666667	1.815000000	10.133000000	1175.950000000	0.251000000
86.250000000	1.816000000	10.113000000	1176.430000000	0.251000000
86.333333333	1.815000000	10.094000000	1176.860000000	0.252000000
86.416666667	1.811000000	10.073000000	1177.300000000	0.254000000
86.500000000	1.808000000	10.056000000	1177.690000000	0.254000000
86.583333333	1.806000000	10.034000000	1178.140000000	0.251000000
86.666666667	1.802000000	10.019000000	1178.530000000	0.251000000
86.750000000	1.799000000	10.004000000	1178.950000000	0.249000000
86.833333333	1.796000000	9.986000000	1179.340000000	0.249000000
86.916666667	1.796000000	9.966000000	1179.700000000	0.249000000
87.000000000	1.796000000	9.950000000	1180.110000000	0.248000000
87.083333333	1.792000000	9.936000000	1180.470000000	0.249000000
87.166666667	1.791000000	9.919000000	1181.150000000	0.247000000
87.250000000	1.787000000	9.906000000	1181.150000000	0.248000000
87.333333333	1.786000000	9.891000000	1181.520000000	0.249000000
87.416666667	1.783000000	9.880000000	1181.820000000	0.244000000
87.500000000	1.782000000	9.864000000	1182.110000000	0.248000000
87.583333333	1.782000000	9.850000000	1182.430000000	0.249000000
87.666666667	1.782000000	9.841000000	1182.740000000	0.249000000
87.750000000	1.781000000	9.824000000	1183.080000000	0.247000000
87.833333333	1.778000000	9.815000000	1183.390000000	0.251000000
87.916666667	1.775000000	9.804000000	1183.720000000	0.248000000
88.000000000	1.773000000	9.791000000	1184.050000000	0.247000000
88.083333333	1.774000000	9.783000000	1184.340000000	0.246000000
88.166666667	1.773000000	9.773000000	1184.660000000	0.248000000
88.250000000	1.772000000	9.761000000	1185.000000000	0.245000000
88.333333333	1.769000000	9.748000000	1185.340000000	0.247000000
88.416666667	1.769000000	9.744000000	1185.630000000	0.247000000
88.500000000	1.766000000	9.733000000	1185.940000000	0.247000000
88.583333333	1.766000000	9.723000000	1186.200000000	0.246000000
88.666666667	1.762000000	9.717000000	1186.500000000	0.247000000
88.750000000	1.761000000	9.710000000	1186.750000000	0.246000000
88.833333333	1.760000000	9.700000000	1187.010000000	0.243000000
88.916666667	1.758000000	9.697000000	1187.280000000	0.246000000
89.000000000	1.757000000	9.686000000	1187.530000000	0.243000000
89.083333333	1.757000000	9.679000000	1187.790000000	0.244000000
89.166666667	1.756000000	9.673000000	1188.010000000	0.244000000
89.250000000	1.753000000	9.670000000	1188.240000000	0.246000000
89.333333333	1.752000000	9.660000000	1188.440000000	0.246000000
89.416666667	1.752000000	9.656000000	1188.650000000	0.245000000
89.500000000	1.751000000	9.650000000	1188.890000000	0.243000000
89.583333333	1.750000000	9.644000000	1189.130000000	0.246000000
89.666666667	1.750000000	9.643000000	1189.350000000	0.244000000
89.750000000	1.748000000	9.631000000	1189.580000000	0.243000000
89.833333333	1.748000000	9.633000000	1189.850000000	0.244000000
89.916666667	1.746000000	9.623000000	1190.100000000	0.246000000
90.000000000	1.743000000	9.623000000	1190.310000000	0.244000000
90.083333333	1.742000000	9.616000000	1190.560000000	0.246000000
90.166666667	1.742000000	9.611000000	1190.770000000	0.243000000
90.250000000	1.740000000	9.610000000	1191.010000000	0.244000000
90.333333333	1.738000000	9.605000000	1191.200000000	0.242000000
90.416666667	1.739000000	9.602000000	1191.370000000	0.243000000
90.500000000	1.739000000	9.596000000	1191.570000000	0.244000000
90.583333333	1.738000000	9.594000000	1191.770000000	0.244000000
90.666666667	1.736000000	9.591000000	1191.950000000	0.244000000
90.750000000	1.736000000	9.590000000	1192.090000000	0.246000000
90.833333333	1.733000000	9.586000000	1192.270000000	0.243000000
90.916666667	1.732000000	9.585000000	1192.480000000	0.242000000
91.000000000	1.732000000	9.581000000	1192.650000000	0.242000000
91.083333333	1.731000000	9.579000000	1192.800000000	0.240000000
91.166666667	1.730000000	9.577000000	1192.950000000	0.241000000
91.250000000	1.730000000	9.575000000	1193.090000000	0.243000000
91.333333333	1.728000000	9.574000000	1193.250000000	0.242000000
91.416666667	1.728000000	9.573000000	1193.430000000	0.243000000
91.500000000	1.725000000	9.569000000	1193.620000000	0.243000000
91.583333333	1.726000000	9.571000000	1193.820000000	0.242000000
91.666666667	1.726000000	9.566000000	1194.040000000	0.239000000
91.750000000	1.723000000	9.565000000	1194.210000000	0.241000000
91.833333333	1.722000000	9.565000000	1194.440000000	0.238000000
91.916666667	1.724000000	9.565000000	1194.600000000	0.241000000
92.000000000	1.720000000	9.563000000	1194.790000000	0.239000000
92.083333333	1.719000000	9.563000000	1195.460000000	0.241000000
92.166666667	1.717000000	9.563000000	1195.160000000	0.239000000
92.250000000	1.719000000	9.565000000	1195.310000000	0.238000000
92.333333333	1.716000000	9.565000000	1195.490000000	0.241000000
92.416666667	1.717000000	9.563000000	1195.600000000	0.239000000
92.500000000	1.716000000	9.564000000	1195.780000000	0.239000000
92.583333333	1.713000000	9.563000000	1195.930000000	0.241000000
92.666666667	1.716000000	9.565000000	1196.080000000	0.242000000
92.750000000	1.714000000	9.565000000	1196.230000000	0.240000000
92.833333333	1.713000000	9.564000000	1196.350000000	0.239000000
92.916666667	1.713000000	9.563000000	1196.490000000	0.241000000
93.000000000	1.713000000	9.563000000	1196.650000000	0.243000000
93.083333333	1.712000000	9.565000000	1196.770000000	0.241000000
93.166666667	1.711000000	9.562000000	1196.900000000	0.241000000
93.250000000	1.709000000	9.568000000	1197.030000000	0.239000000
93.333333333	1.708000000	9.569000000	1197.160000000	0.239000000
93.416666667	1.707000000	9.569000000	1197.320000000	0.239000000
93.500000000	1.708000000	9.568000000	1197.410000000	0.239000000
93.583333333	1.707000000	9.570000000	1197.490000000	0.238000000
93.666666667	1.707000000	9.568000000	1197.660000000	0.237000000
93.750000000	1.708000000	9.572000000	1197.770000000	0.238000000
93.833333333	1.707000000	9.573000000	1197.920000000	0.237000000
93.916666667	1.703000000	9.572000000	1198.000000000	0.239000000
94.000000000	1.704000000	9.575000000	1198.090000000	0.239000000
94.083333333	1.701000000	9.577000000	1198.200000000	0.239000000
94.166666667	1.701000000	9.575000000	1198.310000000	0.237000000
94.250000000	1.704000000	9.580000000	1198.470000000	0.238000000
94.333333333	1.704000000	9.583000000	1198.490000000	0.237000000
94.416666667	1.702000000	9.585000000	1198.610000000	0.237000000
94.500000000	1.701000000	9.583000000	1198.700000000	0.234000000
94.583333333	1.700000000	9.586000000	1198.790000000	0.236000000
94.666666667	1.699000000	9.588000000	1198.900000000	0.239000000
94.750000000	1.699000000	9.588000000	1198.950000000	0.237000000
94.833333333	1.700000000	9.591000000	1199.030000000	0.238000000
94.916666667	1.698000000	9.591000000	1199.140000000	0.239000000
95.000000000	1.699000000	9.594000000	1199.170000000	0.241000000
95.083333333	1.699000000	9.595000000	1199.310000000	0.239000000
95.166666667	1.697000000	9.600000000	1199.400000000	0.238000000
95.250000000	1.697000000	9.600000000	1199.480000000	0.238000000
95.333333333	1.696000000	9.603000000	1199.530000000	0.238000000
95.416666667	1.696000000	9.604000000	1199.630000000	0.238000000
95.500000000	1.696000000	9.605000000	1199.740000000	0.236000000
95.583333333	1.698000000	9.604000000	1199.810000000	0.237000000
95.666666667	1.696000000	9.605000000	1199.890000000	0.238000000
95.750000000	1.694000000	9.609000000	1199.910000000	0.238000000
95.833333333	1.695000000	9.613000000	1200.040000000	0.237000000
95.916666667	1.694000000	9.615000000	1200.070000000	0.237000000
96.000000000	1.693000000	9.617000000	1200.140000000	0.233000000
96.083333333	1.692000000	9.618000000	1200.190000000	0.232000000
96.166666667	1.694000000	9.624000000	1200.290000000	0.234000000
96.250000000	1.694000000	9.623000000	1200.340000000	0.236000000
96.333333333	1.694000000	9.624000000	1200.400000000	0.237000000
96.416666667	1.694000000	9.624000000	1200.510000000	0.238000000
96.500000000	1.695000000	9.623000000	1200.560000000	0.240000000
96.583333333	1.692000000	9.630000000	1200.650000000	0.236000000
96.666666667	1.691000000	9.630000000	1200.700000000	0.236000000
96.750000000	1.691000000	9.633000000	1200.750000000	0.236000000
96.833333333	1.691000000	9.634000000	1200.840000000	0.238000000
96.916666667	1.689000000	9.636000000	1200.940000000	0.235000000
97.000000000	1.692000000	9.637000000	1200.970000000	0.236000000
97.083333333	1.692000000	9.638000000	1201.030000000	0.238000000
97.166666667	1.691000000	9.640000000	1201.070000000	0.237000000
97.250000000	1.690000000	9.641000000	1201.150000000	0.234000000
97.333333333	1.689000000	9.645000000	1201.170000000	0.237000000
97.416666667	1.687000000	9.647000000	1201.220000000	0.233000000
97.500000000	1.686000000	9.652000000	1201.270000000	0.236000000
97.583333333	1.689000000	9.652000000	1201.310000000	0.236000000
97.666666667	1.687000000	9.652000000	1201.360000000	0.236000000
97.750000000	1.688000000	9.651000000	1201.400000000	0.236000000
97.833333333	1.688000000	9.655000000	1201.480000000	0.237000000
97.916666667	1.685000000	9.657000000	1201.540000000	0.237000000
98.000000000	1.687000000	9.658000000	1201.640000000	0.237000000
98.083333333	1.686000000	9.660000000	1201.660000000	0.237000000
98.166666667	1.686000000	9.660000000	1201.700000000	0.235000000
98.250000000	1.687000000	9.663000000	1201.760000000	0.239000000
98.333333333	1.686000000	9.664000000	1201.800000000	0.241000000
98.416666667	1.684000000	9.664000000	1201.850000000	0.242000000
98.500000000	1.685000000	9.664000000	1201.930000000	0.241000000
98.583333333	1.685000000	9.670000000	1201.990000000	0.239000000
98.666666667	1.684000000	9.669000000	1202.390000000	0.238000000
98.750000000	1.684000000	9.670000000	1202.050000000	0.239000000
98.833333333	1.684000000	9.672000000	1202.170000000	0.239000000
98.916666667	1.684000000	9.675000000	1202.220000000	0.234000000
99.000000000	1.685000000	9.677000000	1202.220000000	0.239000000
99.083333333	1.683000000	9.676000000	1202.240000000	0.237000000
99.166666667	1.686000000	9.675000000	1202.320000000	0.238000000
99.250000000	1.687000000	9.678000000	1202.380000000	0.241000000
99.333333333	1.683000000	9.680000000	1202.420000000	0.242000000
99.416666667	1.684000000	9.684000000	1202.500000000	0.238000000
99.500000000	1.685000000	9.683000000	1202.510000000	0.239000000
99.583333333	1.684000000	9.681000000	1202.530000000	0.239000000
99.666666667	1.681000000	9.684000000	1202.540000000	0.238000000
99.750000000	1.684000000	9.684000000	1202.600000000	0.238000000
99.833333333	1.682000000	9.686000000	1202.670000000	0.237000000
99.916666667	1.680000000	9.684000000	1202.750000000	0.236000000
100.000000000	1.680000000	9.684000000	1202.780000000	0.237000000
100.083333333	1.681000000	9.689000000	1202.860000000	0.238000000
100.166666667	1.679000000	9.692000000	1202.910000000	0.238000000
100.250000000	1.680000000	9.695000000	1202.950000000	0.236000000
100.333333333	1.680000000	9.693000000	1203.000000000	0.238000000
100.416666667	1.680000000	9.691000000	1203.820000000	0.237000000
100.500000000	1.679000000	9.697000000	1203.750000000	0.237000000
100.583333333	1.678000000	9.698000000	1203.150000000	0.233000000
100.666666667	1.678000000	9.697000000	1203.180000000	0.234000000
100.750000000	1.680000000	9.702000000	1203.890000000	0.233000000
100.833333333	1.681000000	9.700000000	1203.300000000	0.234000000
100.916666667	1.680000000	9.701000000	1203.330000000	0.234000000
101.000000000	1.681000000	9.704000000	1203.380000000	0.236000000
101.083333333	1.678000000	9.705000000	1203.420000000	0.238000000
101.166666667	1.678000000	9.705000000	1203.430000000	0.237000000
101.250000000	1.677000000	9.707000000	1203.450000000	0.238000000
101.333333333	1.677000000	9.704000000	1203.490000000	0.237000000
101.416666667	1.678000000	9.704000000	1203.520000000	0.237000000
101.500000000	1.677000000	9.704000000	1203.540000000	0.237000000
101.583333333	1.677000000	9.709000000	1203.590000000	0.236000000
101.666666667	1.678000000	9.710000000	1203.600000000	0.238000000
101.750000000	1.676000000	9.712000000	1203.670000000	0.236000000
101.833333333	1.678000000	9.708000000	1203.670000000	0.237000000
101.916666667	1.676000000	9.713000000	1203.690000000	0.237000000
102.000000000	1.675000000	9.713000000	1203.730000000	0.236000000
102.083333333	1.677000000	9.714000000	1203.770000000	0.237000000
102.166666667	1.676000000	9.711000000	1203.830000000	0.238000000
102.250000000	1.675000000	9.713000000	1203.860000000	0.236000000
102.333333333	1.676000000	9.716000000	1203.880000000	0.234000000
102.416666667	1.676000000	9.718000000	1203.950000000	0.239000000
102.500000000	1.675000000	9.716000000	1203.960000000	0.236000000
102.583333333	1.676000000	9.720000000	1203.980000000	0.234000000
102.666666667	1.675000000	9.719000000	1204.020000000	0.238000000
102.750000000	1.673000000	9.719000000	1204.070000000	0.241000000
102.833333333	1.674000000	9.719000000	1204.120000000	0.238000000
102.916666667	1.674000000	9.720000000	1204.190000000	0.237000000
103.000000000	1.674000000	9.718000000	1204.220000000	0.241000000
103.083333333	1.674000000	9.723000000	1204.230000000	0.238000000
103.166666667	1.672000000	9.723000000	1204.270000000	0.238000000
103.250000000	1.668000000	9.716000000	1204.390000000	0.238000000
103.333333333	1.668000000	9.713000000	1204.550000000	0.230000000
103.416666667	1.663000000	9.708000000	1204.750000000	0.231000000
103.500000000	1.660000000	9.700000000	1204.950000000	0.226000000
103.583333333	1.658000000	9.694000000	1205.220000000	0.224000000
103.666666667	1.653000000	9.680000000	1205.380000000	0.221000000
103.750000000	1.651000000	9.676000000	1205.650000000	0.219000000
103.833333333	1.647000000	9.672000000	1205.920000000	0.218000000
103.916666667	1.641000000	9.663000000	1206.150000000	0.217000000
104.000000000	1.640000000	9.661000000	1206.390000000	0.215000000
104.083333333	1.637000000	9.655000000	1206.620000000	0.213000000
104.166666667	1.635000000	9.651000000	1206.850000000	0.211000000
104.250000000	1.631000000	9.648000000	1207.020000000	0.212000000
104.333333333	1.629000000	9.643000000	1207.230000000	0.209000000
104.416666667	1.626000000	9.644000000	1207.490000000	0.209000000
104.500000000	1.623000000	9.644000000	1207.640000000	0.207000000
104.583333333	1.622000000	9.641000000	1207.840000000	0.208000000
104.666666667	1.617000000	9.640000000	1208.000000000	0.208000000
104.750000000	1.617000000	9.639000000	1208.190000000	0.206000000
104.833333333	1.616000000	9.630000000	1208.370000000	0.207000000
104.916666667	1.615000000	9.621000000	1208.520000000	0.209000000
105.000000000	1.613000000	9.610000000	1208.670000000	0.209000000
105.083333333	1.611000000	9.593000000	1208.870000000	0.211000000
105.166666667	1.608000000	9.571000000	1209.090000000	0.208000000
105.250000000	1.603000000	9.548000000	1209.280000000	0.205000000
105.333333333	1.602000000	9.514000000	1209.470000000	0.208000000
105.416666667	1.601000000	9.471000000	1209.720000000	0.209000000
105.500000000	1.599000000	9.415000000	1209.990000000	0.208000000
105.583333333	1.599000000	9.344000000	1210.340000000	0.211000000
105.666666667	1.597000000	9.265000000	1210.700000000	0.208000000
105.750000000	1.591000000	9.174000000	1211.090000000	0.208000000
105.833333333	1.589000000	9.069000000	1211.580000000	0.206000000
105.916666667	1.586000000	8.954000000	1212.140000000	0.206000000
106.000000000	1.585000000	8.829000000	1212.820000000	0.204000000
106.083333333	1.578000000	8.693000000	1213.480000000	0.204000000
106.166666667	1.576000000	8.546000000	1214.220000000	0.203000000
106.250000000	1.572000000	8.389000000	1215.090000000	0.204000000
106.333333333	1.567000000	8.234000000	1216.020000000	0.204000000
106.416666667	1.565000000	8.066000000	1216.960000000	0.204000000
106.500000000	1.557000000	7.906000000	1218.050000000	0.204000000
106.583333333	1.551000000	7.733000000	1219.190000000	0.203000000
106.666666667	1.545000000	7.563000000	1220.380000000	0.201000000
106.750000000	1.540000000	7.393000000	1221.620000000	0.201000000
106.833333333	1.536000000	7.218000000	1222.940000000	0.198000000
106.916666667	1.530000000	7.050000000	1224.300000000	0.201000000
107.000000000	1.523000000	6.879000000	1225.700000000	0.199000000
107.083333333	1.514000000	6.710000000	1227.140000000	0.201000000
107.166666667	1.509000000	6.540000000	1228.570000000	0.201000000
107.250000000	1.502000000	6.372000000	1230.040000000	0.198000000
107.333333333	1.495000000	6.206000000	1231.550000000	0.198000000
107.416666667	1.488000000	6.048000000	1233.000000000	0.197000000
107.500000000	1.483000000	5.886000000	1234.490000000	0.198000000
107.583333333	1.479000000	5.723000000	1236.000000000	0.196000000
107.666666667	1.471000000	5.564000000	1237.460000000	0.196000000
107.750000000	1.466000000	5.406000000	1238.990000000	0.195000000
107.833333333	1.457000000	5.253000000	1240.520000000	0.194000000
107.916666667	1.450000000	5.097000000	1242.100000000	0.192000000
108.000000000	1.446000000	4.947000000	1243.700000000	0.191000000
108.083333333	1.438000000	4.803000000	1245.230000000	0.192000000
108.166666667	1.434000000	4.654000000	1246.870000000	0.192000000
108.250000000	1.426000000	4.510000000	1248.470000000	0.189000000
108.333333333	1.421000000	4.369000000	1250.030000000	0.186000000
108.416666667	1.413000000	4.227000000	1251.620000000	0.186000000
108.500000000	1.407000000	4.089000000	1253.180000000	0.187000000
108.583333333	1.403000000	3.958000000	1254.750000000	0.184000000
108.666666667	1.396000000	3.821000000	1256.300000000	0.183000000
108.750000000	1.391000000	3.696000000	1257.870000000	0.186000000
108.833333333	1.387000000	3.573000000	1259.460000000	0.184000000
108.916666667	1.382000000	3.445000000	1261.000000000	0.184000000
109.000000000	1.376000000	3.330000000	1262.650000000	0.184000000
109.083333333	1.370000000	3.207000000	1264.130000000	0.182000000
109.166666667	1.366000000	3.096000000	1265.600000000	0.184000000
109.250000000	1.360000000	2.981000000	1267.160000000	0.179000000
109.333333333	1.354000000	2.873000000	1268.630000000	0.179000000
109.416666667	1.350000000	2.772000000	1270.140000000	0.178000000
109.500000000	1.347000000	2.673000000	1271.640000000	0.179000000
109.583333333	1.342000000	2.574000000	1273.040000000	0.180000000
109.666666667	1.336000000	2.476000000	1274.540000000	0.181000000
109.750000000	1.332000000	2.385000000	1275.960000000	0.179000000
109.833333333	1.328000000	2.297000000	1277.350000000	0.179000000
109.916666667	1.324000000	2.216000000	1278.660000000	0.177000000
110.000000000	1.321000000	2.135000000	1280.000000000	0.176000000
110.083333333	1.317000000	2.060000000	1281.280000000	0.177000000
110.166666667	1.315000000	1.990000000	1282.570000000	0.177000000
110.250000000	1.311000000	1.917000000	1283.870000000	0.178000000
110.333333333	1.309000000	1.856000000	1285.120000000	0.175000000
110.416666667	1.303000000	1.794000000	1286.290000000	0.174000000
110.500000000	1.299000000	1.739000000	1287.410000000	0.173000000
110.583333333	1.297000000	1.685000000	1288.590000000	0.175000000
110.666666667	1.293000000	1.635000000	1289.690000000	0.176000000
110.750000000	1.293000000	1.589000000	1290.720000000	0.175000000
110.833333333	1.290000000	1.540000000	1291.720000000	0.174000000
110.916666667	1.287000000	1.501000000	1292.720000000	0.174000000
111.000000000	1.284000000	1.470000000	1293.670000000	0.173000000
111.083333333	1.282000000	1.438000000	1294.520000000	0.171000000
111.166666667	1.279000000	1.406000000	1295.360000000	0.172000000
111.250000000	1.278000000	1.379000000	1296.200000000	0.171000000
111.333333333	1.274000000	1.354000000	1296.940000000	0.171000000
111.416666667	1.273000000	1.329000000	1297.650000000	0.171000000
111.500000000	1.274000000	1.314000000	1298.280000000	0.172000000
111.583333333	1.272000000	1.296000000	1298.920000000	0.171000000
111.666666667	1.271000000	1.280000000	1299.510000000	0.173000000
111.750000000	1.269000000	1.264000000	1300.040000000	0.168000000
111.833333333	1.266000000	1.251000000	1300.530000000	0.169000000
111.916666667	1.265000000	1.240000000	1300.990000000	0.169000000
112.000000000	1.265000000	1.232000000	1301.520000000	0.169000000
112.083333333	1.263000000	1.221000000	1301.940000000	0.168000000
112.166666667	1.265000000	1.211000000	1302.300000000	0.169000000
112.250000000	1.264000000	1.209000000	1302.670000000	0.172000000
112.333333333	1.262000000	1.200000000	1303.020000000	0.172000000
112.416666667	1.262000000	1.193000000	1303.360000000	0.172000000
112.500000000	1.258000000	1.193000000	1303.620000000	0.173000000
112.583333333	1.257000000	1.185000000	1303.870000000	0.172000000
112.666666667	1.258000000	1.181000000	1304.190000000	0.173000000
112.750000000	1.256000000	1.178000000	1304.410000000	0.172000000
112.833333333	1.257000000	1.174000000	1304.600000000	0.169000000
112.916666667	1.257000000	1.170000000	1304.860000000	0.169000000
113.000000000	1.256000000	1.167000000	1305.070000000	0.169000000
113.083333333	1.255000000	1.165000000	1305.180000000	0.174000000
113.166666667	1.255000000	1.164000000	1305.360000000	0.171000000
113.250000000	1.253000000	1.165000000	1305.500000000	0.171000000
113.333333333	1.254000000	1.161000000	1305.550000000	0.171000000
113.416666667	1.256000000	1.161000000	1305.710000000	0.168000000
113.500000000	1.256000000	1.164000000	1305.840000000	0.171000000
113.583333333	1.255000000	1.154000000	1305.980000000	0.170000000
113.666666667	1.254000000	1.157000000	1306.080000000	0.167000000
113.750000000	1.254000000	1.155000000	1306.240000000	0.168000000
113.833333333	1.252000000	1.155000000	1306.290000000	0.171000000
113.916666667	1.253000000	1.154000000	1306.320000000	0.169000000
114.000000000	1.253000000	1.154000000	1306.420000000	0.169000000
114.083333333	1.253000000	1.157000000	1306.440000000	0.168000000
114.166666667	1.254000000	1.151000000	1306.570000000	0.169000000
114.250000000	1.253000000	1.154000000	1306.630000000	0.170000000
114.333333333	1.254000000	1.149000000	1306.660000000	0.172000000
114.416666667	1.252000000	1.150000000	1306.770000000	0.171000000
114.500000000	1.253000000	1.151000000	1306.820000000	0.169000000
114.583333333	1.252000000	1.151000000	1306.860000000	0.171000000
114.666666667	1.251000000	1.152000000	1306.960000000	0.168000000
114.750000000	1.252000000	1.150000000	1306.980000000	0.170000000
114.833333333	1.254000000	1.150000000	1307.060000000	0.169000000
114.916666667	1.252000000	1.148000000	1307.210000000	0.163000000
115.000000000	1.251000000	1.149000000	1307.300000000	0.169000000
115.083333333	1.252000000	1.145000000	1307.350000000	0.169000000
115.166666667	1.251000000	1.148000000	1307.390000000	0.171000000
115.250000000	1.251000000	1.148000000	1307.470000000	0.171000000
115.333333333	1.250000000	1.149000000	1307.570000000	0.170000000
115.416666667	1.251000000	1.146000000	1307.610000000	0.169000000
115.500000000	1.253000000	1.145000000	1307.740000000	0.171000000
115.583333333	1.250000000	1.148000000	1307.740000000	0.169000000
115.666666667	1.249000000	1.148000000	1307.780000000	0.168000000
115.750000000	1.249000000	1.146000000	1307.790000000	0.169000000
115.833333333	1.249000000	1.148000000	1307.790000000	0.171000000
115.916666667	1.250000000	1.144000000	1307.890000000	0.170000000
116.000000000	1.250000000	1.145000000	1307.970000000	0.171000000
116.083333333	1.251000000	1.145000000	1308.060000000	0.172000000
116.166666667	1.253000000	1.145000000	1308.130000000	0.171000000
116.250000000	1.250000000	1.145000000	1308.150000000	0.169000000
116.333333333	1.249000000	1.145000000	1308.160000000	0.170000000
116.416666667	1.249000000	1.145000000	1308.230000000	0.169000000
116.500000000	1.250000000	1.144000000	1308.270000000	0.167000000
116.583333333	1.251000000	1.144000000	1308.320000000	0.168000000
116.666666667	1.251000000	1.147000000	1308.440000000	0.169000000
116.750000000	1.251000000	1.144000000	1308.470000000	0.170000000
116.833333333	1.249000000	1.145000000	1308.590000000	0.170000000
116.916666667	1.249000000	1.145000000	1308.580000000	0.172000000
117.000000000	1.248000000	1.143000000	1308.620000000	0.167000000
117.083333333	1.247000000	1.144000000	1308.680000000	0.166000000
117.166666667	1.246000000	1.144000000	1308.760000000	0.168000000
117.250000000	1.247000000	1.145000000	1308.770000000	0.168000000
117.333333333	1.248000000	1.143000000	1308.790000000	0.168000000
117.416666667	1.248000000	1.145000000	1308.790000000	0.171000000
117.500000000	1.249000000	1.143000000	1308.860000000	0.171000000
117.583333333	1.249000000	1.142000000	1308.920000000	0.173000000
117.666666667	1.248000000	1.140000000	1308.900000000	0.172000000
117.750000000	1.248000000	1.141000000	1308.940000000	0.171000000
117.833333333	1.247000000	1.143000000	1309.040000000	0.173000000
117.916666667	1.248000000	1.143000000	1309.080000000	0.172000000
118.000000000	1.247000000	1.141000000	1309.100000000	0.170000000
118.083333333	1.251000000	1.144000000	1309.080000000	0.172000000
118.166666667	1.249000000	1.142000000	1309.130000000	0.171000000
118.250000000	1.248000000	1.143000000	1309.160000000	0.171000000
118.333333333	1.249000000	1.145000000	1309.300000000	0.169000000
118.416666667	1.247000000	1.143000000	1309.330000000	0.171000000
118.500000000	1.245000000	1.142000000	1309.390000000	0.172000000
118.583333333	1.247000000	1.139000000	1309.420000000	0.169000000
118.666666667	1.247000000	1.139000000	1309.470000000	0.170000000
118.750000000	1.247000000	1.141000000	1309.530000000	0.172000000
118.833333333	1.248000000	1.140000000	1309.530000000	0.169000000
118.916666667	1.246000000	1.139000000	1309.540000000	0.168000000
119.000000000	1.247000000	1.141000000	1309.660000000	0.168000000
119.083333333	1.246000000	1.140000000	1309.660000000	0.167000000
119.166666667	1.245000000	1.140000000	1309.690000000	0.168000000
119.250000000	1.244000000	1.143000000	1309.720000000	0.169000000
119.333333333	1.246000000	1.140000000	1309.710000000	0.167000000
119.416666667	1.248000000	1.139000000	1309.800000000	0.168000000
119.500000000	1.247000000	1.142000000	1309.750000000	0.169000000
119.583333333	1.246000000	1.139000000	1309.730000000	0.174000000
119.666666667	1.247000000	1.140000000	1309.780000000	0.171000000
119.750000000	1.246000000	1.140000000	1309.820000000	0.169000000
119.833333333	1.245000000	1.142000000	1309.750000000	0.168000000
119.916666667	1.245000000	1.141000000	1309.770000000	0.168000000
120.000000000	1.246000000	1.138000000	1309.760000000	0.169000000
120.083333333	1.246000000	1.139000000	1309.740000000	0.168000000
120.166666667	1.247000000	1.140000000	1309.830000000	0.171000000
120.250000000	1.246000000	1.140000000	1309.910000000	0.168000000
120.333333333	1.246000000	1.140000000	1309.900000000	0.169000000
120.416666667	1.246000000	1.138000000	1309.940000000	0.171000000
120.500000000	1.248000000	1.140000000	1309.910000000	0.172000000
120.583333333	1.246000000	1.139000000	1309.990000000	0.171000000
120.666666667	1.246000000	1.139000000	1310.010000000	0.171000000
120.750000000	1.247000000	1.140000000	1309.950000000	0.169000000
120.833333333	1.248000000	1.139000000	1309.980000000	0.168000000
120.916666667	1.246000000	1.138000000	1310.030000000	0.167000000
121.000000000	1.246000000	1.134000000	1310.020000000	0.166000000
121.083333333	1.245000000	1.138000000	1310.100000000	0.169000000
121.166666667	1.245000000	1.136000000	1310.090000000	0.169000000
121.250000000	1.244000000	1.139000000	1310.090000000	0.171000000
121.333333333	1.246000000	1.139000000	1310.100000000	0.171000000
121.416666667	1.246000000	1.139000000	1310.100000000	0.171000000
121.500000000	1.246000000	1.137000000	1310.100000000	0.172000000
121.583333333	1.248000000	1.140000000	1310.100000000	0.172000000
121.666666667	1.247000000	1.137000000	1310.140000000	0.168000000
121.750000000	1.245000000	1.138000000	1310.070000000	0.169000000
121.833333333	1.244000000	1.135000000	1310.100000000	0.169000000
121.916666667	1.245000000	1.139000000	1310.160000000	0.167000000
122.000000000	1.245000000	1.134000000	1310.240000000	0.170000000
122.083333333	1.245000000	1.139000000	1310.240000000	0.169000000
122.166666667	1.247000000	1.137000000	1310.290000000	0.169000000
122.250000000	1.245000000	1.136000000	1310.340000000	0.169000000
122.333333333	1.247000000	1.135000000	1310.360000000	0.167000000
122.416666667	1.245000000	1.140000000	1310.400000000	0.167000000
122.500000000	1.243000000	1.136000000	1310.460000000	0.168000000
122.583333333	1.244000000	1.139000000	1310.440000000	0.168000000
122.666666667	1.245000000	1.139000000	1310.450000000	0.169000000
122.750000000	1.245000000	1.138000000	1310.450000000	0.171000000
122.833333333	1.247000000	1.138000000	1310.460000000	0.169000000
122.916666667	1.245000000	1.138000000	1310.490000000	0.172000000
123.000000000	1.247000000	1.135000000	1310.500000000	0.169000000
123.083333333	1.245000000	1.133000000	1310.590000000	0.171000000
123.166666667	1.244000000	1.134000000	1310.540000000	0.169000000
123.250000000	1.246000000	1.134000000	1310.580000000	0.170000000
123.333333333	1.247000000	1.138000000	1310.590000000	0.168000000
123.416666667	1.246000000	1.139000000	1310.590000000	0.171000000
123.500000000	1.246000000	1.138000000	1310.600000000	0.169000000
123.583333333	1.248000000	1.138000000	1310.680000000	0.171000000
123.666666667	1.246000000	1.138000000	1310.610000000	0.171000000
123.750000000	1.243000000	1.136000000	1310.560000000	0.168000000
123.833333333	1.243000000	1.137000000	1310.670000000	0.167000000
123.916666667	1.243000000	1.134000000	1310.660000000	0.169000000
124.000000000	1.242000000	1.137000000	1310.690000000	0.169000000
124.083333333	1.245000000	1.138000000	1310.700000000	0.169000000
124.166666667	1.243000000	1.139000000	1310.710000000	0.168000000
124.250000000	1.245000000	1.135000000	1310.670000000	0.166000000
124.333333333	1.242000000	1.136000000	1310.590000000	0.167000000
124.416666667	1.243000000	1.137000000	1310.580000000	0.168000000
124.500000000	1.246000000	1.134000000	1310.560000000	0.168000000
124.583333333	1.245000000	1.136000000	1310.570000000	0.169000000
124.666666667	1.246000000	1.134000000	1310.550000000	0.172000000
124.750000000	1.245000000	1.136000000	1310.580000000	0.169000000
124.833333333	1.246000000	1.138000000	1310.630000000	0.169000000
124.916666667	1.244000000	1.138000000	1310.590000000	0.169000000
125.000000000	1.245000000	1.136000000	1310.550000000	0.169000000
125.083333333	1.245000000	1.138000000	1310.510000000	0.168000000
125.166666667	1.245000000	1.136000000	1310.480000000	0.170000000
125.250000000	1.246000000	1.136000000	1310.530000000	0.168000000
125.333333333	1.244000000	1.140000000	1310.480000000	0.168000000
125.416666667	1.246000000	1.139000000	1310.510000000	0.169000000
125.500000000	1.246000000	1.139000000	1310.420000000	0.169000000
125.583333333	1.246000000	1.138000000	1310.480000000	0.169000000
125.666666667	1.245000000	1.138000000	1310.510000000	0.171000000
125.750000000	1.245000000	1.136000000	1310.480000000	0.169000000
125.833333333	1.243000000	1.135000000	1310.400000000	0.168000000
125.916666667	1.232000000	1.137000000	1310.400000000	0.168000000
126.000000000	1.246000000	1.137000000	1310.360000000	0.163000000
126.083333333	1.246000000	1.134000000	1310.290000000	0.166000000
126.166666667	1.245000000	1.138000000	1310.310000000	0.166000000
126.250000000	1.245000000	1.139000000	1310.350000000	0.166000000
126.333333333	1.243000000	1.139000000	1310.320000000	0.172000000
126.416666667	1.243000000	1.138000000	1310.400000000	0.167000000
126.500000000	1.244000000	1.137000000	1310.420000000	0.168000000
126.583333333	1.246000000	1.138000000	1310.400000000	0.169000000
126.666666667	1.246000000	1.135000000	1310.400000000	0.168000000
126.750000000	1.242000000	1.137000000	1310.390000000	0.168000000
126.833333333	1.239000000	1.142000000	1310.210000000	0.166000000
126.916666667	1.237000000	1.133000000	1310.350000000	0.166000000
127.000000000	1.248000000	1.136000000	1310.360000000	0.168000000
127.083333333	1.245000000	1.135000000	1310.330000000	0.169000000
127.166666667	1.246000000	1.137000000	1310.250000000	0.169000000
127.250000000	1.245000000	1.135000000	1310.210000000	0.172000000
127.333333333	1.246000000	1.138000000	1310.060000000	0.171000000
127.416666667	1.246000000	1.133000000	1309.910000000	0.170000000
127.500000000	1.245000000	1.135000000	1309.850000000	0.169000000
127.583333333	1.246000000	1.134000000	1309.740000000	0.170000000
127.666666667	1.246000000	1.138000000	1309.720000000	0.169000000
127.750000000	1.246000000	1.138000000	1309.700000000	0.170000000
127.833333333	1.246000000	1.138000000	1309.720000000	0.167000000
127.916666667	1.246000000	1.138000000	1309.750000000	0.168000000
128.000000000	1.244000000	1.139000000	1309.820000000	0.167000000
128.083333333	1.244000000	1.138000000	1309.810000000	0.167000000
128.166666667	1.247000000	1.134000000	1309.850000000	0.171000000
128.250000000	1.247000000	1.138000000	1309.890000000	0.169000000
128.333333333	1.246000000	1.137000000	1309.860000000	0.170000000
