0.166666667 295.565545754 295.743066963 295.635796567 644.600000000
0.333333333 295.359807571 295.498670732 295.444314692 644.360000000
0.500000000 295.179864994 295.313529450 295.223683216 643.190000000
0.666666667 294.871574234 295.125897155 294.994713509 643.740000000
0.833333333 294.691844018 294.953762031 294.774057909 643.270000000
1.000000000 294.486524899 294.753457470 294.532572172 642.120000000
1.166666667 294.358243571 294.548111419 294.291072248 641.810000000
1.333333333 293.999210660 294.322330354 294.053722292 641.460000000
1.500000000 293.768506786 294.132541013 293.812194230 641.040000000
1.666666667 293.563491634 293.914610861 293.553993362 640.690000000
1.833333333 293.332899422 293.696746117 293.329095514 641.180000000
2.000000000 293.076732272 293.491746745 293.070864283 640.760000000
2.166666667 292.718146920 293.266291935 292.837609218 639.530000000
2.333333333 292.410799365 293.040871789 292.087771053 639.160000000
2.500000000 292.205890398 292.823157759 292.358561741 638.810000000
2.666666667 291.975344298 292.615698311 292.116933985 639.250000000
2.833333333 291.719137301 292.387747778 291.879458370 638.140000000
3.000000000 291.719137301 292.185398593 291.671135117 638.720000000
3.166666667 291.283427687 291.977906104 291.429466896 637.450000000
3.333333333 291.052652088 291.752447473 291.208619700 638.020000000
3.500000000 290.873098170 291.542317955 290.991927880 637.680000000
3.666666667 290.513801559 291.350081247 290.766889647 637.280000000
3.833333333 290.282673528 291.137279600 290.541839070 636.970000000
4.000000000 290.077114052 290.937231233 290.325112031 635.850000000
4.166666667 289.820003448 290.734543890 290.104205380 636.310000000
4.333333333 289.665653006 290.529205642 289.879118441 635.230000000
4.500000000 289.459762377 290.331477964 289.658187741 635.770000000
4.666666667 289.382528567 290.113095027 289.449751583 635.480000000
4.833333333 289.176510622 289.915155438 289.228797586 634.370000000
5.000000000 288.893104770 289.706818989 289.007831537 634.850000000
5.166666667 288.635349787 289.503522345 288.778514358 634.520000000
5.333333333 288.403293637 289.279530366 288.565863111 633.400000000
5.500000000 288.093796194 289.081199192 288.361540504 633.980000000
5.666666667 287.887422007 288.857025114 288.128016158 633.690000000
5.833333333 287.603621595 288.648239803 287.306401690 632.560000000
6.000000000 287.397207658 288.452288615 287.685950392 633.110000000
6.166666667 287.061787063 288.245976864 287.460728098 632.700000000
6.333333333 286.855390459 288.026727695 287.235492931 631.640000000
6.500000000 286.700607934 287.810025215 287.018587600 632.230000000
6.666666667 286.442677164 287.601041466 286.797498643 631.890000000
6.833333333 286.236379145 287.384306657 286.568053459 630.800000000
7.000000000 285.978580184 287.177891986 286.342766830 631.330000000
7.166666667 285.875487230 286.956006443 286.125811770 631.040000000
7.333333333 285.617831633 286.741881758 285.900499383 629.990000000
7.500000000 285.386047339 286.522629503 285.666828161 629.710000000
7.666666667 285.128643474 286.300842179 285.437315781 630.220000000
7.833333333 284.819968461 286.086844770 285.211962947 629.870000000
8.000000000 284.537217670 285.870333018 284.961555272 628.790000000
8.166666667 284.511522020 285.656472495 284.740348085 629.390000000
8.333333333 284.280324441 285.424670500 284.514953876 629.020000000
8.500000000 283.972226443 285.200701320 284.268674429 627.980000000
8.666666667 283.689952277 284.984565560 284.051601195 628.520000000
8.833333333 283.407803256 284.768545394 283.809466206 628.210000000
9.000000000 283.228311320 284.547496335 283.600716540 627.220000000
9.166666667 283.100127234 284.316281223 283.358552255 627.790000000
9.333333333 282.895070663 284.098011469 283.124723456 627.520000000
9.500000000 282.638806919 283.872132043 282.895055772 627.220000000
9.666666667 282.331357258 283.659166606 282.669549933 626.950000000
9.833333333 282.126421185 283.423190258 282.418971645 626.680000000
10.000000000 281.844660067 283.205236743 282.185083095 625.680000000
10.166666667 281.614139979 282.977088001 281.951179545 626.210000000
10.333333333 281.409234058 282.751555875 281.742324372 625.950000000
10.500000000 281.050630400 282.518381515 281.483327239 624.930000000
10.666666667 280.845692419 282.303177318 281.245200584 625.490000000
10.833333333 280.743214900 282.077751567 281.019592380 625.250000000
11.000000000 280.435738501 281.839537325 280.777256655 624.250000000
11.166666667 280.230709589 281.619262606 280.534904509 624.760000000
11.333333333 279.948722866 281.383620530 280.309251492 624.480000000
11.500000000 279.666646282 281.168461474 280.066867474 623.540000000
11.666666667 279.435798146 280.935355335 279.828646344 624.070000000
11.833333333 279.307529944 280.694535758 279.582049847 623.870000000
12.000000000 278.948320334 280.469052052 279.364696629 622.870000000
12.166666667 278.717365487 280.251214321 279.118068721 622.630000000
12.333333333 278.486393794 280.005127541 278.879785533 623.150000000
12.500000000 278.178420010 279.766664900 278.633125659 622.930000000
12.666666667 277.947442034 279.528143067 278.394812014 622.120000000
12.833333333 277.690813648 279.304964453 278.152302386 622.610000000
13.000000000 277.511188434 279.068920554 277.926504110 622.330000000
13.166666667 277.228955387 278.848242513 277.683965793 621.480000000
13.333333333 277.023729643 278.612146627 277.458141182 622.020000000
13.500000000 276.767248636 278.378603629 277.198845756 621.780000000
13.666666667 276.485198203 278.137356798 276.952081910 620.890000000
13.833333333 276.254501457 277.898681197 276.713669288 621.420000000
14.000000000 276.100744063 277.654887466 276.466877403 621.250000000
14.166666667 276.023878441 277.429079350 276.232621375 620.400000000
14.333333333 275.716510454 277.175080489 275.977435584 620.940000000
14.500000000 275.486092499 276.941649062 275.738970267 620.710000000
14.666666667 275.127870505 276.700574197 275.479572902 619.870000000
14.833333333 274.821042398 276.472379928 275.253634446 620.350000000
15.000000000 274.667704480 276.223747276 275.006763507 619.560000000
15.166666667 274.437785041 275.995696651 274.764064559 620.060000000
15.333333333 274.182431562 275.754922771 274.521353673 619.870000000
15.500000000 273.927183753 275.511689610 274.278631064 619.780000000
15.666666667 273.723052679 275.273686184 274.023341426 619.600000000
15.833333333 273.442456550 275.023014001 273.780595441 618.810000000
16.000000000 273.136443834 274.777591705 273.537838393 619.330000000
16.166666667 272.779520768 274.550177465 273.303441983 619.130000000
16.333333333 272.601085575 274.315201345 273.052291972 619.020000000
16.500000000 272.422661879 274.082873078 272.801130815 618.970000000
16.666666667 272.244245130 273.820007995 272.558331328 618.770000000
16.833333333 271.887414286 273.577641625 272.302962487 617.990000000
17.000000000 271.581539338 273.335342262 272.055956135 618.570000000
17.166666667 271.454080188 273.087999185 271.808939924 618.490000000
17.333333333 271.148138142 272.853448359 271.545166223 617.660000000
17.500000000 270.944136498 272.598536595 271.306504594 617.570000000
17.666666667 270.740094710 272.366587509 271.063647137 618.110000000
17.833333333 270.536005988 272.111708780 270.816593613 618.020000000
18.000000000 270.255294893 271.869572343 270.569531371 617.240000000
18.166666667 269.948928077 271.617226504 270.330836054 617.900000000
18.333333333 269.693507260 271.390347322 270.083757335 617.120000000
18.500000000 269.514659894 271.150687937 269.832482556 617.080000000
18.666666667 269.284662476 270.916083285 269.581199192 617.500000000
18.833333333 268.977934991 270.676322345 269.338283300 617.580000000
19.000000000 268.671167268 270.423734727 269.099546886 617.470000000
19.166666667 268.517779635 270.171059120 268.856612773 616.720000000
19.333333333 268.338832168 269.936159417 268.584347263 617.470000000
19.500000000 268.057655985 269.688397890 268.366525480 617.360000000
19.666666667 267.725433162 269.443110672 268.110992667 616.670000000
19.833333333 267.597686282 269.184982675 267.847068596 617.330000000
20.000000000 267.469960712 268.947259432 267.604078577 617.280000000
20.166666667 267.214583986 268.696731898 267.356886481 616.580000000
20.333333333 266.806232646 268.446199670 267.105491161 617.200000000
20.500000000 266.551202897 268.200794793 266.845701125 617.130000000
20.666666667 266.347301343 267.955422887 266.598467025 616.470000000
20.833333333 266.067135304 267.702437268 266.355409022 617.160000000
21.000000000 265.812659728 267.444418386 265.902778853 616.510000000
21.166666667 265.507597079 267.199264884 265.839909365 617.110000000
21.333333333 265.329812528 266.956772003 265.596804094 617.140000000
21.500000000 265.050708647 266.706752020 265.353682722 616.510000000
21.666666667 264.771955319 266.467079619 265.102160415 617.200000000
21.833333333 264.518829666 266.209735137 264.863197335 617.090000000
22.000000000 264.442940473 265.965318579 264.615831778 616.590000000
22.166666667 264.164853028 265.705847950 264.368447622 617.310000000
22.333333333 263.786023918 265.479650979 264.112657488 617.250000000
22.500000000 263.609361896 265.228280690 263.865233999 616.690000000
22.666666667 263.407541653 264.987324700 263.630372799 617.390000000
22.833333333 263.180576399 264.741566481 263.366131806 617.450000000
23.000000000 262.852848789 264.488471424 263.131230780 616.810000000
23.166666667 262.600802937 264.253307307 262.879529577 617.450000000
23.333333333 262.373973033 263.998118962 262.632001186 617.550000000
23.500000000 262.096717899 263.753209855 262.363470343 616.960000000
23.666666667 261.844618343 263.505919360 262.115894468 617.700000000
23.833333333 261.541992901 263.263788144 261.859901445 617.700000000
24.000000000 261.365388601 263.011657569 261.612277200 617.250000000
24.166666667 261.163473138 262.762108966 261.347837786 617.990000000
24.333333333 261.037225028 262.505030369 261.108558489 617.500000000
24.500000000 260.734044022 262.278198059 260.865056861 618.240000000
24.666666667 260.455862350 262.018573589 260.600535235 618.290000000
24.833333333 260.177385088 261.763931399 260.348581778 617.800000000
25.000000000 259.873208446 261.514244776 260.113400022 617.940000000
25.166666667 259.720963702 261.279586032 259.852991354 618.700000000
25.333333333 259.467004119 261.022072392 259.609355663 618.190000000
25.500000000 259.136478736 260.769429802 259.365693472 619.000000000
25.666666667 258.907425205 260.526698680 259.117803191 619.110000000
25.833333333 258.627242466 260.276154278 258.865683617 618.630000000
26.000000000 258.448825346 260.022814633 258.609333538 619.450000000
26.166666667 258.168288503 259.792023875 258.382376849 619.550000000
26.333333333 257.887571811 259.538139390 258.113362355 619.150000000
26.500000000 257.606702998 259.294164749 257.877949222 619.930000000
26.666666667 257.402355056 259.037243970 257.625694684 620.130000000
26.833333333 257.197951983 258.797927808 257.369208328 619.670000000
27.000000000 256.942386865 258.550788737 257.129515790 620.550000000
27.166666667 256.635646346 258.283076887 256.877181984 620.700000000
27.333333333 256.303306822 258.035606785 256.620615602 620.250000000
27.500000000 256.201047551 257.790560196 256.368228843 621.120000000
27.666666667 255.919848272 257.530079657 256.111609008 620.750000000
27.833333333 255.613134242 257.274608919 255.859170049 621.580000000
28.000000000 255.408703745 257.016506679 255.615121382 621.790000000
28.166666667 255.025536644 256.773685946 255.375257301 621.360000000
28.333333333 254.846803413 256.523164388 255.105909079 622.280000000
28.500000000 254.617086022 256.270072434 254.861787626 622.500000000
28.666666667 254.336453584 256.011873857 254.621852518 622.120000000
28.833333333 254.030487066 255.753703010 254.373475160 623.050000000
29.000000000 253.775665678 255.508358169 254.108232496 623.340000000
29.166666667 253.571912487 255.255412354 253.244956826 622.990000000
29.333333333 253.317357047 254.997446396 253.623990387 623.850000000
29.500000000 253.088392030 254.747247553 253.383942019 624.150000000
29.666666667 252.834143047 254.509917695 253.127024374 623.890000000
29.833333333 252.630867283 254.259944084 252.870082336 624.820000000
30.000000000 252.402318228 254.004998619 252.642605251 625.100000000
30.166666667 252.123183822 253.747644034 252.381404646 624.800000000
30.333333333 251.894973856 253.485346364 252.128606426 625.780000000
30.500000000 251.717588381 253.243565198 251.884213075 626.040000000
30.666666667 251.413733090 252.986672276 251.639798522 625.820000000
30.833333333 251.084902900 252.745196141 251.395362934 626.800000000
31.000000000 250.857470468 252.503877467 251.146691531 627.070000000
31.166666667 250.781700617 252.262722532 250.889568073 626.880000000
31.333333333 250.478831282 252.006523365 250.649284651 627.830000000
31.500000000 250.277109611 251.742923098 250.383685371 628.210000000
31.666666667 249.874141280 251.509921362 250.134927949 627.970000000
31.833333333 249.647743438 251.246742555 249.911450234 629.020000000
32.000000000 249.321020882 251.006544452 249.650002253 629.310000000
32.166666667 249.120109552 250.758973711 249.392748584 629.160000000
32.333333333 248.944390207 250.509102872 249.139690056 630.220000000
32.500000000 248.693467473 250.259466397 248.886609307 630.620000000
32.666666667 248.517880544 250.010071389 248.637724644 631.120000000
32.833333333 248.166806315 249.755888572 248.384599033 631.460000000
33.000000000 247.891010957 249.517015273 248.139889064 631.330000000
33.166666667 247.715506729 249.253201778 247.903596732 632.450000000
33.333333333 247.414611197 249.022200513 247.650403627 632.870000000
33.500000000 247.213970472 248.773750840 247.401407203 633.350000000
33.666666667 246.937999614 248.532929268 247.160829243 633.200000000
33.833333333 246.686995923 248.282148210 246.911786836 634.280000000
34.000000000 246.435845544 248.043949585 246.658498996 634.140000000
34.166666667 246.310205862 247.808273947 246.426296656 635.350000000
34.333333333 246.033624078 247.557543895 246.177183428 635.790000000
34.500000000 245.731585780 247.314296500 245.911154094 635.660000000
34.666666667 245.429170187 247.050911505 245.661989887 636.820000000
34.833333333 245.202079344 246.807494133 245.425471884 637.380000000
35.000000000 244.924163629 246.573998220 245.193155245 637.270000000
35.166666667 244.696475425 246.327798224 244.927019828 638.420000000
35.333333333 244.392510309 246.088960980 244.690430331 638.960000000
35.500000000 244.316457636 245.834821994 244.436915548 638.980000000
35.666666667 244.012031130 245.585468591 244.196051318 640.200000000
35.833333333 243.605677028 245.340887022 243.946709616 640.720000000
36.000000000 243.478606631 245.101066703 243.710021521 640.700000000
36.166666667 243.300654685 244.838178912 243.452172833 641.990000000
36.333333333 243.122651853 244.605329258 243.198522703 642.580000000
36.500000000 242.791983153 244.341811085 242.949072280 643.170000000
36.666666667 242.588464073 244.098318288 242.708051388 643.800000000
36.833333333 242.334066556 243.841926094 242.458546032 644.410000000
37.000000000 242.079704811 243.603135967 242.192093789 644.430000000
37.166666667 241.749148447 243.341334357 241.963680219 645.750000000
37.333333333 241.444198079 243.097219458 241.718320225 645.760000000
37.500000000 241.266415599 242.863211203 241.468701057 647.160000000
37.666666667 241.088726264 242.608816320 241.223284137 647.840000000
37.833333333 240.860425694 242.359505304 240.973606560 647.800000000
38.000000000 240.606995993 242.120398772 240.728131728 649.140000000
38.166666667 240.429762960 241.863552899 239.779815894 649.270000000
38.333333333 240.075767168 241.614436917 240.224393806 650.590000000
38.500000000 239.823338244 241.367994991 239.995765916 651.300000000
38.666666667 239.445334329 241.121718093 239.745939291 652.050000000
38.833333333 239.344649217 240.868032614 239.491846707 652.860000000
39.000000000 239.042849580 240.617127941 239.246193584 652.970000000
39.166666667 238.816722038 240.358911757 239.008983008 654.340000000
39.333333333 238.440185049 240.111136413 238.754798027 655.070000000
39.500000000 238.264584370 239.866225666 238.509055606 655.190000000
39.666666667 238.063966235 239.606528464 238.263283431 656.730000000
39.833333333 237.838335044 239.374849999 238.025957933 656.900000000
40.000000000 237.662874331 239.113237313 237.767411109 658.410000000
40.166666667 237.462362181 238.877005935 237.517309939 659.200000000
40.333333333 237.186649072 238.628405865 236.575975716 659.980000000
40.500000000 236.986098335 238.384989405 237.025495915 660.290000000
40.666666667 236.735339275 238.136683002 236.775303521 661.800000000
40.833333333 236.484466744 237.893484440 236.533563028 661.980000000
41.000000000 236.308768386 237.652848500 236.291793847 663.610000000
41.166666667 235.982231341 237.394689598 236.045753660 664.430000000
41.333333333 235.680475528 237.164088939 235.799683782 664.580000000
41.500000000 235.479092265 236.913387690 235.566314236 666.180000000
41.666666667 235.176650315 236.665108016 235.307454980 667.020000000
41.833333333 234.949495653 236.426746071 235.069784799 667.390000000
42.000000000 234.671468641 236.178194114 234.823597243 669.020000000
42.166666667 234.418374281 235.934476681 234.577380028 669.310000000
42.333333333 234.215689125 235.688023907 234.331133158 670.950000000
42.500000000 233.936729314 235.451387439 234.084856642 671.860000000
42.666666667 233.657503338 235.204393914 233.847044293 672.850000000
42.833333333 233.479697558 234.959597699 233.613451703 673.250000000
43.000000000 233.276398812 234.724578376 233.354345123 674.220000000
43.166666667 232.895011245 234.474081083 233.107951101 675.310000000
43.333333333 232.666093699 234.238499850 232.878523147 676.980000000
43.500000000 232.538901992 233.990007313 232.627822523 678.100000000
43.666666667 232.259068347 233.743835068 232.385591130 678.430000000
43.833333333 232.004692899 233.494941201 232.122078913 680.160000000
44.000000000 231.674092920 233.250980428 231.896791661 681.200000000
44.166666667 231.521561864 232.999278302 231.645971135 681.700000000
44.333333333 231.165843370 232.744947966 231.399371970 683.440000000
44.500000000 230.937341907 232.495655403 231.169753060 684.480000000
44.666666667 230.709008469 232.248892721 230.927349739 684.990000000
44.833333333 230.430200965 231.994518790 230.680664422 686.880000000
45.000000000 230.252951291 231.752915570 230.416933642 687.920000000
45.166666667 230.000000000 231.496144154 230.170187184 689.270000000
45.333333333 229.747379414 231.257285088 229.936176183 690.400000000
45.500000000 229.545509784 231.000798810 229.672350031 690.990000000
45.666666667 229.369026884 230.759733360 229.429770104 692.950000000
45.833333333 229.066788029 230.501139931 229.199930763 694.110000000
46.000000000 228.790036471 230.260544727 228.953037051 694.620000000
46.166666667 228.588921067 230.022752172 228.714627977 696.620000000
46.333333333 228.362805536 229.770102022 228.467674101 697.160000000
46.500000000 228.086613365 229.512723914 228.233465117 699.140000000
46.666666667 227.860753458 229.288393755 227.986450737 700.440000000
46.833333333 227.660058413 229.049168428 227.735145282 701.020000000
47.000000000 227.434335712 228.792551217 227.505108227 702.320000000
47.166666667 227.058216247 228.543686760 227.262261398 704.400000000
47.333333333 226.882707696 228.297507944 227.010861017 705.070000000
47.500000000 226.682120328 228.053983313 226.772212806 707.100000000
47.666666667 226.431355647 227.815591954 226.537796677 707.740000000
47.833333333 226.255786199 227.574779046 226.303351125 709.060000000
48.000000000 226.004902244 227.326506816 226.043295046 711.240000000
48.166666667 225.753909936 227.088303673 225.800258666 712.730000000
48.333333333 225.452536310 226.842591164 225.565719303 714.010000000
48.500000000 225.251487104 226.601880462 225.326884531 714.790000000
48.666666667 225.025158212 226.373672273 225.088018221 717.020000000
48.833333333 224.823831631 226.135373634 224.840587503 718.460000000
49.000000000 224.571987369 225.874401555 224.618723931 719.160000000
49.166666667 224.395582956 225.645942886 224.388297806 721.360000000
49.333333333 223.966827955 225.404797550 224.127965444 722.090000000
49.500000000 223.840640981 225.153431677 223.897475054 724.550000000
49.666666667 223.588169884 224.916962316 223.654146590 725.990000000
49.833333333 223.360848348 224.682823234 223.423593381 726.840000000
50.000000000 223.183988183 224.433391354 223.180198200 728.400000000
50.166666667 222.956538015 224.191351140 222.941039439 730.040000000
50.333333333 222.703754271 223.954210820 222.701847097 732.470000000
50.500000000 222.324498603 223.704321845 222.454076555 734.000000000
50.666666667 222.172782002 223.454312979 222.210542391 734.890000000
50.833333333 221.894632870 223.214310126 221.971246249 737.450000000
51.000000000 221.717637235 222.966648137 221.727641625 738.400000000
51.166666667 221.515374505 222.718922782 221.484001138 740.930000000
51.333333333 221.212037240 222.493908066 221.244599912 742.560000000
51.500000000 220.908797812 222.243583577 221.009439614 744.390000000
51.666666667 220.529936909 221.998305770 220.782798451 746.010000000
51.833333333 220.479441108 221.753035423 220.534739680 746.970000000
52.000000000 220.353223626 221.522958902 220.295198392 748.740000000
52.166666667 219.924348232 221.285336045 220.064178211 750.510000000
52.333333333 219.773086973 221.045241315 219.828845448 753.180000000
52.500000000 219.621880291 220.810271628 219.593477900 755.050000000
52.666666667 219.420352561 220.565286836 219.358075601 756.810000000
52.833333333 219.143394743 220.315364782 219.118357593 758.740000000
53.000000000 218.866590233 220.080710995 218.887166894 760.510000000
53.166666667 218.690515664 219.843668638 218.647378305 761.600000000
53.333333333 218.388795652 219.609282130 218.424685348 763.460000000
53.500000000 218.137469539 219.372502862 218.193394568 766.260000000
53.666666667 217.936471664 219.130809494 217.940649916 768.250000000
53.833333333 217.710409150 218.899295938 217.717859004 769.250000000
54.000000000 217.509512468 218.650277655 217.490751950 772.090000000
54.166666667 217.308655436 218.411419602 217.242183064 774.040000000
54.333333333 217.082732322 218.185214512 217.010722480 775.080000000
54.500000000 216.831749095 217.964105763 216.796377593 778.060000000
54.666666667 216.555707656 217.725478142 216.569141042 780.030000000
54.833333333 216.279695384 217.479381510 216.324719028 781.980000000
55.000000000 216.154241316 217.260957160 216.084549292 783.230000000
55.166666667 215.928428301 217.017472754 215.870082054 786.290000000
55.333333333 215.602250906 216.799124063 215.642715937 788.320000000
55.500000000 215.351330554 216.565744936 215.411027281 789.510000000
55.666666667 215.225862110 216.339914427 215.183597180 792.610000000
55.833333333 215.000000000 216.106569373 214.960427457 793.710000000
56.000000000 214.723906679 215.880756826 214.707178805 795.970000000
56.166666667 214.397558367 215.657451191 214.496823907 799.220000000
56.333333333 214.272024178 215.414062476 214.264972990 801.460000000
56.500000000 214.046041576 215.180691779 214.028794907 802.760000000
56.666666667 213.769805119 214.967373127 213.792582922 806.100000000
56.833333333 213.543765639 214.731437085 213.564928421 808.360000000
57.000000000 213.367940538 214.505510916 213.354427442 809.690000000
57.166666667 213.091615814 214.289599474 213.122415699 813.050000000
57.333333333 212.790133362 214.063618953 212.890371407 815.270000000
57.500000000 212.639378267 213.837612139 212.649698540 816.690000000
57.666666667 212.388100268 213.641719081 212.439081126 820.150000000
57.833333333 212.161930213 213.403106695 212.211240378 822.480000000
58.000000000 211.960875224 213.194613504 211.983368404 823.890000000
58.166666667 211.684403011 212.981076648 211.751164877 827.440000000
58.333333333 211.508453885 212.752445434 211.540433683 829.860000000
58.500000000 211.231944463 212.536357180 211.312469987 831.240000000
58.666666667 211.106251540 212.312712286 211.084475192 834.870000000
58.833333333 210.829713206 212.089049363 210.865054644 837.300000000
59.000000000 210.578299397 211.862856043 210.645605359 838.770000000
59.166666667 210.377158811 211.626592174 210.417519800 841.330000000
59.333333333 210.125722324 211.382770418 210.189403269 845.070000000
59.500000000 209.823984776 211.154015334 209.978475553 847.580000000
59.666666667 209.597674745 210.907648598 209.758910470 849.100000000
59.833333333 209.396508185 210.673838270 209.517786392 853.010000000
60.000000000 209.245633389 210.424930425 209.298161160 855.710000000
60.166666667 209.094759754 210.178524917 209.074199989 857.280000000
60.333333333 208.818164256 209.939652397 208.854516744 861.250000000
60.500000000 208.591868209 209.705801141 208.617571199 863.970000000
60.666666667 208.340442211 209.461887384 208.406446052 865.630000000
60.833333333 208.063895775 209.233060529 208.182365776 869.690000000
61.000000000 207.963340289 208.989149409 207.953945400 872.510000000
61.166666667 207.611430227 208.752788811 207.725493838 874.130000000
61.333333333 207.485762533 208.521467264 207.505633616 878.340000000
61.500000000 207.309842154 208.277588515 207.277120767 881.270000000
61.666666667 207.008307437 208.051326124 207.048576640 883.020000000
61.833333333 206.907809034 207.822569561 206.832940274 887.260000000
62.000000000 206.656594498 207.596349674 206.612962448 890.250000000
62.166666667 206.304976571 207.360103333 206.380013093 892.010000000
62.333333333 206.078992255 207.138965443 206.147031144 896.470000000
62.500000000 205.802853962 206.910321409 205.939908690 899.420000000
62.666666667 205.677361570 206.689249740 205.719812811 901.250000000
62.833333333 205.426426541 206.448123059 205.486738339 905.840000000
63.000000000 205.200644742 206.232154417 205.266582407 909.040000000
63.166666667 204.974922847 205.993632578 205.046397265 912.260000000
63.333333333 204.924770864 205.780264146 204.817546432 914.220000000
63.500000000 204.598858517 205.554394936 204.597301640 918.960000000
63.666666667 204.373303603 205.321054451 204.372708162 921.010000000
63.833333333 204.072661366 205.092792167 204.130804173 924.240000000
64.000000000 203.872295214 204.869607262 203.914788566 927.570000000
64.166666667 203.671978674 204.651497028 203.690102381 931.050000000
64.333333333 203.446681874 204.418409564 203.461063851 934.430000000
64.500000000 203.221447879 204.200420680 203.249282969 939.420000000
64.666666667 202.971261552 203.987499690 203.024506168 941.450000000
64.833333333 202.796177268 203.754603235 202.808345719 944.960000000
65.000000000 202.546122793 203.526780208 202.596480958 950.130000000
65.166666667 202.296145891 203.296518898 202.362965758 952.200000000
65.333333333 202.171186534 203.073828566 202.138067939 957.410000000
65.500000000 201.821403531 202.861204137 201.926116837 960.980000000
65.666666667 201.596623348 202.638633908 201.701159229 963.070000000
65.833333333 201.371906032 202.406126170 201.489151738 968.520000000
66.000000000 201.222129419 202.186180632 201.259806671 970.510000000
66.166666667 201.047425357 201.963796826 201.052070248 975.900000000
66.333333333 200.723075889 201.748967497 200.844307490 978.110000000
66.500000000 200.473665594 201.521710591 200.614872157 983.620000000
66.666666667 200.324056694 201.306999402 200.394064394 987.530000000
66.833333333 200.049846332 201.082363126 200.177557254 989.730000000
67.000000000 199.850479481 200.870264385 199.965352432 995.450000000
67.166666667 199.626248941 200.648244646 199.748788422 999.360000000
67.333333333 199.426981092 200.418805751 199.545191813 1001.730000000
67.500000000 199.103261219 200.209375473 199.311240393 1007.550000000
67.666666667 198.953887405 199.995015538 199.103254674 1011.570000000
67.833333333 198.779644345 199.770746292 198.773887747 1013.970000000
68.000000000 198.630314623 199.551518322 198.678531721 1019.970000000
68.166666667 198.331710458 199.329853707 198.466126744 1024.100000000
68.333333333 198.157556155 199.120689574 198.245021028 1026.580000000
68.500000000 197.983423060 198.901611567 198.023883269 1032.810000000
68.666666667 197.759566248 198.682577841 197.815724096 1037.080000000
68.833333333 197.610344711 198.466073559 197.590185754 1039.580000000
69.000000000 197.287070863 198.239654730 197.364613254 1045.860000000
69.166666667 197.088156449 198.033173302 197.165039644 1050.300000000
69.333333333 196.864395432 197.821745639 196.956759960 1052.840000000
69.500000000 196.665509849 197.607857789 196.744110375 1059.450000000
69.666666667 196.441775220 197.379074481 196.514066395 1063.970000000
69.833333333 196.193191685 197.162747479 196.297009927 1066.710000000
70.000000000 196.019187388 196.938980551 196.075578202 1073.570000000
70.166666667 195.845184708 196.735118561 195.862797357 1078.220000000
70.333333333 195.596609096 196.511380418 195.532705914 1080.980000000
70.500000000 195.397745516 196.287652405 195.428450216 1088.000000000
70.666666667 195.099439417 196.076359972 195.219915181 1090.750000000
70.833333333 194.950279371 195.852641954 195.007002955 1097.940000000
71.000000000 194.726528750 195.648810201 194.794057438 1102.730000000
71.166666667 194.502765414 195.425089520 194.589772069 1105.560000000
71.333333333 194.328718499 195.213792016 194.372413097 1112.870000000
71.500000000 194.154663935 195.007458040 194.159366943 1117.850000000
71.666666667 193.930868288 194.786196827 193.946286528 1120.680000000
71.833333333 193.657323206 194.562436878 193.733171608 1125.900000000
72.000000000 193.458369575 194.338664243 193.515671584 1130.980000000
72.166666667 193.209663665 194.134771499 193.298135119 1136.160000000
72.333333333 193.060432743 193.945788390 193.097969165 1141.670000000
72.500000000 192.786828396 193.714520546 192.897771948 1146.900000000
72.666666667 192.687331323 193.510595859 192.671424150 1152.180000000
72.833333333 192.488329863 193.299199565 192.475513568 1157.860000000
73.000000000 192.239564361 193.072868864 192.266508638 1163.180000000
73.166666667 192.065419496 192.866424297 192.044402596 1168.690000000
73.333333333 191.841508082 192.654994249 191.830969171 1174.340000000
73.500000000 191.642465475 192.431115141 191.617498823 1179.960000000
73.666666667 191.368766208 192.214686977 191.417064270 1185.420000000
73.833333333 191.144816986 192.015662460 191.212238405 1191.370000000
74.000000000 190.995510797 191.806676320 191.016096095 1197.150000000
74.166666667 190.796427555 191.602655799 190.815562068 1203.160000000
74.333333333 190.497784912 191.391160465 190.606273386 1208.880000000
74.500000000 190.348455616 191.182142696 190.388225236 1214.770000000
74.666666667 190.149341645 190.963160417 190.178861233 1220.920000000
74.833333333 189.975109214 190.746655261 189.960734128 1226.960000000
75.000000000 189.775978181 190.550048911 189.768748726 1232.990000000
75.166666667 189.477269547 190.336011269 189.546181009 1239.390000000
75.333333333 189.303018797 190.126940735 189.345397708 1245.500000000
75.500000000 189.078980710 189.915370755 189.148946398 1252.020000000
75.666666667 188.929622567 189.708769805 188.939362645 1258.330000000
75.833333333 188.705588616 189.502162333 188.725374714 1264.690000000
76.000000000 188.506452921 189.280615017 188.524453423 1271.320000000
76.166666667 188.282434495 189.069023471 188.323498695 1277.820000000
76.333333333 188.133095834 188.864901140 188.100662132 1284.370000000
76.500000000 187.809552931 188.655804101 187.912748640 1291.130000000
76.666666667 187.660238708 188.454180973 187.716064067 1297.700000000
76.833333333 187.510934194 188.245099255 187.506232467 1304.850000000
77.000000000 187.286997721 188.036029227 187.296365170 1311.230000000
77.166666667 187.063088472 187.829462177 187.108328855 1318.450000000
77.333333333 186.739718609 187.627888540 186.894020268 1325.700000000
77.500000000 186.565626102 187.423844759 186.697173877 1332.740000000
77.666666667 186.416422011 187.212358120 186.500296606 1340.000000000
77.833333333 186.192649320 188.476583169 186.272755680 1347.560000000
78.000000000 185.894353186 186.782001482 186.080189106 1354.960000000
78.166666667 185.794939453 186.570599865 185.852572838 1362.400000000
78.333333333 185.596141154 186.371664187 185.655564490 1370.140000000
78.500000000 185.447069068 186.172760448 185.449767926 1377.730000000
78.666666667 185.223506039 185.956491533 185.252697875 1385.650000000
78.833333333 185.000000000 185.752691515 185.046837128 1393.180000000
79.000000000 184.751730062 185.538994091 184.827800565 1400.890000000
79.166666667 184.577985588 185.327828557 184.626254498 1409.090000000
79.333333333 184.329843098 185.109262296 184.433442344 1416.830000000
79.500000000 184.230607244 184.908131434 184.214303398 1424.780000000
79.666666667 184.007370948 184.709531600 184.021431133 1433.060000000
79.833333333 183.709818623 184.508498098 183.819762053 1441.070000000
80.000000000 183.511511763 184.307513975 183.622447635 1449.220000000
80.166666667 183.412376829 184.133863959 183.429489939 1457.830000000
80.333333333 183.189368501 183.942891938 183.227731913 1466.110000000
80.500000000 182.991191723 183.754444445 183.030330849 1474.540000000
80.666666667 182.743541071 183.551169194 182.819738148 1483.280000000
80.833333333 182.322715525 183.340511735 182.631054633 1491.790000000
81.000000000 182.223730994 183.142297003 182.433567376 1500.860000000
81.166666667 182.075278071 182.949085589 182.231662287 1509.590000000
81.333333333 181.704271699 182.748493316 182.020947351 1518.390000000
81.500000000 181.654817837 182.538050679 181.818982280 1527.830000000
81.666666667 181.580643090 182.337564300 181.625771014 1536.710000000
81.833333333 181.407596965 182.137129969 181.419356913 1545.810000000
82.000000000 181.185167486 181.946642111 181.050371542 1555.360000000
82.166666667 180.938101052 181.741364210 181.019618435 1564.670000000
82.333333333 180.839297401 181.543558441 180.817510106 1574.320000000
82.500000000 180.567655215 181.350747616 180.628556963 1583.810000000
82.666666667 180.345476878 181.140689500 180.430788729 1593.430000000
82.833333333 180.197395348 180.952922732 180.228597680 1603.490000000
83.000000000 180.024671493 180.740506892 180.035171207 1613.230000000
83.166666667 179.827322619 180.540496487 179.828528217 1623.580000000
83.333333333 179.630024427 180.343008607 179.635048570 1633.470000000
83.500000000 179.383467911 180.148041501 179.445941144 1643.670000000
83.666666667 179.210918923 179.943258730 179.248011350 1654.330000000
83.833333333 179.063044450 179.743464887 179.050054106 1664.410000000
84.000000000 178.841272216 179.560981420 178.865269094 1674.740000000
84.166666667 178.644177738 179.356350935 178.667258292 1685.630000000
84.333333333 178.496377275 179.154231103 178.460417162 1696.250000000
84.500000000 178.299334528 178.971865891 178.271152652 1706.870000000
84.666666667 178.102316787 178.762430516 178.081862304 1718.150000000
84.833333333 177.831452135 178.577665469 177.888142950 1729.120000000
85.000000000 177.708343067 178.373222450 177.689992569 1740.180000000
85.166666667 177.412903776 178.171270359 177.500621961 1751.690000000
85.333333333 177.265193347 177.979191924 177.298010164 1762.880000000
85.500000000 177.019018124 177.792056544 177.104179082 1774.340000000
85.666666667 176.797465243 177.609860089 176.910319975 1786.150000000
85.833333333 176.649763433 177.410441893 176.725246356 1797.780000000
86.000000000 176.526677472 177.215957558 176.540146916 1809.610000000
86.166666667 176.305117461 177.026403270 176.328572901 1822.090000000
86.333333333 176.108166302 176.841775695 176.139008882 1833.930000000
86.500000000 175.935824428 176.647301727 175.962645546 1846.660000000
86.666666667 175.689601607 176.438054463 175.759798103 1858.920000000
86.833333333 175.566479531 176.243571297 175.565740315 1871.230000000
87.000000000 175.443349265 176.054002796 175.384887371 1884.310000000
87.166666667 175.197060931 175.869346808 175.199596864 1897.030000000
87.333333333 174.901458458 175.677289745 175.005454066 1910.300000000
87.500000000 174.655074452 175.485214525 174.793627971 1923.080000000
87.666666667 174.581151691 175.288192219 174.608250916 1936.110000000
87.833333333 174.457940251 175.098534070 174.427261153 1949.900000000
88.000000000 174.162203090 174.908849327 174.237414406 1963.080000000
88.166666667 173.989674427 174.706818416 174.029874279 1976.770000000
88.333333333 173.841786206 174.509690052 173.857633656 1991.000000000
88.500000000 173.644595546 174.327327712 173.680951539 2004.730000000
88.666666667 173.472050548 174.135092082 173.477735566 2018.490000000
88.833333333 173.299505325 173.950238079 173.292160932 2033.130000000
89.000000000 173.028368655 173.757980878 173.110977337 2047.400000000
89.166666667 172.609374386 173.573112813 172.916506136 2062.310000000
89.333333333 172.486153500 173.378383002 172.722003441 2076.840000000
89.500000000 172.362940109 173.186119600 172.545155344 2091.620000000
89.666666667 172.215095273 172.993861289 172.359436554 2107.160000000
89.833333333 172.017990586 172.801611681 172.164842780 2122.270000000
90.000000000 171.845547182 172.609374386 171.970216891 2138.210000000
90.166666667 171.722388100 172.424545808 171.788831901 2152.980000000
90.333333333 171.549988097 172.239735165 171.607418755 2169.330000000
90.500000000 171.402239538 172.045090882 171.399422539 2185.970000000
90.666666667 171.082198231 171.857863790 171.222375056 2202.350000000
90.833333333 170.836096094 171.668202290 171.036445939 2218.900000000
91.000000000 170.786885140 171.471186123 170.850486710 2236.450000000
91.166666667 170.614673182 171.286519042 170.624638390 2253.530000000
91.333333333 170.417912357 171.096966767 170.456330100 2271.480000000
91.500000000 170.245795801 170.897614335 170.265845818 2288.660000000
91.666666667 170.049150857 170.708154501 170.066467349 2306.080000000
91.833333333 169.828005255 170.521204543 169.880348839 2324.390000000
92.000000000 169.631501119 170.324471779 169.703064322 2342.040000000
92.166666667 169.385958076 170.147465147 169.516885229 2359.990000000
92.333333333 169.238676259 169.943481774 169.317372988 2379.100000000
92.500000000 169.140505864 169.754308703 169.126694339 2397.480000000
92.666666667 168.968739931 169.572562162 168.949289238 2415.990000000
92.833333333 168.797013170 169.385958076 168.767419270 2435.480000000
93.000000000 168.576275647 169.199406454 168.581082115 2454.380000000
93.166666667 168.429148950 169.007997183 168.394713124 2473.570000000
93.333333333 168.306561539 168.819090208 168.208312174 2493.710000000
93.500000000 168.134965299 168.630228316 168.021879140 2513.230000000
93.666666667 167.840865416 168.446312483 167.835413899 2532.870000000
93.833333333 167.693843430 168.264885428 167.653357123 2552.860000000
94.000000000 167.522338905 168.071236930 167.471269422 2574.020000000
94.166666667 167.301863138 167.867821378 167.280266043 2594.560000000
94.333333333 167.007940505 167.701194119 167.098114623 2616.140000000
94.500000000 166.885485580 167.510089399 166.915931928 2637.090000000
94.666666667 166.787526271 167.326358904 166.724828544 2658.220000000
94.833333333 166.616106071 167.137750581 166.542581410 2680.660000000
95.000000000 166.420208223 166.946712195 166.355856430 2702.400000000
95.166666667 166.273290622 166.770383781 166.195779937 2725.320000000
95.333333333 166.028434875 166.596515808 166.004545275 2747.530000000
95.500000000 165.832552816 166.398170311 165.817723986 2771.130000000
95.666666667 165.661155065 166.212076045 165.635318348 2793.860000000
95.833333333 165.465267890 166.033331938 165.452880509 2816.880000000
96.000000000 165.318347804 165.852141026 165.270410354 2841.330000000
96.166666667 165.000000000 165.670949287 165.070100897 2864.870000000
96.333333333 164.853057785 165.484856888 164.914277546 2889.920000000
96.500000000 164.681614545 165.298758069 164.722804843 2913.870000000
96.666666667 164.485665613 165.115098880 164.562474394 2938.600000000
96.833333333 164.167217958 164.936326084 164.370935352 2964.410000000
97.000000000 164.044728222 164.767337588 164.197182511 2989.420000000
97.166666667 163.824233217 164.571395064 164.010030562 3016.010000000
97.333333333 163.775232008 164.385236173 163.809471921 3042.130000000
97.500000000 163.530213568 164.213762635 163.640080008 3070.370000000
97.666666667 163.285174902 164.015329883 163.448365017 3098.560000000
97.833333333 163.187153906 163.831583326 163.234313951 3085.700000000
98.000000000 163.040116605 163.638024209 163.038059883 3115.100000000
98.166666667 162.868564435 163.437101226 162.859613280 3144.400000000
98.333333333 162.697003142 163.241065840 162.663284688 3175.600000000
98.500000000 162.402877429 163.037665925 162.453526703 3206.700000000
98.666666667 162.304829877 162.836703736 162.239259385 3236.500000000
98.833333333 162.035184991 162.633278093 162.038341029 3271.800000000
99.000000000 161.814551475 162.437193413 161.841847379 3303.900000000
99.166666667 161.642938613 162.236194946 161.631912425 3337.200000000
99.333333333 161.520353291 162.030282169 161.435336222 3371.800000000
99.500000000 161.177094215 161.826809238 161.243188886 3405.900000000
99.666666667 160.882849444 161.608615114 161.033123377 3441.100000000
99.833333333 160.784763387 161.412475031 160.831953606 3475.900000000
100.000000000 160.564061881 161.208969495 160.621797647 3512.000000000
100.166666667 160.343349822 161.000549795 160.425013790 3549.900000000
100.333333333 160.171677870 160.797024263 160.219241516 3586.800000000
100.500000000 160.024525765 160.603298488 160.022373919 3625.000000000
100.666666667 159.852843109 160.392397836 159.820989506 3662.200000000
100.833333333 159.607574656 160.196202801 159.619562032 3699.000000000
101.000000000 159.362300982 159.990189662 159.409136259 3740.500000000
101.166666667 159.215135946 159.793979371 159.212099357 3778.600000000
101.333333333 159.067971348 159.587952901 159.019500807 3821.500000000
101.500000000 158.798173608 159.384375722 158.813421642 3861.700000000
101.666666667 158.552911257 159.180797468 158.620741759 3903.100000000
101.833333333 158.381234561 158.969862289 158.419057950 3944.600000000
102.000000000 158.234088866 158.785910266 158.217331118 3986.700000000
102.166666667 158.111472178 158.570079275 158.015561270 4033.500000000
102.333333333 157.817212798 158.383687037 157.800292690 4076.900000000
102.500000000 157.596540711 158.158065978 157.625350940 4119.700000000
102.666666667 157.498471275 157.954529937 157.405506548 4166.600000000
102.833333333 157.277832628 157.760816842 157.208051817 4214.400000000
103.000000000 156.983689865 157.574474691 157.019533960 4260.400000000
103.166666667 156.763118169 157.358730516 156.817508991 4306.800000000
103.333333333 156.665096909 157.167523148 156.610950156 4356.600000000
103.500000000 156.420074472 156.961631268 156.422313742 4405.500000000
103.666666667 156.199594429 156.765568786 156.220161763 4456.800000000
103.833333333 155.954664911 156.557281493 156.026954175 4505.800000000
104.000000000 155.783246579 156.358826064 155.820223564 4556.600000000
104.166666667 155.538412514 156.160402194 155.622439243 4609.700000000
104.333333333 155.367065069 155.954664911 155.433606816 4660.000000000
104.500000000 155.318114391 155.761209097 155.235742249 4718.600000000
104.666666667 155.122338085 155.550652788 155.028839947 4771.500000000
104.833333333 154.804295597 155.354827157 154.826392114 4824.300000000
105.000000000 154.584182339 155.151701790 154.682403095 4884.700000000
105.166666667 154.339679773 154.960855505 154.457376803 4940.700000000
105.333333333 154.168570643 154.748038960 154.250305821 5000.600000000
105.500000000 153.924190356 154.547502399 154.052195970 5058.800000000
105.666666667 153.728738369 154.356792622 153.863052847 5118.400000000
105.833333333 153.557756189 154.153905787 153.660358033 5181.000000000
106.000000000 153.386809938 153.955955699 153.457620326 5239.500000000
106.166666667 153.215899786 153.753167318 153.268359772 5306.300000000
106.333333333 153.045025900 153.552871511 153.074554313 5369.800000000
106.500000000 152.776583472 153.367275519 152.876201224 5436.300000000
106.666666667 152.654594105 153.157310360 152.673297715 5501.300000000
106.833333333 152.459450217 152.952281038 152.483882431 5568.100000000
107.000000000 152.288738961 152.757063913 152.285407325 5637.800000000
107.166666667 152.044930275 152.566773389 151.947003047 5706.800000000
107.333333333 151.898681688 152.369212502 151.897360410 5778.200000000
107.500000000 151.703726519 152.174139398 151.703278268 5848.900000000
107.666666667 151.411386309 151.962052693 151.504642095 5918.300000000
107.833333333 151.192204476 151.767081552 151.305964970 5996.800000000
108.000000000 151.021773425 151.577032089 151.111763672 6071.100000000
108.166666667 150.851380802 151.372416043 150.913005589 6148.900000000
108.333333333 150.608029764 151.170289765 150.718725182 6226.300000000
108.500000000 150.413405977 150.973085889 150.510847049 6307.800000000
108.666666667 150.194515162 150.768632586 150.325526663 6382.600000000
108.833333333 150.024311583 150.578832956 150.108521061 6470.500000000
109.000000000 149.781231218 150.376919684 149.918601213 6553.300000000
109.166666667 149.465337859 150.187219916 149.742213604 6639.400000000
109.333333333 149.246709534 149.980551312 149.543173303 6724.100000000
109.500000000 149.076699890 149.786092071 149.339566454 6813.500000000
109.666666667 148.906718214 149.591680871 149.149494023 6900.900000000
109.833333333 148.712484980 149.385168082 148.963910248 6986.700000000
110.000000000 148.494009032 149.198132372 148.755650689 7084.500000000
110.166666667 148.348377711 149.008703981 148.560931326 7176.500000000
110.333333333 148.057155428 148.797458067 148.375230714 7265.300000000
110.500000000 147.911561805 148.620235113 148.021843579 7369.800000000
110.666666667 147.693189527 148.411482833 147.985591065 7462.500000000
110.833333333 147.571879572 148.212467709 147.786176556 7570.200000000
111.000000000 147.377793147 148.018329418 147.604852775 7669.900000000
111.166666667 147.159456445 147.816931345 147.396285601 7777.000000000
111.333333333 147.013902711 147.622829133 147.201277033 7881.200000000
111.500000000 146.795574882 147.421461702 147.001689524 7986.400000000
111.666666667 146.601505284 147.220104653 146.815670112 8099.700000000
111.833333333 146.407432009 147.035735630 146.625073276 8209.700000000
112.000000000 146.286132944 146.839240357 146.425356353 8326.100000000
112.166666667 146.043523728 146.637893519 146.230134672 8439.100000000
112.333333333 145.873685796 146.443821174 146.034869485 8560.500000000
112.500000000 145.655305004 146.244890517 145.848645672 8678.100000000
112.666666667 145.485436838 146.053228438 145.639664063 8803.400000000
112.833333333 145.388361952 145.846995953 145.457899819 8924.700000000
113.000000000 145.169921482 145.655305004 145.262460389 9054.800000000
113.166666667 144.927169732 145.463595478 145.066976320 9180.800000000
113.333333333 144.757217317 145.262155801 144.853256353 9310.300000000
113.500000000 144.611528497 145.060688744 144.684970813 9435.900000000
113.666666667 144.368686876 144.861619085 144.489353562 9575.700000000
113.833333333 144.198681075 144.664949263 144.293690765 9721.700000000
114.000000000 144.004375602 144.475540984 144.097982193 9859.200000000
114.166666667 143.785769705 144.269113510 143.911333505 9996.300000000
114.333333333 143.591446640 144.074812735 143.715534852 10149.500000000
114.500000000 143.372830518 143.875642267 143.510579539 10289.200000000
114.666666667 143.178506866 143.686179667 143.328354119 10449.500000000
114.833333333 143.008478141 143.491854905 143.132416519 10597.100000000
115.000000000 142.838456232 143.285384422 142.931873440 10762.000000000
115.166666667 142.595584614 143.108065729 142.749518518 10919.900000000
115.333333333 142.425589759 142.906464017 142.571682829 11087.500000000
115.500000000 142.207048021 142.709731434 142.361877374 11248.400000000
115.666666667 142.037092219 142.505728418 142.161142463 11416.600000000
115.833333333 141.794335670 142.318743605 141.978612331 11594.000000000
116.000000000 141.672975941 142.114783818 141.800605062 11761.400000000
116.166666667 141.478829023 141.922990796 141.599728258 11950.600000000
116.333333333 141.236200035 141.723945425 141.398800229 12128.400000000
116.500000000 141.017891531 141.534642478 141.206957283 12319.500000000
116.666666667 140.823889827 141.340522645 141.028775226 12505.100000000
116.833333333 140.702664555 141.144018345 140.827700336 12696.900000000
117.000000000 140.460277763 140.954835585 140.397956173 12898.200000000
117.166666667 140.217982101 140.758425634 140.439112263 13097.000000000
117.333333333 140.000000000 140.562069540 140.251605539 13307.300000000
117.500000000 139.903145925 140.368194277 139.894758531 13511.400000000
117.666666667 139.636880434 140.164690015 139.871878027 13731.500000000
117.833333333 139.394920955 139.966099183 139.679654633 13944.400000000
118.000000000 139.153049857 139.779680691 139.487382636 14162.200000000
118.166666667 139.032145361 139.583641425 139.276743149 14393.700000000
118.333333333 138.862911786 139.382825356 139.098111656 14613.000000000
118.500000000 138.645378479 139.189325151 138.901110134 14861.800000000
118.666666667 138.379578357 138.998295648 138.713223674 15095.900000000
118.833333333 138.282942322 138.795228591 138.520706145 15349.000000000
119.000000000 138.065544294 138.601878549 138.314382825 15592.900000000
119.166666667 137.824039731 138.408571029 138.135523560 15835.200000000
119.333333333 137.558436318 138.212886985 137.947446165 16109.100000000
119.500000000 137.341158627 138.007578746 137.750143670 16383.400000000
119.666666667 137.196321321 137.821624923 137.552789284 16647.400000000
119.833333333 136.882539208 137.621210875 137.369157135 16930.400000000
120.000000000 136.737728309 137.423238046 137.167109718 17205.300000000
120.166666667 136.641190760 137.232529663 136.987976564 17478.900000000
120.333333333 136.448121056 137.029770574 136.790420940 17786.200000000
120.500000000 136.230922652 136.843922366 136.597409084 18079.000000000
120.666666667 136.086124357 136.643604174 136.413541742 18390.400000000
120.833333333 135.965458278 136.445707719 136.215833633 18693.300000000
121.000000000 135.772388770 136.250229080 136.022672565 18995.700000000
121.166666667 135.555176260 136.061991233 135.838662867 19336.600000000
121.333333333 135.386223383 135.866510899 135.640801453 19652.700000000
121.500000000 135.241397882 135.675851362 135.461299984 20006.200000000
121.666666667 135.120702692 135.482769096 135.263337557 20345.500000000
121.833333333 134.927574479 135.284846474 135.074533224 20704.900000000
122.000000000 134.710280707 135.084492711 134.876466956 21058.400000000
122.166666667 134.492962813 134.888946334 134.687563435 21432.200000000
122.333333333 134.348071888 134.688549967 134.489392956 21803.300000000
122.500000000 134.154869925 134.505036625 134.295779455 22193.200000000
122.666666667 133.913347015 134.304602804 134.102114835 22576.300000000
122.833333333 133.647648888 134.111397406 133.917624729 22964.900000000
123.000000000 133.454400991 133.913347015 133.714631871 23389.900000000
123.166666667 133.309458984 133.724945145 133.530043967 23790.900000000
123.333333333 133.043720750 133.509960765 133.345409372 24237.700000000
123.500000000 132.947085690 133.328784859 133.156110374 24657.500000000
123.666666667 132.777971358 133.128275224 132.957524396 25128.500000000
123.833333333 132.633013859 132.930174417 132.763504338 25579.600000000
124.000000000 132.270614975 132.736900256 132.319835131 26060.800000000
124.166666667 132.125655056 132.536374656 132.375308629 26530.600000000
124.333333333 132.004855673 132.347927019 132.176508929 27034.900000000
124.500000000 131.811578684 132.132903039 131.973029442 27527.400000000
124.666666667 131.642464403 131.937208388 131.797251056 28017.900000000
124.833333333 131.497512410 131.741516640 131.598292316 28569.900000000
125.000000000 131.304248713 131.548245237 131.413165132 29125.200000000
125.166666667 131.038524222 131.350148189 131.218730376 29664.900000000
125.333333333 130.772818498 131.144811988 131.014980455 30248.100000000
125.500000000 130.555439636 130.937070515 130.815805391 30813.500000000
125.666666667 130.313928057 130.753495285 130.630476633 31382.000000000
125.833333333 130.169032654 130.548193962 130.435829870 32015.000000000
126.000000000 129.879270656 130.345323243 130.231857457 32625.000000000
126.166666667 129.734403869 130.142469502 130.046377509 33243.000000000
126.333333333 129.565402808 129.951707449 129.851571717 33917.000000000
126.500000000 129.348129092 129.751304554 129.652072448 34562.000000000
126.666666667 129.130866880 129.560574351 129.452516999 35272.000000000
126.833333333 129.082587567 129.348129092 129.266833330 35957.000000000
127.000000000 128.768778402 129.155006676 129.081100564 36695.000000000
127.166666667 128.575667189 128.952234992 128.876737535 37412.000000000
127.333333333 128.310136077 128.751881167 128.686254352 38146.000000000
127.500000000 128.117016641 128.556356022 128.486423062 38951.000000000
127.666666667 127.972171974 128.353587123 128.388810022 39723.000000000
127.833333333 127.706608009 128.155641081 128.081935953 40569.000000000
128.000000000 127.585888991 127.950444817 127.895884713 41374.000000000
128.166666667 127.199544632 127.752479801 127.700476219 42270.000000000
128.333333333 127.102946443 127.542428711 127.509666011 43128.000000000
128.500000000 126.933886152 127.354091112 127.309490081 44005.000000000
128.666666667 126.740651431 127.148831249 127.113911898 44960.000000000
128.833333333 126.619866159 126.945962485 126.908959220 45878.000000000
129.000000000 126.329934471 126.740651431 126.708603711 46892.000000000
129.166666667 126.184941560 126.532893852 126.517510780 47868.000000000
129.333333333 125.991587073 126.332350860 126.312374029 48922.000000000
129.500000000 125.822371280 126.134189481 126.116502089 49945.000000000
129.666666667 125.701484316 125.921486967 125.929903024 50999.000000000
129.833333333 125.508031223 125.715991593 125.719915390 52145.000000000
130.000000000 125.290343613 125.505612785 125.528534344 53244.000000000
130.166666667 125.169380516 125.324209952 125.332426889 54462.000000000
130.333333333 124.878990525 125.118570367 125.122245666 55643.000000000
130.500000000 124.661130270 124.898353291 124.916668717 56844.000000000
130.666666667 124.394797641 124.697443749 124.729723329 58157.000000000
130.833333333 124.128422560 124.489230755 124.276152867 59408.000000000
131.000000000 124.007335402 124.283408216 124.322927695 60807.000000000
131.166666667 123.716723982 124.077566291 124.121771378 62136.000000000
131.333333333 123.595640548 123.869294223 123.695856541 63532.000000000
131.500000000 123.426134371 123.665868349 123.714584149 65030.000000000
131.666666667 123.135597568 123.457612915 123.527282827 66574.000000000
131.833333333 122.941951011 123.244540713 123.316501577 68066.000000000
132.000000000 122.724154592 123.038769059 123.110335185 69630.000000000
132.166666667 122.578996086 122.828204722 122.904100089 71309.000000000
132.333333333 122.385507777 122.637055409 122.707174940 72937.000000000
132.500000000 122.264613989 122.426618259 122.256822736 74729.000000000
132.666666667 122.022920740 122.213847622 122.313134915 76434.000000000
132.833333333 121.853818126 121.993926653 122.092549125 78219.000000000
133.000000000 121.684790618 121.791027385 121.900057792 80150.000000000
133.166666667 121.491716181 121.580999331 121.702808055 82157.000000000
133.333333333 121.274645738 121.378338136 121.491397440 84087.000000000
133.500000000 121.081827331 121.170989641 121.279912422 86084.000000000
133.666666667 120.937301509 120.946934126 121.073054810 88263.000000000
133.833333333 120.672547348 120.742318822 120.875532879 90374.000000000
134.000000000 120.456146292 120.535469836 120.677945293 92666.000000000
134.166666667 120.167938036 120.314395668 120.466171146 95057.000000000
134.333333333 120.047967995 120.115142497 120.263738170 97247.000000000
134.500000000 119.688485305 119.901701792 120.056525305 99755.000000000
134.666666667 119.497011327 119.705247292 119.849239161 102232.000000000
134.833333333 119.305699273 119.485049677 119.646592996 104891.000000000
135.000000000 119.090655103 119.269845529 119.448591469 107644.000000000
135.166666667 118.923523483 119.059608339 119.236372071 110346.000000000
135.333333333 118.756494331 118.856699878 119.019356303 113111.000000000
135.500000000 118.518046572 118.656323415 118.618134059 116133.000000000
135.666666667 118.351240157 118.441781765 118.618134059 119043.000000000
135.833333333 118.136892854 118.227379579 118.415056107 122268.000000000
136.000000000 117.898869938 118.017863943 118.207180858 125366.000000000
136.166666667 117.684761401 117.815593681 117.985048699 128804.000000000
136.333333333 117.494520654 117.606278784 117.772287758 132160.000000000
136.500000000 117.304343522 117.399424721 117.568908360 135745.000000000
136.666666667 117.090458631 117.178381630 117.360723581 139288.000000000
136.833333333 116.805362545 116.962155110 117.161930141 143142.000000000
137.000000000 116.567834819 116.760229267 116.939387599 146944.000000000
137.166666667 116.401583207 116.546458973 116.745182721 150843.000000000
137.333333333 116.235339082 116.332710091 116.517735332 155115.000000000
137.500000000 115.997848030 116.128468895 116.309160518 159233.000000000
137.666666667 115.760341170 115.907598276 116.109993513 163787.000000000
137.833333333 115.546556369 115.681957321 115.882286630 167948.000000000
138.000000000 115.380251675 115.482413550 115.692459400 172720.000000000
138.166666667 115.166384864 115.270949221 115.483574124 177664.000000000
138.333333333 114.952453442 115.059428049 115.265109408 182899.000000000
138.500000000 114.762231475 114.835949130 115.051309903 187894.000000000
138.666666667 114.619529307 114.629043696 114.851688469 193406.000000000
138.833333333 114.405422923 114.407802215 114.632971848 198811.000000000
139.000000000 114.191258077 114.191258077 114.409409914 204302.000000000
139.166666667 113.953235816 113.974660260 114.214312762 210002.000000000
139.333333333 113.786586042 113.769919646 113.990578493 216288.000000000
139.500000000 113.477029527 113.555616418 113.600011905 222796.000000000
139.666666667 113.262680195 113.334133231 113.337887868 229150.000000000
139.833333333 113.143585320 113.124529445 113.366489427 236077.000000000
140.000000000 112.881552642 112.893463822 113.156709258 242852.000000000
140.166666667 112.524198739 112.690967701 112.927764474 250335.000000000
140.333333333 112.262126774 112.469402272 112.717812249 257610.000000000
140.500000000 112.095353892 112.238301970 112.522100520 265074.000000000
140.666666667 111.833290334 112.033410416 112.292883058 273329.000000000
140.833333333 111.571246252 111.807084869 112.054009522 281771.000000000
141.000000000 111.452144687 111.590303111 111.853272395 290070.000000000
141.166666667 111.190148357 111.371159727 111.647676707 299259.000000000
141.333333333 110.999633955 111.152043388 111.422863995 307976.000000000
141.500000000 110.761531677 110.930579330 111.212313814 292030.000000000
141.666666667 110.523482276 110.706775335 110.996890878 301380.000000000
141.833333333 110.309289780 110.494920289 110.790959340 310420.000000000
142.000000000 110.166525198 110.264078248 110.747847107 319880.000000000
142.166666667 109.928643577 110.057090133 110.517854933 330180.000000000
142.333333333 109.714608847 109.835889522 110.292555676 340370.000000000
142.500000000 109.500608838 109.614739192 110.000000000 351530.000000000
142.666666667 109.286621578 109.393614988 109.841663186 362430.000000000
142.833333333 109.001287088 109.162981701 109.572858935 374430.000000000
143.000000000 108.763458249 108.953726089 109.270285386 386200.000000000
143.166666667 108.644516578 108.723020449 109.034825982 399240.000000000
143.333333333 108.406559899 108.501755631 109.212631957 411960.000000000
143.500000000 108.144664440 108.282775761 108.616494914 426620.000000000
143.666666667 107.930247697 108.061296380 108.390354890 440220.000000000
143.833333333 107.739531158 107.837288986 107.908863998 455100.000000000
144.000000000 107.524815705 107.613109347 107.947400485 469800.000000000
144.166666667 107.262125640 107.395896699 107.735412547 486860.000000000
144.333333333 107.046958400 107.168914401 107.523333240 502340.000000000
144.500000000 106.735734115 106.936893235 107.296692504 520710.000000000
144.666666667 106.543935242 106.716564098 107.098898570 537430.000000000
144.833333333 106.375923812 106.488751341 106.852749679 555600.000000000
145.000000000 106.087466335 106.267819026 106.640285133 575400.000000000
145.166666667 105.967102227 106.048961296 106.422894736 595160.000000000
145.333333333 105.822522959 105.812878673 106.195737137 616960.000000000
145.500000000 105.629498369 105.578779932 105.978144355 638230.000000000
145.666666667 105.266750041 105.363592629 105.760451788 661460.000000000
145.833333333 105.000000000 105.128605757 105.513612258 685080.000000000
146.000000000 104.829911824 104.890686835 105.310235367 710010.000000000
146.166666667 104.635230598 104.654711760 105.106770160 735750.000000000
146.333333333 104.415888202 104.425643309 104.864433935 763440.000000000
146.500000000 104.147417774 104.196257710 104.651073454 790740.000000000
146.666666667 103.976398413 103.971510507 104.432762053 820890.000000000
146.833333333 103.731914074 103.727022811 104.204637432 850630.000000000
147.000000000 103.316040635 103.497087724 103.976399333 881680.000000000
147.166666667 103.169248326 103.262215427 103.757766608 915770.000000000
147.333333333 102.973561398 103.027369143 103.539028791 950290.000000000
147.500000000 102.680193061 102.795065376 103.290998231 986430.000000000
147.666666667 102.460368725 102.555600077 103.091502236 1024930.000000000
147.833333333 102.265168076 102.313948260 102.877310450 1063100.000000000
148.000000000 102.045844874 102.089683336 102.643529791 1103710.000000000
148.166666667 101.753970112 101.860909530 102.409626544 1147840.000000000
148.333333333 101.559802961 101.625293810 102.185353646 1191580.000000000
148.500000000 101.462859810 101.390218152 101.965846208 1237660.000000000
148.666666667 101.245113309 101.158170529 101.746229416 1287290.000000000
148.833333333 101.003841922 100.914765635 101.536270718 1338020.000000000
149.000000000 100.763353550 100.686575928 101.306665683 1392100.000000000
149.166666667 100.547650715 100.466357412 101.086717699 1446690.000000000
149.333333333 100.285051186 100.235056496 100.651380811 1506670.000000000
149.500000000 100.071116463 100.002368930 100.622016472 1566320.000000000
149.666666667 99.834439223 99.770708046 100.401720076 1629790.000000000
149.833333333 99.622239028 99.535176911 100.161713178 1697390.000000000
150.000000000 99.434099477 99.302596274 99.950983911 1766380.000000000
150.166666667 99.152435278 99.079730661 99.715628110 1841040.000000000
150.333333333 98.871018791 98.847564266 99.489956285 1916570.000000000
150.500000000 98.683319618 98.615229322 99.264163920 1993390.000000000
150.666666667 98.471878043 98.391885028 99.033337880 2080610.000000000
150.833333333 98.236369001 98.156113289 98.817130195 2165550.000000000
151.000000000 97.928885621 97.928885621 98.576221642 2258540.000000000
151.166666667 97.667497888 97.681773756 98.340094213 2360820.000000000
151.333333333 97.500874065 97.460400387 98.118602434 2463150.000000000
151.500000000 97.310449478 97.217695877 97.896991692 2569420.000000000
151.666666667 97.096549053 96.992212901 97.665403942 2679000.000000000
151.833333333 96.836129049 96.751252308 97.428753505 2799000.000000000
152.000000000 96.624348058 96.519024185 97.196900142 2919570.000000000
152.166666667 96.367682719 96.279691369 96.964914368 3051850.000000000
152.333333333 96.114074966 96.059217907 96.737735610 2934100.000000000
152.500000000 95.886741874 95.843905524 96.480770565 3070600.000000000
152.666666667 95.729419813 95.611126055 96.273101765 3107800.000000000
152.833333333 95.506716951 95.385016268 96.040582602 3355400.000000000
153.000000000 95.263715284 95.164679564 95.807927728 3398300.000000000
153.166666667 94.999845204 94.949312302 95.570181989 3673000.000000000
153.333333333 94.889979843 94.735997139 95.362037233 3841700.000000000
153.500000000 94.559473814 94.501918670 95.109142215 4029400.000000000
153.666666667 94.382005005 94.279383802 94.890827392 4216400.000000000
153.833333333 93.931694551 94.043106795 94.657492656 4281400.000000000
154.000000000 93.748179834 93.821814176 94.424017527 4483000.000000000
154.166666667 93.492989341 93.588457003 94.180456537 4695400.000000000
154.333333333 93.258641141 93.350269561 93.951666233 5098500.000000000
154.500000000 93.022572212 93.107723327 93.722738053 5166600.000000000
154.666666667 92.856571619 92.877941793 93.493670898 5607100.000000000
154.833333333 92.642548245 92.623502732 93.239541353 5881400.000000000
155.000000000 92.404378109 92.387704224 93.015165219 6187200.000000000
155.166666667 92.166312388 92.154420937 92.780671335 6278100.000000000
155.333333333 91.976275569 91.912266503 92.531045283 6605500.000000000
155.500000000 91.668657622 91.666296547 92.311233001 7177500.000000000
155.666666667 91.456428399 91.425813805 92.071285677 7300500.000000000
155.833333333 91.103664388 91.183543714 91.841186099 7944200.000000000
156.000000000 90.986256019 90.946350421 91.595917225 8059800.000000000
156.166666667 90.775040659 90.702305618 91.355489751 8801400.000000000
156.333333333 90.493468375 90.455915214 91.124926537 8932800.000000000
156.500000000 90.188171413 90.230473097 90.889194698 9764800.000000000
156.666666667 89.952908933 89.978811511 90.643262166 9917400.000000000
156.833333333 89.787948085 89.733706204 90.407203852 10846100.000000000
157.000000000 89.575614294 89.495355034 90.165956197 11026000.000000000
157.166666667 89.268698109 89.240367508 89.919507387 12059000.000000000
157.333333333 89.079864659 88.990214774 89.677915989 12275300.000000000
157.500000000 88.844043493 88.761596754 89.451269772 13444800.000000000
157.666666667 88.514652347 88.507607010 89.204308025 14179900.000000000
157.833333333 88.327007695 88.268475809 88.962215887 14993100.000000000
158.000000000 88.139907821 88.023291048 88.548253382 15831500.000000000
158.166666667 87.930191385 87.781529417 88.482580341 16756700.000000000
158.333333333 87.628460007 87.531100319 88.234933597 17118700.000000000
158.500000000 87.327006251 87.296825513 87.992172913 18730200.000000000
158.666666667 87.094481615 87.040851177 87.764434355 19154200.000000000
158.833333333 86.860744511 86.790297460 87.521353363 20957200.000000000
159.000000000 86.672479603 86.544591067 87.262899664 21446100.000000000
159.166666667 86.435051627 86.300868611 87.024553124 23496100.000000000
159.333333333 86.121987461 86.041583232 86.791126296 24859100.000000000
159.500000000 85.877054626 85.778069547 86.542311745 26363800.000000000
159.666666667 85.678595787 85.518583135 86.283162252 27925300.000000000
159.833333333 85.453328896 85.249364436 86.044176948 28660600.000000000
