0.166666667	10.873000000	108.799000000	529.410000000	644.600000000
0.333333333	10.865000000	108.704000000	529.870000000	644.360000000
0.500000000	10.858000000	108.632000000	530.400000000	643.190000000
0.666666667	10.846000000	108.559000000	530.950000000	643.740000000
0.833333333	10.839000000	108.492000000	531.480000000	643.270000000
1.000000000	10.831000000	108.414000000	532.060000000	642.120000000
1.166666667	10.826000000	108.334000000	532.640000000	641.810000000
1.333333333	10.812000000	108.246000000	533.210000000	641.460000000
1.500000000	10.803000000	108.172000000	533.790000000	641.040000000
1.666666667	10.795000000	108.087000000	534.410000000	640.690000000
1.833333333	10.786000000	108.002000000	534.950000000	641.180000000
2.000000000	10.776000000	107.922000000	535.570000000	640.760000000
2.166666667	10.762000000	107.834000000	536.130000000	639.530000000
2.333333333	10.750000000	107.746000000	537.930000000	639.160000000
2.500000000	10.742000000	107.661000000	537.280000000	638.810000000
2.666666667	10.733000000	107.580000000	537.860000000	639.250000000
2.833333333	10.723000000	107.491000000	538.430000000	638.140000000
3.000000000	10.723000000	107.412000000	538.930000000	638.720000000
3.166666667	10.706000000	107.331000000	539.510000000	637.450000000
3.333333333	10.697000000	107.243000000	540.040000000	638.020000000
3.500000000	10.690000000	107.161000000	540.560000000	637.680000000
3.666666667	10.676000000	107.086000000	541.100000000	637.280000000
3.833333333	10.667000000	107.003000000	541.640000000	636.970000000
4.000000000	10.659000000	106.925000000	542.160000000	635.850000000
4.166666667	10.649000000	106.846000000	542.690000000	636.310000000
4.333333333	10.643000000	106.766000000	543.230000000	635.230000000
4.500000000	10.635000000	106.689000000	543.760000000	635.770000000
4.666666667	10.632000000	106.604000000	544.260000000	635.480000000
4.833333333	10.624000000	106.527000000	544.790000000	634.370000000
5.000000000	10.613000000	106.446000000	545.320000000	634.850000000
5.166666667	10.603000000	106.367000000	545.870000000	634.520000000
5.333333333	10.594000000	106.280000000	546.380000000	633.400000000
5.500000000	10.582000000	106.203000000	546.870000000	633.980000000
5.666666667	10.574000000	106.116000000	547.430000000	633.690000000
5.833333333	10.563000000	106.035000000	549.400000000	632.560000000
6.000000000	10.555000000	105.959000000	548.490000000	633.110000000
6.166666667	10.542000000	105.879000000	549.030000000	632.700000000
6.333333333	10.534000000	105.794000000	549.570000000	631.640000000
6.500000000	10.528000000	105.710000000	550.090000000	632.230000000
6.666666667	10.518000000	105.629000000	550.620000000	631.890000000
6.833333333	10.510000000	105.545000000	551.170000000	630.800000000
7.000000000	10.500000000	105.465000000	551.710000000	631.330000000
7.166666667	10.496000000	105.379000000	552.230000000	631.040000000
7.333333333	10.486000000	105.296000000	552.770000000	629.990000000
7.500000000	10.477000000	105.211000000	553.330000000	629.710000000
7.666666667	10.467000000	105.125000000	553.880000000	630.220000000
7.833333333	10.455000000	105.042000000	554.420000000	629.870000000
8.000000000	10.444000000	104.958000000	555.020000000	628.790000000
8.166666667	10.443000000	104.875000000	555.550000000	629.390000000
8.333333333	10.434000000	104.785000000	556.090000000	629.020000000
8.500000000	10.422000000	104.698000000	556.680000000	627.980000000
8.666666667	10.411000000	104.614000000	557.200000000	628.520000000
8.833333333	10.400000000	104.530000000	557.780000000	628.210000000
9.000000000	10.393000000	104.444000000	558.280000000	627.220000000
9.166666667	10.388000000	104.354000000	558.860000000	627.790000000
9.333333333	10.380000000	104.269000000	559.420000000	627.520000000
9.500000000	10.370000000	104.181000000	559.970000000	627.220000000
9.666666667	10.358000000	104.098000000	560.510000000	626.950000000
9.833333333	10.350000000	104.006000000	561.110000000	626.680000000
10.000000000	10.339000000	103.921000000	561.670000000	625.680000000
10.166666667	10.330000000	103.832000000	562.230000000	626.210000000
10.333333333	10.322000000	103.744000000	562.730000000	625.950000000
10.500000000	10.308000000	103.653000000	563.350000000	624.930000000
10.666666667	10.300000000	103.569000000	563.920000000	625.490000000
10.833333333	10.296000000	103.481000000	564.460000000	625.250000000
11.000000000	10.284000000	103.388000000	565.040000000	624.250000000
11.166666667	10.276000000	103.302000000	565.620000000	624.760000000
11.333333333	10.265000000	103.210000000	566.160000000	624.480000000
11.500000000	10.254000000	103.126000000	566.740000000	623.540000000
11.666666667	10.245000000	103.035000000	567.310000000	624.070000000
11.833333333	10.240000000	102.941000000	567.900000000	623.870000000
12.000000000	10.226000000	102.853000000	568.420000000	622.870000000
12.166666667	10.217000000	102.768000000	569.010000000	622.630000000
12.333333333	10.208000000	102.672000000	569.580000000	623.150000000
12.500000000	10.196000000	102.579000000	570.170000000	622.930000000
12.666666667	10.187000000	102.486000000	570.740000000	622.120000000
12.833333333	10.177000000	102.399000000	571.320000000	622.610000000
13.000000000	10.170000000	102.307000000	571.860000000	622.330000000
13.166666667	10.159000000	102.221000000	572.440000000	621.480000000
13.333333333	10.151000000	102.129000000	572.980000000	622.020000000
13.500000000	10.141000000	102.038000000	573.600000000	621.780000000
13.666666667	10.130000000	101.944000000	574.190000000	620.890000000
13.833333333	10.121000000	101.851000000	574.760000000	621.420000000
14.000000000	10.115000000	101.756000000	575.350000000	621.250000000
14.166666667	10.112000000	101.668000000	575.910000000	620.400000000
14.333333333	10.100000000	101.569000000	576.520000000	620.940000000
14.500000000	10.091000000	101.478000000	577.090000000	620.710000000
14.666666667	10.077000000	101.384000000	577.710000000	619.870000000
14.833333333	10.065000000	101.295000000	578.250000000	620.350000000
15.000000000	10.059000000	101.198000000	578.840000000	619.560000000
15.166666667	10.050000000	101.109000000	579.420000000	620.060000000
15.333333333	10.040000000	101.015000000	580.000000000	619.870000000
15.500000000	10.030000000	100.920000000	580.580000000	619.780000000
15.666666667	10.022000000	100.827000000	581.190000000	619.600000000
15.833333333	10.011000000	100.729000000	581.770000000	618.810000000
16.000000000	9.999000000	100.633000000	582.350000000	619.330000000
16.166666667	9.985000000	100.544000000	582.910000000	619.130000000
16.333333333	9.978000000	100.452000000	583.510000000	619.020000000
16.500000000	9.971000000	100.361000000	584.110000000	618.970000000
16.666666667	9.964000000	100.258000000	584.690000000	618.770000000
16.833333333	9.950000000	100.163000000	585.300000000	617.990000000
17.000000000	9.938000000	100.068000000	585.890000000	618.570000000
17.166666667	9.933000000	99.971000000	586.480000000	618.490000000
17.333333333	9.921000000	99.879000000	587.110000000	617.660000000
17.500000000	9.913000000	99.779000000	587.680000000	617.570000000
17.666666667	9.905000000	99.688000000	588.260000000	618.110000000
17.833333333	9.897000000	99.588000000	588.850000000	618.020000000
18.000000000	9.886000000	99.493000000	589.440000000	617.240000000
18.166666667	9.874000000	99.394000000	590.010000000	617.900000000
18.333333333	9.864000000	99.305000000	590.600000000	617.120000000
18.500000000	9.857000000	99.211000000	591.200000000	617.080000000
18.666666667	9.848000000	99.119000000	591.800000000	617.500000000
18.833333333	9.836000000	99.025000000	592.380000000	617.580000000
19.000000000	9.824000000	98.926000000	592.950000000	617.470000000
19.166666667	9.818000000	98.827000000	593.530000000	616.720000000
19.333333333	9.811000000	98.735000000	594.180000000	617.470000000
19.500000000	9.800000000	98.638000000	594.700000000	617.360000000
19.666666667	9.787000000	98.542000000	595.310000000	616.670000000
19.833333333	9.782000000	98.441000000	595.940000000	617.330000000
20.000000000	9.777000000	98.348000000	596.520000000	617.280000000
20.166666667	9.767000000	98.250000000	597.110000000	616.580000000
20.333333333	9.751000000	98.152000000	597.710000000	617.200000000
20.500000000	9.741000000	98.056000000	598.330000000	617.130000000
20.666666667	9.733000000	97.960000000	598.920000000	616.470000000
20.833333333	9.722000000	97.861000000	599.500000000	617.160000000
21.000000000	9.712000000	97.760000000	600.580000000	616.510000000
21.166666667	9.700000000	97.664000000	600.730000000	617.110000000
21.333333333	9.693000000	97.569000000	601.310000000	617.140000000
21.500000000	9.682000000	97.471000000	601.890000000	616.510000000
21.666666667	9.671000000	97.377000000	602.490000000	617.200000000
21.833333333	9.661000000	97.276000000	603.060000000	617.090000000
22.000000000	9.658000000	97.180000000	603.650000000	616.590000000
22.166666667	9.647000000	97.078000000	604.240000000	617.310000000
22.333333333	9.632000000	96.989000000	604.850000000	617.250000000
22.500000000	9.625000000	96.890000000	605.440000000	616.690000000
22.666666667	9.617000000	96.795000000	606.000000000	617.390000000
22.833333333	9.608000000	96.698000000	606.630000000	617.450000000
23.000000000	9.595000000	96.598000000	607.190000000	616.810000000
23.166666667	9.585000000	96.505000000	607.790000000	617.450000000
23.333333333	9.576000000	96.404000000	608.380000000	617.550000000
23.500000000	9.565000000	96.307000000	609.020000000	616.960000000
23.666666667	9.555000000	96.209000000	609.610000000	617.700000000
23.833333333	9.543000000	96.113000000	610.220000000	617.700000000
24.000000000	9.536000000	96.013000000	610.810000000	617.250000000
24.166666667	9.528000000	95.914000000	611.440000000	617.990000000
24.333333333	9.523000000	95.812000000	612.010000000	617.500000000
24.500000000	9.511000000	95.722000000	612.590000000	618.240000000
24.666666667	9.500000000	95.619000000	613.220000000	618.290000000
24.833333333	9.489000000	95.518000000	613.820000000	617.800000000
25.000000000	9.477000000	95.419000000	614.380000000	617.940000000
25.166666667	9.471000000	95.326000000	615.000000000	618.700000000
25.333333333	9.461000000	95.224000000	615.580000000	618.190000000
25.500000000	9.448000000	95.124000000	616.160000000	619.000000000
25.666666667	9.439000000	95.028000000	616.750000000	619.110000000
25.833333333	9.428000000	94.929000000	617.350000000	618.630000000
26.000000000	9.421000000	94.829000000	617.960000000	619.450000000
26.166666667	9.410000000	94.738000000	618.500000000	619.550000000
26.333333333	9.399000000	94.638000000	619.140000000	619.150000000
26.500000000	9.388000000	94.542000000	619.700000000	619.930000000
26.666666667	9.380000000	94.441000000	620.300000000	620.130000000
26.833333333	9.372000000	94.347000000	620.910000000	619.670000000
27.000000000	9.362000000	94.250000000	621.480000000	620.550000000
27.166666667	9.350000000	94.145000000	622.080000000	620.700000000
27.333333333	9.337000000	94.048000000	622.690000000	620.250000000
27.500000000	9.333000000	93.952000000	623.290000000	621.120000000
27.666666667	9.322000000	93.850000000	623.900000000	620.750000000
27.833333333	9.310000000	93.750000000	624.500000000	621.580000000
28.000000000	9.302000000	93.649000000	625.080000000	621.790000000
28.166666667	9.287000000	93.554000000	625.650000000	621.360000000
28.333333333	9.280000000	93.456000000	626.290000000	622.280000000
28.500000000	9.271000000	93.357000000	626.870000000	622.500000000
28.666666667	9.260000000	93.256000000	627.440000000	622.120000000
28.833333333	9.248000000	93.155000000	628.030000000	623.050000000
29.000000000	9.238000000	93.059000000	628.660000000	623.340000000
29.166666667	9.230000000	92.960000000	630.710000000	622.990000000
29.333333333	9.220000000	92.859000000	629.810000000	623.850000000
29.500000000	9.211000000	92.761000000	630.380000000	624.150000000
29.666666667	9.201000000	92.668000000	630.990000000	623.890000000
29.833333333	9.193000000	92.570000000	631.600000000	624.820000000
30.000000000	9.184000000	92.470000000	632.140000000	625.100000000
30.166666667	9.173000000	92.369000000	632.760000000	624.800000000
30.333333333	9.164000000	92.266000000	633.360000000	625.780000000
30.500000000	9.157000000	92.171000000	633.940000000	626.040000000
30.666666667	9.145000000	92.070000000	634.520000000	625.820000000
30.833333333	9.132000000	91.975000000	635.100000000	626.800000000
31.000000000	9.123000000	91.880000000	635.690000000	627.070000000
31.166666667	9.120000000	91.785000000	636.300000000	626.880000000
31.333333333	9.108000000	91.684000000	636.870000000	627.830000000
31.500000000	9.100000000	91.580000000	637.500000000	628.210000000
31.666666667	9.084000000	91.488000000	638.090000000	627.970000000
31.833333333	9.075000000	91.384000000	638.620000000	629.020000000
32.000000000	9.062000000	91.289000000	639.240000000	629.310000000
32.166666667	9.054000000	91.191000000	639.850000000	629.160000000
32.333333333	9.047000000	91.092000000	640.450000000	630.220000000
32.500000000	9.037000000	90.993000000	641.050000000	630.620000000
32.666666667	9.030000000	90.894000000	641.640000000	631.120000000
32.833333333	9.016000000	90.793000000	642.240000000	631.460000000
33.000000000	9.005000000	90.698000000	642.820000000	631.330000000
33.166666667	8.998000000	90.593000000	643.380000000	632.450000000
33.333333333	8.986000000	90.501000000	643.980000000	632.870000000
33.500000000	8.978000000	90.402000000	644.570000000	633.350000000
33.666666667	8.967000000	90.306000000	645.140000000	633.200000000
33.833333333	8.957000000	90.206000000	645.730000000	634.280000000
34.000000000	8.947000000	90.111000000	646.330000000	634.140000000
34.166666667	8.942000000	90.017000000	646.880000000	635.350000000
34.333333333	8.931000000	89.917000000	647.470000000	635.790000000
34.500000000	8.919000000	89.820000000	648.100000000	635.660000000
34.666666667	8.907000000	89.715000000	648.690000000	636.820000000
34.833333333	8.898000000	89.618000000	649.250000000	637.380000000
35.000000000	8.887000000	89.525000000	649.800000000	637.270000000
35.166666667	8.878000000	89.427000000	650.430000000	638.420000000
35.333333333	8.866000000	89.332000000	650.990000000	638.960000000
35.500000000	8.863000000	89.231000000	651.590000000	638.980000000
35.666666667	8.851000000	89.132000000	652.160000000	640.200000000
35.833333333	8.835000000	89.035000000	652.750000000	640.720000000
36.000000000	8.830000000	88.940000000	653.310000000	640.700000000
36.166666667	8.823000000	88.836000000	653.920000000	641.990000000
36.333333333	8.816000000	88.744000000	654.520000000	642.580000000
36.500000000	8.803000000	88.640000000	655.110000000	643.170000000
36.666666667	8.795000000	88.544000000	655.680000000	643.800000000
36.833333333	8.785000000	88.443000000	656.270000000	644.410000000
37.000000000	8.775000000	88.349000000	656.900000000	644.430000000
37.166666667	8.762000000	88.246000000	657.440000000	645.750000000
37.333333333	8.750000000	88.150000000	658.020000000	645.760000000
37.500000000	8.743000000	88.058000000	658.610000000	647.160000000
37.666666667	8.736000000	87.958000000	659.190000000	647.840000000
37.833333333	8.727000000	87.860000000	659.780000000	647.800000000
38.000000000	8.717000000	87.766000000	660.360000000	649.140000000
38.166666667	8.710000000	87.665000000	662.600000000	649.270000000
38.333333333	8.696000000	87.567000000	661.550000000	650.590000000
38.500000000	8.686000000	87.470000000	662.090000000	651.300000000
38.666666667	8.671000000	87.373000000	662.680000000	652.050000000
38.833333333	8.667000000	87.273000000	663.280000000	652.860000000
39.000000000	8.655000000	87.174000000	663.860000000	652.970000000
39.166666667	8.646000000	87.072000000	664.420000000	654.340000000
39.333333333	8.631000000	86.974000000	665.020000000	655.070000000
39.500000000	8.624000000	86.877000000	665.600000000	655.190000000
39.666666667	8.616000000	86.774000000	666.180000000	656.730000000
39.833333333	8.607000000	86.682000000	666.740000000	656.900000000
40.000000000	8.600000000	86.578000000	667.350000000	658.410000000
40.166666667	8.592000000	86.484000000	667.940000000	659.200000000
40.333333333	8.581000000	86.385000000	670.160000000	659.980000000
40.500000000	8.573000000	86.288000000	669.100000000	660.290000000
40.666666667	8.563000000	86.189000000	669.690000000	661.800000000
40.833333333	8.553000000	86.092000000	670.260000000	661.980000000
41.000000000	8.546000000	85.996000000	670.830000000	663.610000000
41.166666667	8.533000000	85.893000000	671.410000000	664.430000000
41.333333333	8.521000000	85.801000000	671.990000000	664.580000000
41.500000000	8.513000000	85.701000000	672.540000000	666.180000000
41.666666667	8.501000000	85.602000000	673.150000000	667.020000000
41.833333333	8.492000000	85.507000000	673.710000000	667.390000000
42.000000000	8.481000000	85.408000000	674.290000000	669.020000000
42.166666667	8.471000000	85.311000000	674.870000000	669.310000000
42.333333333	8.463000000	85.213000000	675.450000000	670.950000000
42.500000000	8.452000000	85.119000000	676.030000000	671.860000000
42.666666667	8.441000000	85.021000000	676.590000000	672.850000000
42.833333333	8.434000000	84.924000000	677.140000000	673.250000000
43.000000000	8.426000000	84.831000000	677.750000000	674.220000000
43.166666667	8.411000000	84.732000000	678.330000000	675.310000000
43.333333333	8.402000000	84.639000000	678.870000000	676.980000000
43.500000000	8.397000000	84.541000000	679.460000000	678.100000000
43.666666667	8.386000000	84.444000000	680.030000000	678.430000000
43.833333333	8.376000000	84.346000000	680.650000000	680.160000000
44.000000000	8.363000000	84.250000000	681.180000000	681.200000000
44.166666667	8.357000000	84.151000000	681.770000000	681.700000000
44.333333333	8.343000000	84.051000000	682.350000000	683.440000000
44.500000000	8.334000000	83.953000000	682.890000000	684.480000000
44.666666667	8.325000000	83.856000000	683.460000000	684.990000000
44.833333333	8.314000000	83.756000000	684.040000000	686.880000000
45.000000000	8.307000000	83.661000000	684.660000000	687.920000000
45.166666667	8.297000000	83.560000000	685.240000000	689.270000000
45.333333333	8.287000000	83.466000000	685.790000000	690.400000000
45.500000000	8.279000000	83.365000000	686.410000000	690.990000000
45.666666667	8.272000000	83.270000000	686.980000000	692.950000000
45.833333333	8.260000000	83.168000000	687.520000000	694.110000000
46.000000000	8.249000000	83.073000000	688.100000000	694.620000000
46.166666667	8.241000000	82.979000000	688.660000000	696.620000000
46.333333333	8.232000000	82.879000000	689.240000000	697.160000000
46.500000000	8.221000000	82.777000000	689.790000000	699.140000000
46.666666667	8.212000000	82.688000000	690.370000000	700.440000000
46.833333333	8.204000000	82.593000000	690.960000000	701.020000000
47.000000000	8.195000000	82.491000000	691.500000000	702.320000000
47.166666667	8.180000000	82.392000000	692.070000000	704.400000000
47.333333333	8.173000000	82.294000000	692.660000000	705.070000000
47.500000000	8.165000000	82.197000000	693.220000000	707.100000000
47.666666667	8.155000000	82.102000000	693.770000000	707.740000000
47.833333333	8.148000000	82.006000000	694.320000000	709.060000000
48.000000000	8.138000000	81.907000000	694.930000000	711.240000000
48.166666667	8.128000000	81.812000000	695.500000000	712.730000000
48.333333333	8.116000000	81.714000000	696.050000000	714.010000000
48.500000000	8.108000000	81.618000000	696.610000000	714.790000000
48.666666667	8.099000000	81.527000000	697.170000000	717.020000000
48.833333333	8.091000000	81.432000000	697.750000000	718.460000000
49.000000000	8.081000000	81.328000000	698.270000000	719.160000000
49.166666667	8.074000000	81.237000000	698.810000000	721.360000000
49.333333333	8.057000000	81.141000000	699.420000000	722.090000000
49.500000000	8.052000000	81.041000000	699.960000000	724.550000000
49.666666667	8.042000000	80.947000000	700.530000000	725.990000000
49.833333333	8.033000000	80.854000000	701.070000000	726.840000000
50.000000000	8.026000000	80.755000000	701.640000000	728.400000000
50.166666667	8.017000000	80.659000000	702.200000000	730.040000000
50.333333333	8.007000000	80.565000000	702.760000000	732.470000000
50.500000000	7.992000000	80.466000000	703.340000000	734.000000000
50.666666667	7.986000000	80.367000000	703.910000000	734.890000000
50.833333333	7.975000000	80.272000000	704.470000000	737.450000000
51.000000000	7.968000000	80.174000000	705.040000000	738.400000000
51.166666667	7.960000000	80.076000000	705.610000000	740.930000000
51.333333333	7.948000000	79.987000000	706.170000000	742.560000000
51.500000000	7.936000000	79.888000000	706.720000000	744.390000000
51.666666667	7.921000000	79.791000000	707.250000000	746.010000000
51.833333333	7.919000000	79.694000000	707.830000000	746.970000000
52.000000000	7.914000000	79.603000000	708.390000000	748.740000000
52.166666667	7.897000000	79.509000000	708.930000000	750.510000000
52.333333333	7.891000000	79.414000000	709.480000000	753.180000000
52.500000000	7.885000000	79.321000000	710.030000000	755.050000000
52.666666667	7.877000000	79.224000000	710.580000000	756.810000000
52.833333333	7.866000000	79.125000000	711.140000000	758.740000000
53.000000000	7.855000000	79.032000000	711.680000000	760.510000000
53.166666667	7.848000000	78.938000000	712.240000000	761.600000000
53.333333333	7.836000000	78.845000000	712.760000000	763.460000000
53.500000000	7.826000000	78.751000000	713.300000000	766.260000000
53.666666667	7.818000000	78.655000000	713.890000000	768.250000000
53.833333333	7.809000000	78.563000000	714.410000000	769.250000000
54.000000000	7.801000000	78.464000000	714.940000000	772.090000000
54.166666667	7.793000000	78.369000000	715.520000000	774.040000000
54.333333333	7.784000000	78.279000000	716.060000000	775.080000000
54.500000000	7.774000000	78.191000000	716.560000000	778.060000000
54.666666667	7.763000000	78.096000000	717.090000000	780.030000000
54.833333333	7.752000000	77.998000000	717.660000000	781.980000000
55.000000000	7.747000000	77.911000000	718.220000000	783.230000000
55.166666667	7.738000000	77.814000000	718.720000000	786.290000000
55.333333333	7.725000000	77.727000000	719.250000000	788.320000000
55.500000000	7.715000000	77.634000000	719.790000000	789.510000000
55.666666667	7.710000000	77.544000000	720.320000000	792.610000000
55.833333333	7.701000000	77.451000000	720.840000000	793.710000000
56.000000000	7.690000000	77.361000000	721.430000000	795.970000000
56.166666667	7.677000000	77.272000000	721.920000000	799.220000000
56.333333333	7.672000000	77.175000000	722.460000000	801.460000000
56.500000000	7.663000000	77.082000000	723.010000000	802.760000000
56.666666667	7.652000000	76.997000000	723.560000000	806.100000000
56.833333333	7.643000000	76.903000000	724.090000000	808.360000000
57.000000000	7.636000000	76.813000000	724.580000000	809.690000000
57.166666667	7.625000000	76.727000000	725.120000000	813.050000000
57.333333333	7.613000000	76.637000000	725.660000000	815.270000000
57.500000000	7.607000000	76.547000000	726.220000000	816.690000000
57.666666667	7.597000000	76.469000000	726.710000000	820.150000000
57.833333333	7.588000000	76.374000000	727.240000000	822.480000000
58.000000000	7.580000000	76.291000000	727.770000000	823.890000000
58.166666667	7.569000000	76.206000000	728.310000000	827.440000000
58.333333333	7.562000000	76.115000000	728.800000000	829.860000000
58.500000000	7.551000000	76.029000000	729.330000000	831.240000000
58.666666667	7.546000000	75.940000000	729.860000000	834.870000000
58.833333333	7.535000000	75.851000000	730.370000000	837.300000000
59.000000000	7.525000000	75.761000000	730.880000000	838.770000000
59.166666667	7.517000000	75.667000000	731.410000000	841.330000000
59.333333333	7.507000000	75.570000000	731.940000000	845.070000000
59.500000000	7.495000000	75.479000000	732.430000000	847.580000000
59.666666667	7.486000000	75.381000000	732.940000000	849.100000000
59.833333333	7.478000000	75.288000000	733.500000000	853.010000000
60.000000000	7.472000000	75.189000000	734.010000000	855.710000000
60.166666667	7.466000000	75.091000000	734.530000000	857.280000000
60.333333333	7.455000000	74.996000000	735.040000000	861.250000000
60.500000000	7.446000000	74.903000000	735.590000000	863.970000000
60.666666667	7.436000000	74.806000000	736.080000000	865.630000000
60.833333333	7.425000000	74.715000000	736.600000000	869.690000000
61.000000000	7.421000000	74.618000000	737.130000000	872.510000000
61.166666667	7.407000000	74.524000000	737.660000000	874.130000000
61.333333333	7.402000000	74.432000000	738.170000000	878.340000000
61.500000000	7.395000000	74.335000000	738.700000000	881.270000000
61.666666667	7.383000000	74.245000000	739.230000000	883.020000000
61.833333333	7.379000000	74.154000000	739.730000000	887.260000000
62.000000000	7.369000000	74.064000000	740.240000000	890.250000000
62.166666667	7.355000000	73.970000000	740.780000000	892.010000000
62.333333333	7.346000000	73.882000000	741.320000000	896.470000000
62.500000000	7.335000000	73.791000000	741.800000000	899.420000000
62.666666667	7.330000000	73.703000000	742.310000000	901.250000000
62.833333333	7.320000000	73.607000000	742.850000000	905.840000000
63.000000000	7.311000000	73.521000000	743.360000000	909.040000000
63.166666667	7.302000000	73.426000000	743.870000000	912.260000000
63.333333333	7.300000000	73.341000000	744.400000000	914.220000000
63.500000000	7.287000000	73.251000000	744.910000000	918.960000000
63.666666667	7.278000000	73.158000000	745.430000000	921.010000000
63.833333333	7.266000000	73.067000000	745.990000000	924.240000000
64.000000000	7.258000000	72.978000000	746.490000000	927.570000000
64.166666667	7.250000000	72.891000000	747.010000000	931.050000000
64.333333333	7.241000000	72.798000000	747.540000000	934.430000000
64.500000000	7.232000000	72.711000000	748.030000000	939.420000000
64.666666667	7.222000000	72.626000000	748.550000000	941.450000000
64.833333333	7.215000000	72.533000000	749.050000000	944.960000000
65.000000000	7.205000000	72.442000000	749.540000000	950.130000000
65.166666667	7.195000000	72.350000000	750.080000000	952.200000000
65.333333333	7.190000000	72.261000000	750.600000000	957.410000000
65.500000000	7.176000000	72.176000000	751.090000000	960.980000000
65.666666667	7.167000000	72.087000000	751.610000000	963.070000000
65.833333333	7.158000000	71.994000000	752.100000000	968.520000000
66.000000000	7.152000000	71.906000000	752.630000000	970.510000000
66.166666667	7.145000000	71.817000000	753.110000000	975.900000000
66.333333333	7.132000000	71.731000000	753.590000000	978.110000000
66.500000000	7.122000000	71.640000000	754.120000000	983.620000000
66.666666667	7.116000000	71.554000000	754.630000000	987.530000000
66.833333333	7.105000000	71.464000000	755.130000000	989.730000000
67.000000000	7.097000000	71.379000000	755.620000000	995.450000000
67.166666667	7.088000000	71.290000000	756.120000000	999.360000000
67.333333333	7.080000000	71.198000000	756.590000000	1001.730000000
67.500000000	7.067000000	71.114000000	757.130000000	1007.550000000
67.666666667	7.061000000	71.028000000	757.610000000	1011.570000000
67.833333333	7.054000000	70.938000000	758.370000000	1013.970000000
68.000000000	7.048000000	70.850000000	758.590000000	1019.970000000
68.166666667	7.036000000	70.761000000	759.080000000	1024.100000000
68.333333333	7.029000000	70.677000000	759.590000000	1026.580000000
68.500000000	7.022000000	70.589000000	760.100000000	1032.810000000
68.666666667	7.013000000	70.501000000	760.580000000	1037.080000000
68.833333333	7.007000000	70.414000000	761.100000000	1039.580000000
69.000000000	6.994000000	70.323000000	761.620000000	1045.860000000
69.166666667	6.986000000	70.240000000	762.080000000	1050.300000000
69.333333333	6.977000000	70.155000000	762.560000000	1052.840000000
69.500000000	6.969000000	70.069000000	763.050000000	1059.450000000
69.666666667	6.960000000	69.977000000	763.580000000	1063.970000000
69.833333333	6.950000000	69.890000000	764.080000000	1066.710000000
70.000000000	6.943000000	69.800000000	764.590000000	1073.570000000
70.166666667	6.936000000	69.718000000	765.080000000	1078.220000000
70.333333333	6.926000000	69.628000000	765.840000000	1080.980000000
70.500000000	6.918000000	69.538000000	766.080000000	1088.000000000
70.666666667	6.906000000	69.453000000	766.560000000	1090.750000000
70.833333333	6.900000000	69.363000000	767.050000000	1097.940000000
71.000000000	6.891000000	69.281000000	767.540000000	1102.730000000
71.166666667	6.882000000	69.191000000	768.010000000	1105.560000000
71.333333333	6.875000000	69.106000000	768.510000000	1112.870000000
71.500000000	6.868000000	69.023000000	769.000000000	1117.850000000
71.666666667	6.859000000	68.934000000	769.490000000	1120.680000000
71.833333333	6.848000000	68.844000000	769.980000000	1125.900000000
72.000000000	6.840000000	68.754000000	770.480000000	1130.980000000
72.166666667	6.830000000	68.672000000	770.980000000	1136.160000000
72.333333333	6.824000000	68.596000000	771.440000000	1141.670000000
72.500000000	6.813000000	68.503000000	771.900000000	1146.900000000
72.666666667	6.809000000	68.421000000	772.420000000	1152.180000000
72.833333333	6.801000000	68.336000000	772.870000000	1157.860000000
73.000000000	6.791000000	68.245000000	773.350000000	1163.180000000
73.166666667	6.784000000	68.162000000	773.860000000	1168.690000000
73.333333333	6.775000000	68.077000000	774.350000000	1174.340000000
73.500000000	6.767000000	67.987000000	774.840000000	1179.960000000
73.666666667	6.756000000	67.900000000	775.300000000	1185.420000000
73.833333333	6.747000000	67.820000000	775.770000000	1191.370000000
74.000000000	6.741000000	67.736000000	776.220000000	1197.150000000
74.166666667	6.733000000	67.654000000	776.680000000	1203.160000000
74.333333333	6.721000000	67.569000000	777.160000000	1208.880000000
74.500000000	6.715000000	67.485000000	777.660000000	1214.770000000
74.666666667	6.707000000	67.397000000	778.140000000	1220.920000000
74.833333333	6.700000000	67.310000000	778.640000000	1226.960000000
75.000000000	6.692000000	67.231000000	779.080000000	1232.990000000
75.166666667	6.680000000	67.145000000	779.590000000	1239.390000000
75.333333333	6.673000000	67.061000000	780.050000000	1245.500000000
75.500000000	6.664000000	66.976000000	780.500000000	1252.020000000
75.666666667	6.658000000	66.893000000	780.980000000	1258.330000000
75.833333333	6.649000000	66.810000000	781.470000000	1264.690000000
76.000000000	6.641000000	66.721000000	781.930000000	1271.320000000
76.166666667	6.632000000	66.636000000	782.390000000	1277.820000000
76.333333333	6.626000000	66.554000000	782.900000000	1284.370000000
76.500000000	6.613000000	66.470000000	783.330000000	1291.130000000
76.666666667	6.607000000	66.389000000	783.780000000	1297.700000000
76.833333333	6.601000000	66.305000000	784.260000000	1304.850000000
77.000000000	6.592000000	66.221000000	784.740000000	1311.230000000
77.166666667	6.583000000	66.138000000	785.170000000	1318.450000000
77.333333333	6.570000000	66.057000000	785.660000000	1325.700000000
77.500000000	6.563000000	65.975000000	786.110000000	1332.740000000
77.666666667	6.557000000	65.890000000	786.560000000	1340.000000000
77.833333333	6.548000000	66.398000000	787.080000000	1347.560000000
78.000000000	6.536000000	65.717000000	787.520000000	1354.960000000
78.166666667	6.532000000	65.632000000	788.040000000	1362.400000000
78.333333333	6.524000000	65.552000000	788.490000000	1370.140000000
78.500000000	6.518000000	65.472000000	788.960000000	1377.730000000
78.666666667	6.509000000	65.385000000	789.410000000	1385.650000000
78.833333333	6.500000000	65.303000000	789.880000000	1393.180000000
79.000000000	6.490000000	65.217000000	790.380000000	1400.890000000
79.166666667	6.483000000	65.132000000	790.840000000	1409.090000000
79.333333333	6.473000000	65.044000000	791.280000000	1416.830000000
79.500000000	6.469000000	64.963000000	791.780000000	1424.780000000
79.666666667	6.460000000	64.883000000	792.220000000	1433.060000000
79.833333333	6.448000000	64.802000000	792.680000000	1441.070000000
80.000000000	6.440000000	64.721000000	793.130000000	1449.220000000
80.166666667	6.436000000	64.651000000	793.570000000	1457.830000000
80.333333333	6.427000000	64.574000000	794.030000000	1466.110000000
80.500000000	6.419000000	64.498000000	794.480000000	1474.540000000
80.666666667	6.409000000	64.416000000	794.960000000	1483.280000000
80.833333333	6.392000000	64.331000000	795.390000000	1491.790000000
81.000000000	6.388000000	64.251000000	795.840000000	1500.860000000
81.166666667	6.382000000	64.173000000	796.300000000	1509.590000000
81.333333333	6.367000000	64.092000000	796.780000000	1518.390000000
81.500000000	6.365000000	64.007000000	797.240000000	1527.830000000
81.666666667	6.362000000	63.926000000	797.680000000	1536.710000000
81.833333333	6.355000000	63.845000000	798.150000000	1545.810000000
82.000000000	6.346000000	63.768000000	798.990000000	1555.360000000
82.166666667	6.336000000	63.685000000	799.060000000	1564.670000000
82.333333333	6.332000000	63.605000000	799.520000000	1574.320000000
82.500000000	6.321000000	63.527000000	799.950000000	1583.810000000
82.666666667	6.312000000	63.442000000	800.400000000	1593.430000000
82.833333333	6.306000000	63.366000000	800.860000000	1603.490000000
83.000000000	6.299000000	63.280000000	801.300000000	1613.230000000
83.166666667	6.291000000	63.199000000	801.770000000	1623.580000000
83.333333333	6.283000000	63.119000000	802.210000000	1633.470000000
83.500000000	6.273000000	63.040000000	802.640000000	1643.670000000
83.666666667	6.266000000	62.957000000	803.090000000	1654.330000000
83.833333333	6.260000000	62.876000000	803.540000000	1664.410000000
84.000000000	6.251000000	62.802000000	803.960000000	1674.740000000
84.166666667	6.243000000	62.719000000	804.410000000	1685.630000000
84.333333333	6.237000000	62.637000000	804.880000000	1696.250000000
84.500000000	6.229000000	62.563000000	805.310000000	1706.870000000
84.666666667	6.221000000	62.478000000	805.740000000	1718.150000000
84.833333333	6.210000000	62.403000000	806.180000000	1729.120000000
85.000000000	6.205000000	62.320000000	806.630000000	1740.180000000
85.166666667	6.193000000	62.238000000	807.060000000	1751.690000000
85.333333333	6.187000000	62.160000000	807.520000000	1762.880000000
85.500000000	6.177000000	62.084000000	807.960000000	1774.340000000
85.666666667	6.168000000	62.010000000	808.400000000	1786.150000000
85.833333333	6.162000000	61.929000000	808.820000000	1797.780000000
86.000000000	6.157000000	61.850000000	809.240000000	1809.610000000
86.166666667	6.148000000	61.773000000	809.720000000	1822.090000000
86.333333333	6.140000000	61.698000000	810.150000000	1833.930000000
86.500000000	6.133000000	61.619000000	810.550000000	1846.660000000
86.666666667	6.123000000	61.534000000	811.010000000	1858.920000000
86.833333333	6.118000000	61.455000000	811.450000000	1871.230000000
87.000000000	6.113000000	61.378000000	811.860000000	1884.310000000
87.166666667	6.103000000	61.303000000	812.280000000	1897.030000000
87.333333333	6.091000000	61.225000000	812.720000000	1910.300000000
87.500000000	6.081000000	61.147000000	813.200000000	1923.080000000
87.666666667	6.078000000	61.067000000	813.620000000	1936.110000000
87.833333333	6.073000000	60.990000000	814.030000000	1949.900000000
88.000000000	6.061000000	60.913000000	814.460000000	1963.080000000
88.166666667	6.054000000	60.831000000	814.930000000	1976.770000000
88.333333333	6.048000000	60.751000000	815.320000000	1991.000000000
88.500000000	6.040000000	60.677000000	815.720000000	2004.730000000
88.666666667	6.033000000	60.599000000	816.180000000	2018.490000000
88.833333333	6.026000000	60.524000000	816.600000000	2033.130000000
89.000000000	6.015000000	60.446000000	817.010000000	2047.400000000
89.166666667	5.998000000	60.371000000	817.450000000	2062.310000000
89.333333333	5.993000000	60.292000000	817.890000000	2076.840000000
89.500000000	5.988000000	60.214000000	818.290000000	2091.620000000
89.666666667	5.982000000	60.136000000	818.710000000	2107.160000000
89.833333333	5.974000000	60.058000000	819.150000000	2122.270000000
90.000000000	5.967000000	59.980000000	819.590000000	2138.210000000
90.166666667	5.962000000	59.905000000	820.000000000	2152.980000000
90.333333333	5.955000000	59.830000000	820.410000000	2169.330000000
90.500000000	5.949000000	59.751000000	820.880000000	2185.970000000
90.666666667	5.936000000	59.675000000	821.280000000	2202.350000000
90.833333333	5.926000000	59.598000000	821.700000000	2218.900000000
91.000000000	5.924000000	59.518000000	822.120000000	2236.450000000
91.166666667	5.917000000	59.443000000	822.630000000	2253.530000000
91.333333333	5.909000000	59.366000000	823.010000000	2271.480000000
91.500000000	5.902000000	59.285000000	823.440000000	2288.660000000
91.666666667	5.894000000	59.208000000	823.890000000	2306.080000000
91.833333333	5.885000000	59.132000000	824.310000000	2324.390000000
92.000000000	5.877000000	59.052000000	824.710000000	2342.040000000
92.166666667	5.867000000	58.980000000	825.130000000	2359.990000000
92.333333333	5.861000000	58.897000000	825.580000000	2379.100000000
92.500000000	5.857000000	58.820000000	826.010000000	2397.480000000
92.666666667	5.850000000	58.746000000	826.410000000	2415.990000000
92.833333333	5.843000000	58.670000000	826.820000000	2435.480000000
93.000000000	5.834000000	58.594000000	827.240000000	2454.380000000
93.166666667	5.828000000	58.516000000	827.660000000	2473.570000000
93.333333333	5.823000000	58.439000000	828.080000000	2493.710000000
93.500000000	5.816000000	58.362000000	828.500000000	2513.230000000
93.666666667	5.804000000	58.287000000	828.920000000	2532.870000000
93.833333333	5.798000000	58.213000000	829.330000000	2552.860000000
94.000000000	5.791000000	58.134000000	829.740000000	2574.020000000
94.166666667	5.782000000	58.051000000	830.170000000	2594.560000000
94.333333333	5.770000000	57.983000000	830.580000000	2616.140000000
94.500000000	5.765000000	57.905000000	830.990000000	2637.090000000
94.666666667	5.761000000	57.830000000	831.420000000	2658.220000000
94.833333333	5.754000000	57.753000000	831.830000000	2680.660000000
95.000000000	5.746000000	57.675000000	832.250000000	2702.400000000
95.166666667	5.740000000	57.603000000	832.610000000	2725.320000000
95.333333333	5.730000000	57.532000000	833.040000000	2747.530000000
95.500000000	5.722000000	57.451000000	833.460000000	2771.130000000
95.666666667	5.715000000	57.375000000	833.870000000	2793.860000000
95.833333333	5.707000000	57.302000000	834.280000000	2816.880000000
96.000000000	5.701000000	57.228000000	834.690000000	2841.330000000
96.166666667	5.688000000	57.154000000	835.140000000	2864.870000000
96.333333333	5.682000000	57.078000000	835.490000000	2889.920000000
96.500000000	5.675000000	57.002000000	835.920000000	2913.870000000
96.666666667	5.667000000	56.927000000	836.280000000	2938.600000000
96.833333333	5.654000000	56.854000000	836.710000000	2964.410000000
97.000000000	5.649000000	56.785000000	837.100000000	2989.420000000
97.166666667	5.640000000	56.705000000	837.520000000	3016.010000000
97.333333333	5.638000000	56.629000000	837.970000000	3042.130000000
97.500000000	5.628000000	56.559000000	838.350000000	3070.370000000
97.666666667	5.618000000	56.478000000	838.780000000	3098.560000000
97.833333333	5.614000000	56.403000000	839.260000000	3085.700000000
98.000000000	5.608000000	56.324000000	839.700000000	3115.100000000
98.166666667	5.601000000	56.242000000	840.100000000	3144.400000000
98.333333333	5.594000000	56.162000000	840.540000000	3175.600000000
98.500000000	5.582000000	56.079000000	841.010000000	3206.700000000
98.666666667	5.578000000	55.997000000	841.490000000	3236.500000000
98.833333333	5.567000000	55.914000000	841.940000000	3271.800000000
99.000000000	5.558000000	55.834000000	842.380000000	3303.900000000
99.166666667	5.551000000	55.752000000	842.850000000	3337.200000000
99.333333333	5.546000000	55.668000000	843.290000000	3371.800000000
99.500000000	5.532000000	55.585000000	843.720000000	3405.900000000
99.666666667	5.520000000	55.496000000	844.190000000	3441.100000000
99.833333333	5.516000000	55.416000000	844.640000000	3475.900000000
100.000000000	5.507000000	55.333000000	845.110000000	3512.000000000
100.166666667	5.498000000	55.248000000	845.550000000	3549.900000000
100.333333333	5.491000000	55.165000000	846.010000000	3586.800000000
100.500000000	5.485000000	55.086000000	846.450000000	3625.000000000
100.666666667	5.478000000	55.000000000	846.900000000	3662.200000000
100.833333333	5.468000000	54.920000000	847.350000000	3699.000000000
101.000000000	5.458000000	54.836000000	847.820000000	3740.500000000
101.166666667	5.452000000	54.756000000	848.260000000	3778.600000000
101.333333333	5.446000000	54.672000000	848.690000000	3821.500000000
101.500000000	5.435000000	54.589000000	849.150000000	3861.700000000
101.666666667	5.425000000	54.506000000	849.580000000	3903.100000000
101.833333333	5.418000000	54.420000000	850.030000000	3944.600000000
102.000000000	5.412000000	54.345000000	850.480000000	3986.700000000
102.166666667	5.407000000	54.257000000	850.930000000	4033.500000000
102.333333333	5.395000000	54.181000000	851.410000000	4076.900000000
102.500000000	5.386000000	54.089000000	851.800000000	4119.700000000
102.666666667	5.382000000	54.006000000	852.290000000	4166.600000000
102.833333333	5.373000000	53.927000000	852.730000000	4214.400000000
103.000000000	5.361000000	53.851000000	853.150000000	4260.400000000
103.166666667	5.352000000	53.763000000	853.600000000	4306.800000000
103.333333333	5.348000000	53.685000000	854.060000000	4356.600000000
103.500000000	5.338000000	53.601000000	854.480000000	4405.500000000
103.666666667	5.329000000	53.521000000	854.930000000	4456.800000000
103.833333333	5.319000000	53.436000000	855.360000000	4505.800000000
104.000000000	5.312000000	53.355000000	855.820000000	4556.600000000
104.166666667	5.302000000	53.274000000	856.260000000	4609.700000000
104.333333333	5.295000000	53.190000000	856.680000000	4660.000000000
104.500000000	5.293000000	53.111000000	857.120000000	4718.600000000
104.666666667	5.285000000	53.025000000	857.580000000	4771.500000000
104.833333333	5.272000000	52.945000000	858.030000000	4824.300000000
105.000000000	5.263000000	52.862000000	858.350000000	4884.700000000
105.166666667	5.253000000	52.784000000	858.850000000	4940.700000000
105.333333333	5.246000000	52.697000000	859.310000000	5000.600000000
105.500000000	5.236000000	52.615000000	859.750000000	5058.800000000
105.666666667	5.228000000	52.537000000	860.170000000	5118.400000000
105.833333333	5.221000000	52.454000000	860.620000000	5181.000000000
106.000000000	5.214000000	52.373000000	861.070000000	5239.500000000
106.166666667	5.207000000	52.290000000	861.490000000	5306.300000000
106.333333333	5.200000000	52.208000000	861.920000000	5369.800000000
106.500000000	5.189000000	52.132000000	862.360000000	5436.300000000
106.666666667	5.184000000	52.046000000	862.810000000	5501.300000000
106.833333333	5.176000000	51.962000000	863.230000000	5568.100000000
107.000000000	5.169000000	51.882000000	863.670000000	5637.800000000
107.166666667	5.159000000	51.804000000	864.420000000	5706.800000000
107.333333333	5.153000000	51.723000000	864.530000000	5778.200000000
107.500000000	5.145000000	51.643000000	864.960000000	5848.900000000
107.666666667	5.133000000	51.556000000	865.400000000	5918.300000000
107.833333333	5.124000000	51.476000000	865.840000000	5996.800000000
108.000000000	5.117000000	51.398000000	866.270000000	6071.100000000
108.166666667	5.110000000	51.314000000	866.710000000	6148.900000000
108.333333333	5.100000000	51.231000000	867.140000000	6226.300000000
108.500000000	5.092000000	51.150000000	867.600000000	6307.800000000
108.666666667	5.083000000	51.066000000	868.010000000	6382.600000000
108.833333333	5.076000000	50.988000000	868.490000000	6470.500000000
109.000000000	5.066000000	50.905000000	868.910000000	6553.300000000
109.166666667	5.053000000	50.827000000	869.300000000	6639.400000000
109.333333333	5.044000000	50.742000000	869.740000000	6724.100000000
109.500000000	5.037000000	50.662000000	870.190000000	6813.500000000
109.666666667	5.030000000	50.582000000	870.610000000	6900.900000000
109.833333333	5.022000000	50.497000000	871.020000000	6986.700000000
110.000000000	5.013000000	50.420000000	871.480000000	7084.500000000
110.166666667	5.007000000	50.342000000	871.910000000	7176.500000000
110.333333333	4.995000000	50.255000000	872.320000000	7265.300000000
110.500000000	4.989000000	50.182000000	873.100000000	7369.800000000
110.666666667	4.980000000	50.096000000	873.180000000	7462.500000000
110.833333333	4.975000000	50.014000000	873.620000000	7570.200000000
111.000000000	4.967000000	49.934000000	874.020000000	7669.900000000
111.166666667	4.958000000	49.851000000	874.480000000	7777.000000000
111.333333333	4.952000000	49.771000000	874.910000000	7881.200000000
111.500000000	4.943000000	49.688000000	875.350000000	7986.400000000
111.666666667	4.935000000	49.605000000	875.760000000	8099.700000000
111.833333333	4.927000000	49.529000000	876.180000000	8209.700000000
112.000000000	4.922000000	49.448000000	876.620000000	8326.100000000
112.166666667	4.912000000	49.365000000	877.050000000	8439.100000000
112.333333333	4.905000000	49.285000000	877.480000000	8560.500000000
112.500000000	4.896000000	49.203000000	877.890000000	8678.100000000
112.666666667	4.889000000	49.124000000	878.350000000	8803.400000000
112.833333333	4.885000000	49.039000000	878.750000000	8924.700000000
113.000000000	4.876000000	48.960000000	879.180000000	9054.800000000
113.166666667	4.866000000	48.881000000	879.610000000	9180.800000000
113.333333333	4.859000000	48.798000000	880.080000000	9310.300000000
113.500000000	4.853000000	48.715000000	880.450000000	9435.900000000
113.666666667	4.843000000	48.633000000	880.880000000	9575.700000000
113.833333333	4.836000000	48.552000000	881.310000000	9721.700000000
114.000000000	4.828000000	48.474000000	881.740000000	9859.200000000
114.166666667	4.819000000	48.389000000	882.150000000	9996.300000000
114.333333333	4.811000000	48.309000000	882.580000000	10149.500000000
114.500000000	4.802000000	48.227000000	883.030000000	10289.200000000
114.666666667	4.794000000	48.149000000	883.430000000	10449.500000000
114.833333333	4.787000000	48.069000000	883.860000000	10597.100000000
115.000000000	4.780000000	47.984000000	884.300000000	10762.000000000
115.166666667	4.770000000	47.911000000	884.700000000	10919.900000000
115.333333333	4.763000000	47.828000000	885.090000000	11087.500000000
115.500000000	4.754000000	47.747000000	885.550000000	11248.400000000
115.666666667	4.747000000	47.663000000	885.990000000	11416.600000000
115.833333333	4.737000000	47.586000000	886.390000000	11594.000000000
116.000000000	4.732000000	47.502000000	886.780000000	11761.400000000
116.166666667	4.724000000	47.423000000	887.220000000	11950.600000000
116.333333333	4.714000000	47.341000000	887.660000000	12128.400000000
116.500000000	4.705000000	47.263000000	888.080000000	12319.500000000
116.666666667	4.697000000	47.183000000	888.470000000	12505.100000000
116.833333333	4.692000000	47.102000000	888.910000000	12696.900000000
117.000000000	4.682000000	47.024000000	889.850000000	12898.200000000
117.166666667	4.672000000	46.943000000	889.760000000	13097.000000000
117.333333333	4.663000000	46.862000000	890.170000000	13307.300000000
117.500000000	4.659000000	46.782000000	890.950000000	13511.400000000
117.666666667	4.648000000	46.698000000	891.000000000	13731.500000000
117.833333333	4.638000000	46.616000000	891.420000000	13944.400000000
118.000000000	4.628000000	46.539000000	891.840000000	14162.200000000
118.166666667	4.623000000	46.458000000	892.300000000	14393.700000000
118.333333333	4.616000000	46.375000000	892.690000000	14613.000000000
118.500000000	4.607000000	46.295000000	893.120000000	14861.800000000
118.666666667	4.596000000	46.216000000	893.530000000	15095.900000000
118.833333333	4.592000000	46.132000000	893.950000000	15349.000000000
119.000000000	4.583000000	46.052000000	894.400000000	15592.900000000
119.166666667	4.573000000	45.972000000	894.790000000	15835.200000000
119.333333333	4.562000000	45.891000000	895.200000000	16109.100000000
119.500000000	4.553000000	45.806000000	895.630000000	16383.400000000
119.666666667	4.547000000	45.729000000	896.060000000	16647.400000000
119.833333333	4.534000000	45.646000000	896.460000000	16930.400000000
120.000000000	4.528000000	45.564000000	896.900000000	17205.300000000
120.166666667	4.524000000	45.485000000	897.290000000	17478.900000000
120.333333333	4.516000000	45.401000000	897.720000000	17786.200000000
120.500000000	4.507000000	45.324000000	898.140000000	18079.000000000
120.666666667	4.501000000	45.241000000	898.540000000	18390.400000000
120.833333333	4.496000000	45.159000000	898.970000000	18693.300000000
121.000000000	4.488000000	45.078000000	899.390000000	18995.700000000
121.166666667	4.479000000	45.000000000	899.790000000	19336.600000000
121.333333333	4.472000000	44.919000000	900.220000000	19652.700000000
121.500000000	4.466000000	44.840000000	900.610000000	20006.200000000
121.666666667	4.461000000	44.760000000	901.040000000	20345.500000000
121.833333333	4.453000000	44.678000000	901.450000000	20704.900000000
122.000000000	4.444000000	44.595000000	901.880000000	21058.400000000
122.166666667	4.435000000	44.514000000	902.290000000	21432.200000000
122.333333333	4.429000000	44.431000000	902.720000000	21803.300000000
122.500000000	4.421000000	44.355000000	903.140000000	22193.200000000
122.666666667	4.411000000	44.272000000	903.560000000	22576.300000000
122.833333333	4.400000000	44.192000000	903.960000000	22964.900000000
123.000000000	4.392000000	44.110000000	904.400000000	23389.900000000
123.166666667	4.386000000	44.032000000	904.800000000	23790.900000000
123.333333333	4.375000000	43.943000000	905.200000000	24237.700000000
123.500000000	4.371000000	43.868000000	905.610000000	24657.500000000
123.666666667	4.364000000	43.785000000	906.040000000	25128.500000000
123.833333333	4.358000000	43.703000000	906.460000000	25579.600000000
124.000000000	4.343000000	43.623000000	907.420000000	26060.800000000
124.166666667	4.337000000	43.540000000	907.300000000	26530.600000000
124.333333333	4.332000000	43.462000000	907.730000000	27034.900000000
124.500000000	4.324000000	43.373000000	908.170000000	27527.400000000
124.666666667	4.317000000	43.292000000	908.550000000	28017.900000000
124.833333333	4.311000000	43.211000000	908.980000000	28569.900000000
125.000000000	4.303000000	43.131000000	909.380000000	29125.200000000
125.166666667	4.292000000	43.049000000	909.800000000	29664.900000000
125.333333333	4.281000000	42.964000000	910.240000000	30248.100000000
125.500000000	4.272000000	42.878000000	910.670000000	30813.500000000
125.666666667	4.262000000	42.802000000	911.070000000	31382.000000000
125.833333333	4.256000000	42.717000000	911.490000000	32015.000000000
126.000000000	4.244000000	42.633000000	911.930000000	32625.000000000
126.166666667	4.238000000	42.549000000	912.330000000	33243.000000000
126.333333333	4.231000000	42.470000000	912.750000000	33917.000000000
126.500000000	4.222000000	42.387000000	913.180000000	34562.000000000
126.666666667	4.213000000	42.308000000	913.610000000	35272.000000000
126.833333333	4.211000000	42.220000000	914.010000000	35957.000000000
127.000000000	4.198000000	42.140000000	914.410000000	36695.000000000
127.166666667	4.190000000	42.056000000	914.850000000	37412.000000000
127.333333333	4.179000000	41.973000000	915.260000000	38146.000000000
127.500000000	4.171000000	41.892000000	915.690000000	38951.000000000
127.666666667	4.165000000	41.808000000	915.900000000	39723.000000000
127.833333333	4.154000000	41.726000000	916.560000000	40569.000000000
128.000000000	4.149000000	41.641000000	916.960000000	41374.000000000
128.166666667	4.133000000	41.559000000	917.380000000	42270.000000000
128.333333333	4.129000000	41.472000000	917.790000000	43128.000000000
128.500000000	4.122000000	41.394000000	918.220000000	44005.000000000
128.666666667	4.114000000	41.309000000	918.640000000	44960.000000000
128.833333333	4.109000000	41.225000000	919.080000000	45878.000000000
129.000000000	4.097000000	41.140000000	919.510000000	46892.000000000
129.166666667	4.091000000	41.054000000	919.920000000	47868.000000000
129.333333333	4.083000000	40.971000000	920.360000000	48922.000000000
129.500000000	4.076000000	40.889000000	920.780000000	49945.000000000
129.666666667	4.071000000	40.801000000	921.180000000	50999.000000000
129.833333333	4.063000000	40.716000000	921.630000000	52145.000000000
130.000000000	4.054000000	40.629000000	922.040000000	53244.000000000
130.166666667	4.049000000	40.554000000	922.460000000	54462.000000000
130.333333333	4.037000000	40.469000000	922.910000000	55643.000000000
130.500000000	4.028000000	40.378000000	923.350000000	56844.000000000
130.666666667	4.017000000	40.295000000	923.750000000	58157.000000000
130.833333333	4.006000000	40.209000000	924.720000000	59408.000000000
131.000000000	4.001000000	40.124000000	924.620000000	60807.000000000
131.166666667	3.989000000	40.039000000	925.050000000	62136.000000000
131.333333333	3.984000000	39.953000000	925.960000000	63532.000000000
131.500000000	3.977000000	39.869000000	925.920000000	65030.000000000
131.666666667	3.965000000	39.783000000	926.320000000	66574.000000000
131.833333333	3.957000000	39.695000000	926.770000000	68066.000000000
132.000000000	3.948000000	39.610000000	927.210000000	69630.000000000
132.166666667	3.942000000	39.523000000	927.650000000	71309.000000000
132.333333333	3.934000000	39.444000000	928.070000000	72937.000000000
132.500000000	3.929000000	39.357000000	929.030000000	74729.000000000
132.666666667	3.919000000	39.269000000	928.910000000	76434.000000000
132.833333333	3.912000000	39.178000000	929.380000000	78219.000000000
133.000000000	3.905000000	39.094000000	929.790000000	80150.000000000
133.166666667	3.897000000	39.007000000	930.210000000	82157.000000000
133.333333333	3.888000000	38.923000000	930.660000000	84087.000000000
133.500000000	3.880000000	38.837000000	931.110000000	86084.000000000
133.666666667	3.874000000	38.744000000	931.550000000	88263.000000000
133.833333333	3.863000000	38.659000000	931.970000000	90374.000000000
134.000000000	3.854000000	38.573000000	932.390000000	92666.000000000
134.166666667	3.842000000	38.481000000	932.840000000	95057.000000000
134.333333333	3.837000000	38.398000000	933.270000000	97247.000000000
134.500000000	3.822000000	38.309000000	933.710000000	99755.000000000
134.666666667	3.814000000	38.227000000	934.150000000	102232.000000000
134.833333333	3.806000000	38.135000000	934.580000000	104891.000000000
135.000000000	3.797000000	38.045000000	935.000000000	107644.000000000
135.166666667	3.790000000	37.957000000	935.450000000	110346.000000000
135.333333333	3.783000000	37.872000000	935.910000000	113111.000000000
135.500000000	3.773000000	37.788000000	936.760000000	116133.000000000
135.666666667	3.766000000	37.698000000	936.760000000	119043.000000000
135.833333333	3.757000000	37.608000000	937.190000000	122268.000000000
136.000000000	3.747000000	37.520000000	937.630000000	125366.000000000
136.166666667	3.738000000	37.435000000	938.100000000	128804.000000000
136.333333333	3.730000000	37.347000000	938.550000000	132160.000000000
136.500000000	3.722000000	37.260000000	938.980000000	135745.000000000
136.666666667	3.713000000	37.167000000	939.420000000	139288.000000000
136.833333333	3.701000000	37.076000000	939.840000000	143142.000000000
137.000000000	3.691000000	36.991000000	940.310000000	146944.000000000
137.166666667	3.684000000	36.901000000	940.720000000	150843.000000000
137.333333333	3.677000000	36.811000000	941.200000000	155115.000000000
137.500000000	3.667000000	36.725000000	941.640000000	159233.000000000
137.666666667	3.657000000	36.632000000	942.060000000	163787.000000000
137.833333333	3.648000000	36.537000000	942.540000000	167948.000000000
138.000000000	3.641000000	36.453000000	942.940000000	172720.000000000
138.166666667	3.632000000	36.364000000	943.380000000	177664.000000000
138.333333333	3.623000000	36.275000000	943.840000000	182899.000000000
138.500000000	3.615000000	36.181000000	944.290000000	187894.000000000
138.666666667	3.609000000	36.094000000	944.710000000	193406.000000000
138.833333333	3.600000000	36.001000000	945.170000000	198811.000000000
139.000000000	3.591000000	35.910000000	945.640000000	204302.000000000
139.166666667	3.581000000	35.819000000	946.050000000	210002.000000000
139.333333333	3.574000000	35.733000000	946.520000000	216288.000000000
139.500000000	3.561000000	35.643000000	947.340000000	222796.000000000
139.666666667	3.552000000	35.550000000	947.890000000	229150.000000000
139.833333333	3.547000000	35.462000000	947.830000000	236077.000000000
140.000000000	3.536000000	35.365000000	948.270000000	242852.000000000
140.166666667	3.521000000	35.280000000	948.750000000	250335.000000000
140.333333333	3.510000000	35.187000000	949.190000000	257610.000000000
140.500000000	3.503000000	35.090000000	949.600000000	265074.000000000
140.666666667	3.492000000	35.004000000	950.080000000	273329.000000000
140.833333333	3.481000000	34.909000000	950.580000000	281771.000000000
141.000000000	3.476000000	34.818000000	951.000000000	290070.000000000
141.166666667	3.465000000	34.726000000	951.430000000	299259.000000000
141.333333333	3.457000000	34.634000000	951.900000000	307976.000000000
141.500000000	3.447000000	34.541000000	952.340000000	292030.000000000
141.666666667	3.437000000	34.447000000	952.790000000	301380.000000000
141.833333333	3.428000000	34.358000000	953.220000000	310420.000000000
142.000000000	3.422000000	34.261000000	953.310000000	319880.000000000
142.166666667	3.412000000	34.174000000	953.790000000	330180.000000000
142.333333333	3.403000000	34.081000000	954.260000000	340370.000000000
142.500000000	3.394000000	33.988000000	954.870000000	351530.000000000
142.666666667	3.385000000	33.895000000	955.200000000	362430.000000000
142.833333333	3.373000000	33.798000000	955.760000000	374430.000000000
143.000000000	3.363000000	33.710000000	956.390000000	386200.000000000
143.166666667	3.358000000	33.613000000	956.880000000	399240.000000000
143.333333333	3.348000000	33.520000000	956.510000000	411960.000000000
143.500000000	3.337000000	33.428000000	957.750000000	426620.000000000
143.666666667	3.328000000	33.335000000	958.220000000	440220.000000000
143.833333333	3.320000000	33.241000000	959.220000000	455100.000000000
144.000000000	3.311000000	33.147000000	959.140000000	469800.000000000
144.166666667	3.300000000	33.056000000	959.580000000	486860.000000000
144.333333333	3.291000000	32.961000000	960.020000000	502340.000000000
144.500000000	3.278000000	32.864000000	960.490000000	520710.000000000
144.666666667	3.270000000	32.772000000	960.900000000	537430.000000000
144.833333333	3.263000000	32.677000000	961.410000000	555600.000000000
145.000000000	3.251000000	32.585000000	961.850000000	575400.000000000
145.166666667	3.246000000	32.494000000	962.300000000	595160.000000000
145.333333333	3.240000000	32.396000000	962.770000000	616960.000000000
145.500000000	3.232000000	32.299000000	963.220000000	638230.000000000
145.666666667	3.217000000	32.210000000	963.670000000	661460.000000000
145.833333333	3.206000000	32.113000000	964.180000000	685080.000000000
146.000000000	3.199000000	32.015000000	964.600000000	710010.000000000
146.166666667	3.191000000	31.918000000	965.020000000	735750.000000000
146.333333333	3.182000000	31.824000000	965.520000000	763440.000000000
146.500000000	3.171000000	31.730000000	965.960000000	790740.000000000
146.666666667	3.164000000	31.638000000	966.410000000	820890.000000000
146.833333333	3.154000000	31.538000000	966.880000000	850630.000000000
147.000000000	3.137000000	31.444000000	967.350000000	881680.000000000
147.166666667	3.131000000	31.348000000	967.800000000	915770.000000000
147.333333333	3.123000000	31.252000000	968.250000000	950290.000000000
147.500000000	3.111000000	31.157000000	968.760000000	986430.000000000
147.666666667	3.102000000	31.059000000	969.170000000	1024930.000000000
147.833333333	3.094000000	30.960000000	969.610000000	1063100.000000000
148.000000000	3.085000000	30.868000000	970.090000000	1103710.000000000
148.166666667	3.073000000	30.774000000	970.570000000	1147840.000000000
148.333333333	3.065000000	30.677000000	971.030000000	1191580.000000000
148.500000000	3.061000000	30.580000000	971.480000000	1237660.000000000
148.666666667	3.052000000	30.484000000	971.930000000	1287290.000000000
148.833333333	3.042000000	30.383000000	972.360000000	1338020.000000000
149.000000000	3.032000000	30.288000000	972.830000000	1392100.000000000
149.166666667	3.023000000	30.196000000	973.280000000	1446690.000000000
149.333333333	3.012000000	30.099000000	974.170000000	1506670.000000000
149.500000000	3.003000000	30.001000000	974.230000000	1566320.000000000
149.666666667	2.993000000	29.903000000	974.680000000	1629790.000000000
149.833333333	2.984000000	29.803000000	975.170000000	1697390.000000000
150.000000000	2.976000000	29.704000000	975.600000000	1766380.000000000
150.166666667	2.964000000	29.609000000	976.080000000	1841040.000000000
150.333333333	2.952000000	29.510000000	976.540000000	1916570.000000000
150.500000000	2.944000000	29.411000000	977.000000000	1993390.000000000
150.666666667	2.935000000	29.316000000	977.470000000	2080610.000000000
150.833333333	2.925000000	29.216000000	977.910000000	2165550.000000000
151.000000000	2.912000000	29.120000000	978.400000000	2258540.000000000
151.166666667	2.901000000	29.016000000	978.880000000	2360820.000000000
151.333333333	2.894000000	28.923000000	979.330000000	2463150.000000000
151.500000000	2.886000000	28.821000000	979.780000000	2569420.000000000
151.666666667	2.877000000	28.726000000	980.250000000	2679000.000000000
151.833333333	2.866000000	28.624000000	980.730000000	2799000.000000000
152.000000000	2.857000000	28.525000000	981.200000000	2919570.000000000
152.166666667	2.846000000	28.422000000	981.670000000	3051850.000000000
152.333333333	2.835000000	28.326000000	982.130000000	2934100.000000000
152.500000000	2.825000000	28.231000000	982.650000000	3070600.000000000
152.666666667	2.818000000	28.127000000	983.070000000	3107800.000000000
152.833333333	2.808000000	28.025000000	983.540000000	3355400.000000000
153.000000000	2.797000000	27.925000000	984.010000000	3398300.000000000
153.166666667	2.785000000	27.827000000	984.490000000	3673000.000000000
153.333333333	2.780000000	27.730000000	984.910000000	3841700.000000000
153.500000000	2.765000000	27.624000000	985.420000000	4029400.000000000
153.666666667	2.757000000	27.524000000	985.860000000	4216400.000000000
153.833333333	2.737000000	27.419000000	986.330000000	4281400.000000000
154.000000000	2.729000000	27.322000000	986.800000000	4483000.000000000
154.166666667	2.718000000	27.221000000	987.290000000	4695400.000000000
154.333333333	2.708000000	27.119000000	987.750000000	5098500.000000000
154.500000000	2.698000000	27.016000000	988.210000000	5166600.000000000
154.666666667	2.691000000	26.919000000	988.670000000	5607100.000000000
154.833333333	2.682000000	26.812000000	989.180000000	5881400.000000000
155.000000000	2.672000000	26.713000000	989.630000000	6187200.000000000
155.166666667	2.662000000	26.615000000	990.100000000	6278100.000000000
155.333333333	2.654000000	26.513000000	990.600000000	6605500.000000000
155.500000000	2.641000000	26.409000000	991.040000000	7177500.000000000
155.666666667	2.632000000	26.307000000	991.520000000	7300500.000000000
155.833333333	2.617000000	26.204000000	991.980000000	7944200.000000000
156.000000000	2.612000000	26.103000000	992.470000000	8059800.000000000
156.166666667	2.603000000	25.999000000	992.950000000	8801400.000000000
156.333333333	2.591000000	25.894000000	993.410000000	8932800.000000000
156.500000000	2.578000000	25.798000000	993.880000000	9764800.000000000
156.666666667	2.568000000	25.691000000	994.370000000	9917400.000000000
156.833333333	2.561000000	25.587000000	994.840000000	10846100.000000000
157.000000000	2.552000000	25.486000000	995.320000000	11026000.000000000
157.166666667	2.539000000	25.378000000	995.810000000	12059000.000000000
157.333333333	2.531000000	25.272000000	996.290000000	12275300.000000000
157.500000000	2.521000000	25.175000000	996.740000000	13444800.000000000
157.666666667	2.507000000	25.067000000	997.230000000	14179900.000000000
157.833333333	2.499000000	24.965000000	997.710000000	14993100.000000000
158.000000000	2.491000000	24.860000000	998.530000000	15831500.000000000
158.166666667	2.482000000	24.756000000	998.660000000	16756700.000000000
158.333333333	2.469000000	24.648000000	999.150000000	17118700.000000000
158.500000000	2.456000000	24.547000000	999.630000000	18730200.000000000
158.666666667	2.446000000	24.437000000	1000.080000000	19154200.000000000
158.833333333	2.436000000	24.330000000	1000.560000000	20957200.000000000
159.000000000	2.428000000	24.226000000	1001.070000000	21446100.000000000
159.166666667	2.418000000	24.124000000	1001.540000000	23496100.000000000
159.333333333	2.405000000	24.017000000	1002.000000000	24859100.000000000
159.500000000	2.395000000	23.910000000	1002.490000000	26363800.000000000
159.666666667	2.387000000	23.806000000	1003.000000000	27925300.000000000
159.833333333	2.378000000	23.699000000	1003.470000000	28660600.000000000
