0.003382540 -6.468629969
0.003384733 -6.468257576
0.003387262 -6.466440170
0.003389891 -6.467294918
0.003392429 -6.466564543
0.003395210 -6.464775202
0.003397996 -6.464292310
0.003400739 -6.463746828
0.003403535 -6.463091857
0.003406528 -6.462545721
0.003409140 -6.463310229
0.003412144 -6.462654972
0.003414862 -6.460733532
0.003423628 -6.460154814
0.003420457 -6.459607071
0.003423287 -6.460295614
0.003426072 -6.458557695
0.003428519 -6.459466174
0.003431362 -6.457475843
0.003433964 -6.458369631
0.003436521 -6.457836590
0.003439181 -6.457209119
0.003441845 -6.456722559
0.003444414 -6.454962686
0.003447037 -6.455685866
0.003449714 -6.453987138
0.003452345 -6.454836863
0.003454831 -6.454380619
0.003457470 -6.452632380
0.003460114 -6.453388751
0.003462862 -6.452868808
0.003465413 -6.451102134
0.003467869 -6.452017408
0.003470680 -6.451559876
0.003480605 -6.449775078
0.003476013 -6.450644183
0.003478736 -6.449996376
0.003481464 -6.448319612
0.003484095 -6.449253252
0.003486781 -6.448715328
0.003489573 -6.446988855
0.003492318 -6.447828705
0.003494966 -6.447369252
0.003497720 -6.445703946
0.003500581 -6.445259396
0.003503396 -6.446068965
0.003506164 -6.445513449
0.003509245 -6.443797338
0.003511972 -6.444751096
0.003514754 -6.444163053
0.003517799 -6.442508319
0.003520487 -6.443367849
0.003523491 -6.442874505
0.003526084 -6.441297356
0.003529098 -6.442205716
0.003532012 -6.441775543
0.003534880 -6.441297356
0.003537700 -6.440866793
0.003540839 -6.440436044
0.003543773 -6.438839058
0.003546713 -6.439685778
0.003549342 -6.439270496
0.003552608 -6.437639643
0.003555616 -6.438535343
0.003558471 -6.438151570
0.003561542 -6.436550929
0.003564619 -6.437367576
0.003567488 -6.436919303
0.003570576 -6.435412917
0.003573616 -6.436262542
0.003576768 -6.435942013
0.003579550 -6.434337829
0.003582713 -6.433952442
0.003585774 -6.434787260
0.003588949 -6.434434153
0.003592021 -6.433133000
0.003595153 -6.433920320
0.003598074 -6.433470499
0.003601216 -6.432103730
0.003604147 -6.432972247
0.003607519 -6.432586332
0.003610733 -6.431153933
0.003613844 -6.432007182
0.003617070 -6.431733577
0.003620137 -6.430364431
0.003623485 -6.431234459
0.003626618 -6.430863984
0.003630033 -6.429509779
0.003633013 -6.430283835
0.003636274 -6.429009549
0.003639486 -6.429816248
0.003642704 -6.429509779
0.003645927 -6.429364576
0.003649324 -6.429074109
0.003652560 -6.427798279
0.003655801 -6.428638249
0.003658937 -6.428315267
0.003662302 -6.428137582
0.003665674 -6.428056806
0.003668939 -6.427733637
0.003672380 -6.426472276
0.003675714 -6.427410362
0.003679055 -6.427281024
0.003682629 -6.425938144
0.003685868 -6.425792422
0.003689170 -6.426666435
0.003692536 -6.426520819
0.003695908 -6.425257927
0.003699171 -6.426326632
0.003702555 -6.425063494
0.003706003 -6.424998675
0.003709457 -6.425679069
0.003712803 -6.425808615
0.003716097 -6.425630484
0.003719455 -6.424415112
0.003723225 -6.425630484
0.003726247 -6.425452322
0.003729799 -6.424334035
0.003733474 -6.425403727
0.003736864 -6.425322730
0.003740319 -6.424188079
0.003743839 -6.425193120
0.003747484 -6.425079699
0.003750959 -6.424009660
0.003754382 -6.425128310
0.003760773 -6.424074543
0.003761662 -6.425047290
0.003765106 -6.425095903
0.003768555 -6.424074543
0.003772131 -6.425193120
0.003775534 -6.425014880
0.003779063 -6.424204297
0.003782600 -6.425371329
0.003786263 -6.425274128
0.003789813 -6.424366467
0.003793190 -6.425500915
0.003796995 -6.425598094
0.003800385 -6.424561035
0.003804024 -6.425598094
0.003807609 -6.425760037
0.003811506 -6.424804192
0.003815106 -6.426002903
0.003818836 -6.426002903
0.003822451 -6.425274128
0.003826318 -6.426472276
0.003829825 -6.425679069
0.003833400 -6.426876732
0.003837291 -6.426957603
0.003841004 -6.426164780
0.003844477 -6.426391365
0.003848330 -6.427620503
0.003851941 -6.426795854
0.003855560 -6.428105273
0.003859249 -6.428282963
0.003863007 -6.427507356
0.003866836 -6.428831988
0.003870233 -6.428993408
0.003874267 -6.428347570
0.003877803 -6.429606568
0.003881600 -6.429929133
0.003885469 -6.429187078
0.003889091 -6.430606182
0.003892911 -6.430847873
0.003896803 -6.430122623
0.003900639 -6.431524300
0.003904548 -6.430928424
0.003908400 -6.432264624
0.003912132 -6.432602415
0.003915806 -6.431910624
0.003919941 -6.433390152
0.003923695 -6.433743628
0.003927393 -6.433133000
0.003931227 -6.434626772
0.003935331 -6.435092116
0.003948746 -6.434530467
0.003942845 -6.435909955
0.003946580 -6.436390724
0.003950586 -6.435974071
0.003954600 -6.437463608
0.003958161 -6.437911637
0.003962257 -6.437431599
0.003966230 -6.438998872
0.003970078 -6.439414267
0.003973934 -6.439062790
0.003977798 -6.440627510
0.003981737 -6.441058177
0.003985817 -6.440755135
0.003989638 -6.442269429
0.003993870 -6.442874505
0.003997842 -6.442492395
0.004001417 -6.444163053
0.004005608 -6.444623981
0.004009740 -6.444385596
0.004013812 -6.446068965
0.004017894 -6.446703462
0.004021916 -6.447496019
0.004026015 -6.448034599
0.004029985 -6.447828705
0.004033826 -6.449601166
0.004037950 -6.450265030
0.004042014 -6.451023192
0.004045949 -6.450786328
0.004050029 -6.452490497
0.004054188 -6.452269750
0.004058008 -6.454176028
0.004062115 -6.454868320
0.004066509 -6.454663829
0.004070634 -6.456487041
0.004074557 -6.457366024
0.004078417 -6.457193428
0.004082849 -6.458996374
0.004086797 -6.459841855
0.004091035 -6.459873155
0.004095070 -6.461780628
0.004099256 -6.462592544
0.004103237 -6.462561329
0.004107583 -6.464572727
0.004111867 -6.465491323
0.004116089 -6.466409075
0.004120176 -6.467388119
0.004124416 -6.468335169
0.004128954 -6.468366205
0.004132852 -6.470412432
0.004137047 -6.470427918
0.004141323 -6.472593559
0.004145537 -6.473643752
0.004149832 -6.473582007
0.004154064 -6.475648410
0.004170493 -6.475848655
0.004162775 -6.477879643
0.004166740 -6.478970366
0.004171082 -6.480121246
0.004175507 -6.481362711
0.004179795 -6.481531186
0.004183943 -6.483627094
0.004188398 -6.484742100
0.004192713 -6.484925270
0.004197038 -6.487272975
0.004201222 -6.487531800
0.004205791 -6.489827838
0.004210219 -6.491026979
0.004226972 -6.492209532
0.004218955 -6.492679132
0.004223413 -6.494963395
0.004227730 -6.495235344
0.004232056 -6.497694628
0.004236467 -6.498929530
0.004240888 -6.499155262
0.004245089 -6.501559904
0.004249759 -6.502820030
0.004254056 -6.503374583
0.004258516 -6.505813955
0.004262986 -6.506247331
0.004267465 -6.508694619
0.004271955 -6.510049985
0.004276300 -6.511522422
0.004280575 -6.512116732
0.004285328 -6.513556467
0.004289858 -6.515171845
0.004294084 -6.517641730
0.004298712 -6.519294770
0.004303193 -6.519781305
0.004308078 -6.522328065
0.004312263 -6.523855949
0.004316932 -6.524589678
0.004321533 -6.527138869
0.004325825 -6.528659426
0.004330366 -6.529404240
0.004334997 -6.532159604
0.004339959 -6.533672552
0.004344611 -6.535633067
0.004349033 -6.537271140
0.004354029 -6.538125352
0.004358632 -6.540957847
0.004363003 -6.542630449
0.004367708 -6.543364933
0.004372261 -6.546240068
0.004376987 -6.547014940
0.004381478 -6.549851008
0.004386226 -6.551708709
0.004391066 -6.552536417
0.004395506 -6.554389141
0.004400203 -6.557346377
0.004405076 -6.558297089
0.004409711 -6.561172099
0.004414274 -6.562076795
0.004418848 -6.563940149
0.004423931 -6.567009926
0.004428693 -6.569102667
0.004433298 -6.570896968
0.004437997 -6.571988793
0.004442706 -6.575103734
0.004447596 -6.577110032
0.004451989 -6.578083864
0.004456560 -6.581138319
0.004461737 -6.582149785
0.004466330 -6.585550772
0.004471189 -6.587536241
0.004475803 -6.588706371
0.004480684 -6.590850348
0.004485491 -6.593099327
0.004490309 -6.596422384
0.004495310 -6.598509029
0.004500237 -6.599720828
0.004505088 -6.603198289
0.004510038 -6.604485683
0.004514999 -6.607906154
0.004519884 -6.610103675
0.004524694 -6.612565091
0.004529338 -6.614739005
0.004534433 -6.616025024
0.004539364 -6.618391794
0.004544129 -6.620752975
0.004548994 -6.624304243
0.004553869 -6.626783972
0.004558756 -6.629112231
0.004563744 -6.631659163
0.004568564 -6.633989261
0.004573574 -6.635421483
0.004578237 -6.637860733
0.004583090 -6.641521538
0.004588405 -6.644115201
0.004593100 -6.645416014
0.004597897 -6.649101124
0.004603158 -6.651623552
0.004608067 -6.652966250
0.004612623 -6.656803642
0.004617463 -6.659332380
0.004622680 -6.661829165
0.004627818 -6.663426395
0.004632416 -6.667325681
0.004637300 -6.669904099
0.004642288 -6.671412500
0.004647194 -6.675331297
0.004652019 -6.676718155
0.004657506 -6.679561497
0.004662074 -6.683636252
0.004667118 -6.686435064
0.004672269 -6.688055790
0.004677431 -6.692207804
0.004682417 -6.695007504
0.004687037 -6.696651458
0.004692139 -6.700792608
0.004697253 -6.703519347
0.004702570 -6.705259586
0.004707232 -6.709487250
0.004712286 -6.712324166
0.004717351 -6.714037026
0.004722524 -6.718336597
0.004727229 -6.721257012
0.004732328 -6.722918562
0.004737440 -6.727276024
0.004742369 -6.730182429
0.004747310 -6.731936533
0.004752456 -6.734983973
0.004757614 -6.739419464
0.004762393 -6.742385230
0.004767378 -6.744176965
0.004772864 -6.748771271
0.004777873 -6.751931534
0.004782991 -6.753764586
0.004788022 -6.758384822
0.004793460 -6.761538046
0.004798316 -6.763457566
0.004803481 -6.768136826
0.004808757 -6.771374115
0.004814046 -6.773229106
0.004819146 -6.778033762
0.004824459 -6.781364049
0.004829784 -6.783347850
0.004834820 -6.788138062
0.004839967 -6.791502322
0.004845430 -6.793477343
0.004850907 -6.798464829
0.004855785 -6.801750111
0.004860981 -6.803782689
0.004866494 -6.808862690
0.004871714 -6.812389098
0.004876945 -6.815925037
0.004882394 -6.818071243
0.004887650 -6.823242596
0.004893021 -6.825470894
0.004898820 -6.828971778
0.004904009 -6.832568263
0.004909419 -6.836312982
0.004914945 -6.839936718
0.004920067 -6.845262664
0.004925514 -6.847421240
0.004930764 -6.851142599
0.004935920 -6.856598817
0.004941616 -6.858775097
0.004947114 -6.864231722
0.004952306 -6.867953597
0.004957830 -6.870126099
0.004963046 -6.875769133
0.004968702 -6.877821707
0.004973836 -6.883360122
0.004978981 -6.885622138
0.004984675 -6.891239644
0.004990168 -6.895206876
0.004995565 -6.897432179
0.005000866 -6.903194896
0.005006288 -6.907115074
0.005011396 -6.909483784
0.005017278 -6.915276920
0.005022520 -6.919258858
0.005030842 -6.921628598
0.005033256 -6.927528494
0.005038643 -6.931569457
0.005044263 -6.933988168
0.005049896 -6.940038522
0.005055210 -6.944164351
0.005060980 -6.946572064
0.005066764 -6.952594792
0.005071893 -6.956831117
0.005077257 -6.959246554
0.005082744 -6.965505185
0.005088694 -6.969762474
0.005094321 -6.972334424
0.005100074 -6.978744822
0.005105615 -6.983066812
0.005114234 -6.985623316
0.005116962 -6.992096427
0.005122428 -6.994620812
0.005128021 -7.001190976
0.005133627 -7.005544202
0.005139016 -7.008107273
0.005144763 -7.014697543
0.005150408 -7.019162477
0.005156067 -7.021690923
0.005161739 -7.026337995
0.005167540 -7.030839792
0.005173356 -7.035409434
0.005178718 -7.040247382
0.005184093 -7.044817929
0.005190183 -7.049411079
0.005195466 -7.054328753
0.005201114 -7.058912913
0.005207129 -7.063638742
0.005212923 -7.068461567
0.005218730 -7.073235819
0.005224195 -7.077852421
0.005229791 -7.082859184
0.005235161 -7.087699011
0.005240663 -7.092706708
0.005246417 -7.097449590
0.005252426 -7.102310037
0.005258208 -7.107359952
0.005264246 -7.112294844
0.005269572 -7.117197393
0.005275759 -7.122374602
0.005281354 -7.127292335
0.005286839 -7.132513526
0.005292703 -7.137540724
0.005298705 -7.142582312
0.005304352 -7.147811010
0.005310012 -7.152910780
0.005316302 -7.158023605
0.005321619 -7.163273083
0.005327195 -7.168348746
0.005333156 -7.173843371
0.005339132 -7.178720907
0.005344498 -7.184212083
0.005350626 -7.189695901
0.005356267 -7.194992252
0.005361922 -7.200424893
0.005368472 -7.206050829
0.005374027 -7.211527213
0.005380609 -7.217003129
0.005386318 -7.222668203
0.005392296 -7.228192496
0.005398032 -7.233924623
0.005404037 -7.239344183
0.005410441 -7.244863028
0.005416348 -7.250699385
0.005422010 -7.256177261
0.005428460 -7.261772695
0.005434150 -7.267567297
0.005440111 -7.273141172
0.005445957 -7.278780760
0.005451686 -7.284704308
0.005457689 -7.290367914
0.005463575 -7.296101356
0.005469869 -7.302011131
0.005475520 -7.307732020
0.005481447 -7.313793556
0.005487521 -7.319593370
0.005493873 -7.325405842
0.005499976 -7.331603707
0.005505827 -7.337399046
0.005512091 -7.343303324
0.005523325 -7.349462309
0.005524263 -7.355430218
0.005530438 -7.361578712
0.005536223 -7.367588616
0.005542291 -7.373644204
0.005548509 -7.379937783
0.005554470 -7.385993659
0.005560853 -7.392388867
0.005566842 -7.398461865
0.005572709 -7.404686826
0.005578862 -7.411151372
0.005585030 -7.417225985
0.005590800 -7.423413208
0.005596996 -7.429894660
0.005603483 -7.436175211
0.005609433 -7.442416563
0.005615395 -7.449003410
0.005621510 -7.455367888
0.005627779 -7.461743835
0.005633783 -7.468336315
0.005640221 -7.474704114
0.005646394 -7.481183802
0.005652581 -7.487817744
0.005658501 -7.494307849
0.005664434 -7.500866631
0.005671231 -7.507739473
0.005677334 -7.514216484
0.005683024 -7.521133881
0.005689583 -7.527750953
0.005695872 -7.534351248
0.005701746 -7.541316985
0.005707776 -7.548044784
0.005714108 -7.555015577
0.005721032 -7.561683346
0.005727106 -7.568436084
0.005733049 -7.575533368
0.005739295 -7.582269947
0.005746140 -7.589219479
0.005751833 -7.596392304
0.005757684 -7.603264667
0.005764428 -7.610104986
0.005770601 -7.617331756
0.005776641 -7.624325974
0.005783138 -7.631581993
0.005789650 -7.638602787
0.005795584 -7.645694164
0.005801829 -7.653096348
0.005808387 -7.660241550
0.005814960 -7.667724309
0.005821100 -7.674608208
0.005827254 -7.682173643
0.005834325 -7.689814945
0.005840358 -7.697280251
0.005846707 -7.704766857
0.005853071 -7.712645066
0.005860818 -7.720253155
0.005866605 -7.728186880
0.005873168 -7.735721772
0.005880054 -7.743304392
0.005886496 -7.751212918
0.005892646 -7.758777623
0.005899117 -7.766412661
0.005906068 -7.774477544
0.005912727 -7.782173465
0.005918936 -7.789864420
0.005925314 -7.797899141
0.005931864 -7.805629463
0.005938429 -7.813417730
0.005945009 -7.821526840
0.005951606 -7.829324057
0.005958218 -7.837108326
0.005964688 -7.844969578
0.005971173 -7.853224158
0.005977991 -7.861172224
0.005984508 -7.869455228
0.005991040 -7.877431315
0.005997907 -7.885412005
0.006004470 -7.893818312
0.006011210 -7.901895546
0.006017000 -7.910341131
0.006023931 -7.918457605
0.006030718 -7.927010458
0.006037360 -7.935179431
0.006044017 -7.943385168
0.006050690 -7.952027531
0.006058032 -7.960278253
0.006063756 -7.968984099
0.006070805 -7.977237374
0.006076720 -7.985688556
0.006083801 -7.994433303
0.006090238 -8.002834668
0.006097188 -8.011690045
0.006104653 -8.020313207
0.006110972 -8.029553354
0.006118140 -8.038692766
0.006126163 -8.034533815
0.006133537 -8.044016533
0.006140258 -8.053378372
0.006147669 -8.063251870
0.006155607 -8.072997650
0.006163736 -8.082247778
0.006171379 -8.093095571
0.006178872 -8.102858868
0.006186897 -8.112887411
0.006194431 -8.123202005
0.006201812 -8.133264501
0.006209903 -8.143546467
0.006217670 -8.153608717
0.006225805 -8.163940955
0.006233442 -8.174674713
0.006241448 -8.185015719
0.006249126 -8.195609567
0.006257000 -8.205819339
0.006264896 -8.215817792
0.006273166 -8.226974571
0.006280930 -8.237108850
0.006288537 -8.248398295
0.006296697 -8.258862780
0.006304346 -8.269526388
0.006312372 -8.280102834
0.006320420 -8.290719100
0.006328491 -8.302389764
0.006337124 -8.313092175
0.006344157 -8.323535624
0.006353018 -8.334855634
0.006360997 -8.346262512
0.006368634 -8.357118332
0.006376839 -8.367950448
0.006385250 -8.379447216
0.006392950 -8.390609039
0.006401222 -8.402186299
0.006409149 -8.413120735
0.006417652 -8.424332010
0.006425809 -8.435918058
0.006433615 -8.446770727
0.006441815 -8.459267424
0.006450413 -8.470416000
0.006458847 -8.481420926
0.006464859 -8.493863150
0.006474278 -8.505262301
0.006482969 -8.517313184
0.006491306 -8.528884580
0.006499286 -8.540597169
0.006507859 -8.552753367
0.006516457 -8.563981353
0.006524504 -8.576650073
0.006532764 -8.588545943
0.006541241 -8.600853961
0.006549934 -8.612739707
0.006558070 -8.624809162
0.006566617 -8.637249197
0.006581242 -8.649413725
0.006583393 -8.661847494
0.006591815 -8.674008888
0.006600458 -8.685804524
0.006609125 -8.698981273
0.006617618 -8.711295087
0.006626334 -8.724028483
0.006634876 -8.736537535
0.006644039 -8.749542242
0.006652230 -8.761330817
0.006661847 -8.775008664
0.006670286 -8.787724019
0.006678144 -8.800776877
0.006687032 -8.813453367
0.006696149 -8.826661217
0.006704682 -8.839407117
0.006713035 -8.851763621
0.006722434 -8.865664578
0.006731245 -8.878567078
0.006739669 -8.890864869
0.006755760 -8.905145848
0.006757415 -8.917645758
0.006766533 -8.931974766
0.006774845 -8.945058856
0.006784431 -8.958925939
0.006793419 -8.972235456
0.006802643 -8.985495374
0.006811262 -8.999582303
0.006820116 -9.013071661
0.006829418 -9.027150438
0.006838536 -9.040630947
0.006847680 -9.054913879
0.006856423 -9.068557890
0.006866261 -9.082893289
0.006874841 -9.096577993
0.006884091 -9.111050283
0.006893368 -9.124869626
0.006903538 -9.138876593
0.006911568 -9.152276843
0.006920925 -9.166983918
0.006930310 -9.182115779
0.006939722 -9.196160308
0.006948723 -9.209970304
0.006958190 -9.225179722
0.006968127 -9.238850080
0.006976987 -9.254309409
0.006986538 -9.268335658
0.006996340 -9.283776690
0.007005278 -9.298342092
0.007014016 -9.313573627
0.007024352 -9.327981175
0.007034271 -9.342823716
0.007043314 -9.358243002
0.007052156 -9.372578262
0.007062160 -9.388536765
0.007072196 -9.403305089
0.007081804 -9.418938652
0.007090752 -9.433891840
0.007100876 -9.449113148
0.007122611 -9.464843046
0.007120524 -9.480138475
0.007130043 -9.496068036
0.007148231 -9.511289053
0.007149400 -9.527447743
0.007159239 -9.542833273
0.007169107 -9.558331722
0.007179950 -9.574545890
0.007189170 -9.589666822
0.007199367 -9.606549441
0.007209118 -9.622178463
0.007219137 -9.638805604
0.007229906 -9.654570961
0.007239267 -9.669990589
0.007249137 -9.687139609
0.007259521 -9.704023906
0.007269936 -9.720009327
0.007279654 -9.736866102
0.007290377 -9.752972755
0.007299911 -9.768749718
0.007310453 -9.786178155
0.007320783 -9.802506323
0.007330651 -9.819584068
0.007341290 -9.835920450
0.007351716 -9.851967917
0.007361674 -9.869754952
0.007372413 -9.885970012
0.007382182 -9.903797504
0.007392986 -9.920615036
0.007403320 -9.938125666
0.007414192 -9.955054809
0.007424590 -9.972649743
0.007435531 -9.989816613
0.007446250 -10.007541215
0.007457004 -10.024655962
0.007467277 -10.041722242
0.007478613 -10.060059584
0.007488951 -10.077058434
0.007499321 -10.095664551
0.007509982 -10.112836393
0.007521199 -10.131757939
0.007532190 -10.149550438
0.007557446 -10.168187549
0.007554279 -10.186054063
0.007565641 -10.204883903
0.007577306 -10.222937151
0.007587412 -10.240598871
0.007598883 -10.260108995
0.007609588 -10.279359058
0.007620863 -10.297719808
0.007632715 -10.317188652
0.007644336 -10.335708185
0.007655181 -10.353989759
0.007666605 -10.373959822
0.007678613 -10.392834145
0.007689564 -10.411599498
0.007701100 -10.431671643
0.007712950 -10.450510092
0.007724840 -10.470844727
0.007735936 -10.490079059
0.007747068 -10.510395785
0.007759352 -10.529746788
0.007770838 -10.549176182
0.007782923 -10.570059725
0.007788841 -10.589685644
0.007807502 -10.610759507
0.007818860 -10.630407943
0.007830824 -10.651832894
0.007842543 -10.671927717
0.007854874 -10.692058543
0.007866960 -10.713528485
0.007879664 -10.733740978
0.007892124 -10.755602364
0.007904044 -10.776202502
0.007916881 -10.797982472
0.007929176 -10.818677679
0.007940926 -10.839561304
0.007954189 -10.861783579
0.007966316 -10.882640401
0.007978781 -10.905258490
0.007992184 -10.926711563
0.008005337 -10.948065953
0.008017335 -10.970901529
0.008046596 -10.992184176
0.008043569 -11.015460193
0.008056604 -11.037080810
0.008084345 -11.059298995
0.008083121 -11.082603981
0.008095378 -11.106069390
0.008109215 -11.128233102
0.008122795 -11.150950788
0.008136425 -11.174777826
0.008149483 -11.197351334
0.008179503 -11.221623515
0.008175737 -11.244182902
0.008190508 -11.267267864
0.008203442 -11.291655158
0.008216737 -11.316387330
0.008231035 -11.339607256
0.008245389 -11.363078843
0.008259476 -11.388076273
0.008272973 -11.411711894
0.008286518 -11.436756910
0.008301086 -11.462231991
0.008315058 -11.485009413
0.008329410 -11.510472459
0.008343816 -11.535000019
0.008357948 -11.560676995
0.008371802 -11.586584765
0.008386703 -11.611376163
0.008401995 -11.636124916
0.008430414 -11.662491365
0.008430414 -11.687240051
0.008444872 -11.713970636
0.008459723 -11.738992738
0.008475650 -11.766047148
0.008490962 -11.791768589
0.008505650 -11.818533405
0.008520738 -11.844299011
0.008535196 -11.871592424
0.008551439 -11.897806841
0.008565664 -11.923994840
0.008582384 -11.951922056
0.008597775 -11.978123817
0.008612523 -12.006322082
0.008629447 -12.031409687
0.008643606 -12.059427065
0.008659240 -12.087649405
0.008675652 -12.116689367
0.008691774 -12.143633253
0.008706881 -12.172546885
0.008723494 -12.200109904
0.008740540 -12.227354570
0.008755470 -12.254872333
0.008772655 -12.284366132
0.008802816 -12.314011834
0.008823175 -12.342132090
0.008820949 -12.371913302
0.008837302 -12.400207483
0.008855218 -12.430555300
0.008871712 -12.459202092
0.008887143 -12.487764311
0.008905284 -12.518431477
0.008924268 -12.548849963
0.008940284 -12.577877552
0.008956747 -12.609064698
0.008974819 -12.637777137
0.008991810 -12.584611816
0.009009261 -12.616127206
0.009026007 -12.645681498
0.009029521 -12.675701204
0.009048312 -12.707393239
0.009066795 -12.737788540
0.009090909 -12.770050335
0.009104014 -12.800586631
0.009126348 -12.833160149
0.009151619 -12.864110649
0.009171382 -12.897318019
0.009156450 -12.928681536
0.009206705 -12.963648966
0.009225913 -12.995029881
0.009267079 -13.028272454
0.009263771 -13.060062351
0.009281999 -13.095731886
0.009300307 -13.127032460
0.009319952 -13.162948544
0.009337164 -13.194553798
0.009358674 -13.227803890
0.009377319 -13.262820730
0.009396474 -13.296585556
0.009416574 -13.332559471
0.009435908 -13.366453999
0.009455330 -13.402204792
0.009477450 -13.437290899
0.009495753 -13.473034333
0.009514135 -13.508645666
0.009536122 -13.545589815
0.009555564 -13.580724495
0.009575539 -13.618144397
0.009596502 -13.653732530
0.009617567 -13.689584457
0.009637833 -13.727520520
0.009658194 -13.764522480
0.009681386 -13.801847644
0.009700121 -13.840134876
0.009720316 -13.876699726
0.009742455 -13.914187790
0.009764707 -13.953392473
0.009786138 -13.990790716
0.009807205 -14.028733058
0.009828374 -14.068049791
0.009848697 -14.106701467
0.009871019 -14.146323956
0.009892496 -14.184788746
0.009935283 -14.225412476
0.009938183 -14.264239477
0.009959989 -14.303961730
0.009983855 -14.344602335
0.010004904 -14.384442813
0.010028518 -14.425841187
0.010051266 -14.466047688
0.010074129 -14.505347265
0.010097610 -14.548171678
0.010119703 -14.588184929
0.010144434 -14.630229145
0.010168792 -14.674519574
0.010191747 -14.716951577
0.010214818 -14.759190750
0.010239040 -14.800954149
0.010263910 -14.844772768
0.010288394 -14.886946903
0.010313009 -14.931258522
0.010337228 -14.891911320
0.010364760 -14.937383540
0.010387117 -14.949425638
0.010412265 -15.026081546
0.010437550 -15.038785865
0.010463515 -15.116519325
0.010486353 -15.161425535
0.010514236 -15.209128039
0.010538426 -15.254492241
0.010564404 -15.269790617
0.010590526 -15.315803023
0.010617914 -15.362093864
0.010643771 -15.444456937
0.010669769 -15.457725390
0.010695911 -15.539544210
0.010725063 -15.587305387
0.010750935 -15.637993200
0.010778107 -15.652577945
0.010807184 -15.703413193
0.010832918 -15.786461691
0.010861150 -15.803453397
0.010888361 -15.887952661
0.010917517 -15.902399300
0.010946250 -15.990421358
0.010973946 -16.005240454
0.011002408 -16.094294641
0.011032260 -16.109801348
0.011061065 -16.199316126
0.011090660 -16.215766678
0.011121057 -16.305321827
0.011151017 -16.323099671
0.011179271 -16.414102972
0.011210221 -16.467336027
0.011240727 -16.523100653
0.011293278 -16.577512184
0.011301660 -16.634308736
0.011333380 -16.655681991
0.011364647 -16.745647752
0.011394137 -16.768032571
0.011425783 -16.857992821
0.011459624 -16.881053369
0.011491010 -16.972345008
0.011521915 -17.028734441
0.011555041 -17.087502415
0.011589747 -17.145043646
0.011621937 -17.171033915
