0.000000000 296.950442984
0.200000000 296.950442984
0.400000000 296.950442984
0.600000000 296.950442984
0.800000000 296.950442984
1.000000000 297.134333551
1.200000000 297.134333551
1.400000000 296.950442984
1.600000000 296.950442984
1.800000000 297.134333551
2.000000000 296.950442984
2.200000000 297.134333551
2.400000000 297.134333551
2.600000000 296.950442984
2.800000000 296.950442984
3.000000000 296.950442984
3.200000000 296.950442984
3.400000000 296.950442984
3.600000000 296.950442984
3.800000000 296.950442984
4.000000000 296.766589369
4.200000000 296.950442984
4.400000000 296.950442984
4.600000000 296.950442984
4.800000000 296.950442984
5.000000000 296.950442984
5.200000000 296.950442984
5.400000000 296.950442984
5.600000000 296.950442984
5.800000000 296.766589369
6.000000000 296.950442984
6.200000000 296.950442984
6.400000000 296.950442984
6.600000000 296.950442984
6.800000000 296.950442984
7.000000000 296.950442984
7.200000000 296.950442984
7.400000000 296.950442984
7.600000000 296.950442984
7.800000000 296.950442984
8.000000000 296.950442984
8.200000000 296.950442984
8.400000000 296.950442984
8.600000000 296.766589369
8.800000000 296.766589369
9.000000000 296.582777296
9.200000000 296.582777296
9.400000000 296.399011207
9.600000000 296.399011207
9.800000000 296.399011207
10.000000000 296.399011207
10.200000000 296.215295699
10.400000000 296.031635207
10.600000000 296.031635207
10.800000000 295.848034329
11.000000000 295.664497506
11.200000000 295.848034329
11.400000000 295.664497506
11.600000000 295.664497506
11.800000000 295.297634242
12.000000000 295.481029329
12.200000000 295.297634242
12.400000000 295.114316835
12.600000000 294.931081452
12.800000000 294.931081452
13.000000000 294.747928172
13.200000000 294.747928172
13.400000000 294.564850798
13.600000000 294.564850798
13.800000000 294.381842845
14.000000000 294.198897675
14.200000000 294.198897675
14.400000000 294.016008798
14.600000000 293.833169577
14.800000000 293.833169577
15.000000000 293.650373521
15.200000000 293.467613994
15.400000000 293.284884505
15.600000000 293.102178416
15.800000000 292.736810341
16.000000000 292.736810341
16.200000000 292.736810341
16.400000000 292.371457256
16.600000000 292.188769944
16.800000000 292.006066654
17.000000000 292.006066654
17.200000000 291.640586025
17.400000000 291.457795563
17.600000000 291.457795563
17.800000000 291.274962864
18.000000000 291.092081443
18.200000000 291.092081443
18.400000000 290.909144662
18.600000000 290.543078910
18.800000000 290.543078910
19.000000000 290.359936812
19.200000000 290.176713098
19.400000000 289.993401283
19.600000000 289.809997164
19.800000000 289.442932740
20.000000000 289.259285663
20.200000000 289.259285663
20.400000000 289.075570784
20.600000000 288.707964226
20.800000000 288.524085779
21.000000000 288.340165990
21.200000000 288.156211557
21.400000000 287.972229011
21.600000000 287.788225050
21.800000000 287.604206214
22.000000000 287.236150527
22.200000000 287.236150527
22.400000000 287.052126907
22.600000000 286.868114875
22.800000000 286.868114875
23.000000000 286.500152192
23.200000000 286.316214771
23.400000000 286.132315404
23.600000000 285.948460778
23.800000000 285.764657438
24.000000000 285.580912072
24.200000000 285.397231220
24.400000000 285.213621580
24.600000000 285.030089684
24.800000000 284.846641137
25.000000000 284.663274188
25.200000000 284.296766868
25.400000000 284.113617301
25.600000000 283.930530952
25.800000000 283.747503295
26.000000000 283.564529659
26.200000000 283.381605525
26.400000000 283.015887209
26.600000000 282.833083837
26.800000000 282.650311574
27.000000000 282.467565749
27.200000000 282.284841837
27.400000000 282.102135166
27.600000000 281.919441219
27.800000000 281.736755316
28.000000000 281.554072939
28.200000000 281.371389417
28.400000000 281.188700224
28.600000000 281.006000690
28.800000000 280.823286290
29.000000000 280.640552355
29.200000000 280.275007631
29.400000000 280.275007631
29.600000000 279.909329924
29.800000000 279.726434311
30.000000000 279.726434311
30.200000000 279.177560995
30.400000000 278.994555200
30.600000000 278.811532386
30.800000000 278.628496860
31.000000000 278.262404407
31.200000000 278.079355939
31.400000000 277.896311658
31.600000000 277.713275718
31.800000000 277.347245911
32.000000000 277.164260500
32.200000000 277.164260500
32.400000000 276.798369710
32.600000000 276.615472787
32.800000000 276.432613862
33.000000000 276.249797089
33.200000000 275.884307046
33.400000000 275.884307046
33.600000000 275.519036466
33.800000000 275.519036466
34.000000000 275.154019164
34.200000000 275.154019164
34.400000000 274.971616069
34.600000000 274.789286623
34.800000000 274.424832296
35.000000000 274.424832296
35.200000000 273.878589985
35.400000000 273.696607054
35.600000000 273.696607054
35.800000000 273.332759166
36.000000000 273.332759166
36.200000000 272.969036450
36.400000000 272.787210021
36.600000000 272.423602899
36.800000000 272.241812580
37.000000000 272.060024727
37.200000000 271.878234454
37.400000000 271.696437023
37.600000000 271.332801299
37.800000000 271.150953383
38.000000000 270.969079065
38.200000000 270.787173460
38.400000000 270.423249300
38.600000000 270.241221121
38.800000000 270.241221121
39.000000000 269.877009075
39.200000000 269.694824041
39.400000000 269.512594917
39.600000000 269.330329235
39.800000000 269.148034678
40.000000000 268.965718769
40.200000000 268.601053482
40.400000000 268.601053482
40.600000000 268.236394213
40.800000000 268.054085867
41.000000000 267.871801804
41.200000000 267.507337092
41.400000000 267.325171655
41.600000000 267.143060922
41.800000000 266.961012570
42.000000000 266.415317564
42.200000000 266.233594643
42.400000000 266.051972054
42.600000000 265.870457481
42.800000000 265.689058448
43.000000000 265.507782638
43.200000000 265.145630961
43.400000000 264.964770279
43.600000000 264.784058009
43.800000000 264.423039595
44.000000000 264.423039595
44.200000000 264.062489714
44.400000000 263.882363079
44.600000000 263.882363079
44.800000000 263.522351726
45.000000000 263.342445104
45.200000000 263.162589870
45.400000000 262.982775141
45.600000000 262.623223253
45.800000000 262.623223253
46.000000000 262.443464186
46.200000000 262.263701821
46.400000000 261.904123235
46.600000000 261.904123235
46.800000000 261.364456508
47.000000000 261.184444131
47.200000000 261.004351713
47.400000000 260.824168380
47.600000000 260.643883108
47.800000000 260.463485014
48.000000000 260.102306414
48.200000000 259.921504256
48.400000000 259.740554063
48.600000000 259.559462760
48.800000000 259.378237982
49.000000000 259.015418084
49.200000000 258.833838080
49.400000000 258.833838080
49.600000000 258.652154831
49.800000000 258.288508689
50.000000000 258.106560910
50.200000000 258.106560910
50.400000000 257.742453808
50.600000000 257.378114983
50.800000000 257.195877587
51.000000000 257.195877587
51.200000000 256.831304550
51.400000000 256.831304550
51.600000000 256.466650953
51.800000000 256.284312820
52.000000000 256.101977260
52.200000000 255.919651758
52.400000000 255.555061302
52.600000000 255.372811464
52.800000000 255.190601917
53.000000000 254.826333358
53.200000000 254.644284791
53.400000000 254.462297171
53.600000000 254.280373225
53.800000000 254.098515540
54.000000000 253.916726842
54.200000000 253.735009717
54.400000000 253.371800952
54.600000000 253.190314629
54.800000000 253.190314629
55.000000000 252.827591301
55.200000000 252.646359613
55.400000000 252.465218164
55.600000000 252.465218164
55.800000000 252.103216468
56.000000000 251.741607464
56.200000000 251.560956843
56.400000000 251.560956843
56.600000000 251.380412403
56.800000000 251.199976726
57.000000000 251.019652539
57.200000000 250.659349124
57.400000000 250.659349124
57.600000000 250.299523407
57.800000000 249.940196558
58.000000000 249.940196558
58.200000000 249.581361148
58.400000000 249.402104147
58.600000000 249.222939646
58.800000000 249.043856564
59.000000000 248.864843959
59.200000000 248.506985997
59.400000000 248.328118614
59.600000000 248.149277667
59.800000000 248.149277667
60.000000000 247.791630887
60.200000000 247.791630887
60.400000000 247.433957563
60.600000000 247.433957563
60.800000000 247.255083401
61.000000000 246.897205091
61.200000000 246.718178922
61.400000000 246.539080015
61.600000000 246.359897429
61.800000000 246.180620082
62.000000000 246.001237034
62.200000000 245.642109647
62.400000000 245.462343284
62.600000000 245.282427179
62.800000000 245.102350241
63.000000000 244.922101865
63.200000000 244.741681898
63.400000000 244.561103000
63.600000000 244.199521591
63.800000000 244.018545741
64.000000000 243.837464289
64.200000000 243.656290485
64.400000000 243.475037738
64.600000000 243.293719307
64.800000000 243.112348593
65.000000000 242.749503500
65.200000000 242.749503500
65.400000000 242.568055783
65.600000000 242.386609109
65.800000000 242.023772064
66.000000000 242.023772064
66.200000000 241.842408359
66.400000000 241.661099021
66.600000000 241.479857309
66.800000000 241.298696625
67.000000000 240.936671526
67.200000000 240.936671526
67.400000000 240.755833770
67.600000000 240.394574582
67.800000000 240.214179809
68.000000000 240.033959312
68.200000000 239.853924094
68.400000000 239.494377322
68.600000000 239.494377322
68.800000000 239.135438233
69.000000000 238.956162549
69.200000000 238.776998025
69.400000000 238.597930987
69.600000000 238.418947907
69.800000000 238.061179079
70.000000000 238.061179079
70.200000000 237.882366132
70.400000000 237.703582744
70.600000000 237.524815241
70.800000000 237.346050103
71.000000000 237.346050103
71.200000000 236.988472358
71.400000000 236.809632556
71.600000000 236.630740715
71.800000000 236.630740715
72.000000000 236.451783164
72.200000000 236.093616674
72.400000000 235.914380540
72.600000000 235.735024293
72.800000000 235.375897221
73.000000000 235.196099195
73.200000000 235.196099195
73.400000000 234.835969456
73.600000000 234.655634893
73.800000000 234.475136184
74.000000000 234.294486397
74.200000000 234.113698749
74.400000000 233.751762292
74.600000000 233.751762292
74.800000000 233.570639766
75.000000000 233.389431946
75.200000000 233.208151902
75.400000000 233.026812848
75.600000000 232.845427851
75.800000000 232.664010134
76.000000000 232.664010134
76.200000000 232.301128937
76.400000000 232.119691747
76.600000000 231.938274398
76.800000000 231.756889962
77.000000000 231.575551652
77.200000000 231.394272536
77.400000000 231.213065835
77.600000000 230.850922079
77.800000000 230.850922079
78.000000000 230.489225527
78.200000000 230.308577789
78.400000000 230.128081312
78.600000000 230.128081312
78.800000000 229.767586198
79.000000000 229.407731535
79.200000000 229.407731535
79.400000000 229.228019214
79.600000000 229.228019214
79.800000000 228.868973356
80.000000000 228.689619286
80.200000000 228.689619286
80.400000000 228.510364057
80.600000000 228.331197474
80.800000000 228.152109201
81.000000000 227.973089051
81.200000000 227.794126678
81.400000000 227.615211898
81.600000000 227.436334371
81.800000000 227.257483905
82.000000000 227.078650165
82.200000000 226.899822957
82.400000000 226.720991943
82.600000000 226.542146937
82.800000000 226.363277595
83.000000000 226.005425003
83.200000000 225.826421223
83.400000000 225.826421223
83.600000000 225.468207301
83.800000000 225.468207301
84.000000000 225.109649849
84.200000000 224.930216788
84.400000000 224.750674461
84.600000000 224.750674461
84.800000000 224.391287886
85.000000000 224.211457644
85.200000000 224.211457644
85.400000000 224.031545482
85.600000000 223.851558330
85.800000000 223.671503260
86.000000000 223.491387200
86.200000000 223.491387200
86.400000000 223.131000271
86.600000000 222.950743402
86.800000000 222.770453552
87.000000000 222.409803055
87.200000000 222.229456411
87.400000000 222.049104791
87.600000000 222.049104791
87.800000000 221.868755268
88.000000000 221.688414770
88.200000000 221.508090374
88.400000000 221.327789009
88.600000000 221.147517746
88.800000000 220.967283515
89.000000000 220.787093391
89.200000000 220.606954302
89.400000000 220.606954302
89.600000000 220.246857378
89.800000000 220.066913551
90.000000000 220.066913551
90.200000000 219.887048322
90.400000000 219.707262452
90.600000000 219.347914455
90.800000000 219.168345101
91.000000000 218.988840737
91.200000000 218.809397677
91.400000000 218.630012385
91.600000000 218.630012385
91.800000000 218.271400485
92.000000000 218.092166653
92.200000000 217.912976128
92.400000000 217.733825224
92.600000000 217.554710399
92.800000000 217.554710399
93.000000000 217.375627968
93.200000000 217.196574387
93.400000000 217.017545969
93.600000000 216.838539178
93.800000000 216.838539178
94.000000000 216.480575858
94.200000000 216.301612105
94.400000000 216.122655518
94.600000000 216.122655518
94.800000000 215.764749245
95.000000000 215.585792328
95.200000000 215.585792328
95.400000000 215.406828125
95.600000000 215.048863244
95.800000000 214.869855606
96.000000000 214.690829230
96.200000000 214.511784536
96.400000000 214.332722101
96.600000000 214.332722101
96.800000000 213.974545883
97.000000000 213.795433108
97.200000000 213.795433108
97.400000000 213.616304614
97.600000000 213.437160832
97.800000000 213.258002338
98.000000000 213.078829567
98.200000000 212.899643095
98.400000000 212.899643095
98.600000000 212.541230923
98.800000000 212.541230923
99.000000000 212.362006231
99.200000000 212.182769863
99.400000000 212.003522243
99.600000000 211.824263953
99.800000000 211.644995426
100.000000000 211.465717238
100.200000000 211.286429822
100.400000000 211.107133755
100.600000000 210.927829469
100.800000000 210.748517545
101.000000000 210.569198410
101.200000000 210.389872646
101.400000000 210.210540684
101.600000000 210.210540684
101.800000000 210.031203102
102.000000000 209.851860434
102.200000000 209.672514056
102.400000000 209.493165489
102.600000000 209.313816398
102.800000000 209.134468305
103.000000000 208.955122877
103.200000000 208.775781637
103.400000000 208.596446250
103.600000000 208.596446250
103.800000000 208.237799264
104.000000000 208.058490855
104.200000000 207.879194674
104.400000000 207.879194674
104.600000000 207.520645229
104.800000000 207.520645229
105.000000000 207.341395152
105.200000000 206.982952336
105.400000000 206.982952336
105.600000000 206.803762784
105.800000000 206.624596547
106.000000000 206.445455289
106.200000000 206.445455289
106.400000000 206.266340532
106.600000000 206.087253948
106.800000000 205.908197050
107.000000000 205.729171509
107.200000000 205.550178848
107.400000000 205.550178848
107.600000000 205.371220731
107.800000000 205.192298680
108.000000000 205.013414361
108.200000000 204.834569087
108.400000000 204.655763261
108.600000000 204.476996815
108.800000000 204.298269829
109.000000000 204.119582229
109.200000000 203.940934094
109.400000000 203.940934094
109.600000000 203.583756091
109.800000000 203.405226230
110.000000000 203.226735848
110.200000000 203.048284876
110.400000000 203.048284876
110.600000000 202.869873395
110.800000000 202.869873395
111.000000000 202.691501330
111.200000000 202.334875620
111.400000000 202.334875620
111.600000000 202.156621981
111.800000000 202.156621981
112.000000000 201.800233083
112.200000000 201.622097829
112.400000000 201.444002098
112.600000000 201.444002098
112.800000000 201.265945812
113.000000000 201.087929053
113.200000000 200.909951753
113.400000000 200.732013985
113.600000000 200.732013985
113.800000000 200.376256921
114.000000000 200.198437633
114.200000000 200.020657892
114.400000000 200.020657892
114.600000000 199.665215045
114.800000000 199.487548953
115.000000000 199.309917552
115.200000000 199.309917552
115.400000000 199.309917552
115.600000000 199.132319082
115.800000000 198.954751927
116.000000000 198.777214329
116.200000000 198.599704672
116.400000000 198.599704672
116.600000000 198.244762294
116.800000000 198.244762294
117.000000000 198.067326197
117.200000000 197.889911297
117.400000000 197.712515835
117.600000000 197.712515835
117.800000000 197.357776615
118.000000000 197.180429485
118.200000000 197.003095046
118.400000000 196.825771680
118.600000000 196.825771680
118.800000000 196.471151282
119.000000000 196.471151282
119.200000000 196.471151282
119.400000000 196.116554803
119.600000000 195.939261298
119.800000000 195.761968746
120.000000000 195.761968746
120.200000000 195.584675392
120.400000000 195.407379618
120.600000000 195.230079665
120.800000000 195.052773925
121.000000000 195.052773925
121.200000000 194.875460729
121.400000000 194.698139575
121.600000000 194.520810404
121.800000000 194.343473305
122.000000000 194.166128229
122.200000000 194.166128229
122.400000000 193.988775267
122.600000000 193.988775267
122.800000000 193.811414364
123.000000000 193.634045620
123.200000000 193.456668974
123.400000000 193.279284523
123.600000000 193.101892216
123.800000000 192.924492143
124.000000000 192.747084252
124.200000000 192.569668636
124.400000000 192.392245243
124.600000000 192.214814163
124.800000000 192.214814163
125.000000000 192.037375346
125.200000000 191.859928887
125.400000000 191.682474727
125.600000000 191.505012963
125.800000000 191.505012963
126.000000000 191.327543544
126.200000000 191.150066559
126.400000000 190.972581959
126.600000000 190.795089833
126.800000000 190.617590129
127.000000000 190.617590129
127.200000000 190.440082944
127.400000000 190.262568220
127.600000000 190.085046052
127.800000000 190.085046052
128.000000000 189.907516427
128.200000000 189.729980252
128.400000000 189.729980252
128.600000000 189.374894452
128.800000000 189.197348037
129.000000000 189.197348037
129.200000000 188.842256288
129.400000000 188.664714164
129.600000000 188.664714164
129.800000000 188.487176636
130.000000000 188.309645380
130.200000000 188.132121933
130.400000000 187.954607970
130.600000000 187.954607970
130.800000000 187.777105028
131.000000000 187.599614784
131.200000000 187.599614784
131.400000000 187.422138771
131.600000000 187.244678674
131.800000000 187.067236017
132.000000000 187.067236017
132.200000000 186.889812486
132.400000000 186.535029078
132.600000000 186.712409615
132.800000000 186.357672414
133.000000000 186.180341297
133.200000000 186.003037263
133.400000000 185.825761995
133.600000000 185.648517019
133.800000000 185.648517019
134.000000000 185.471304019
134.200000000 185.294124529
134.400000000 185.116980225
134.600000000 185.116980225
134.800000000 185.116980225
135.000000000 184.762802885
135.200000000 184.762802885
135.400000000 184.585771145
135.600000000 184.408777653
135.800000000 184.408777653
136.000000000 184.054905943
136.200000000 184.054905943
136.400000000 183.701189107
136.600000000 183.701189107
136.800000000 183.524389169
137.000000000 183.347628490
137.200000000 183.170907168
137.400000000 182.994225441
137.600000000 182.994225441
137.800000000 182.817583405
138.000000000 182.640981306
138.200000000 182.640981306
138.400000000 182.464419232
138.600000000 182.287897430
138.800000000 182.111415996
139.000000000 182.111415996
139.200000000 182.111415996
139.400000000 181.758575043
139.600000000 181.758575043
139.800000000 181.582215861
140.000000000 181.582215861
140.200000000 181.229620859
140.400000000 181.053385374
140.600000000 180.877191507
140.800000000 180.701039356
141.000000000 180.701039356
141.200000000 180.524929158
141.400000000 180.348861012
141.600000000 180.172835156
141.800000000 180.172835156
142.000000000 179.996851689
142.200000000 179.820910407
142.400000000 179.645009286
142.600000000 179.469146057
142.800000000 179.469146057
143.000000000 179.293318292
143.200000000 179.293318292
143.400000000 178.941759921
143.600000000 178.941759921
143.800000000 178.941759921
144.000000000 178.590315390
144.200000000 178.590315390
144.400000000 178.414629962
144.600000000 178.414629962
144.800000000 178.063320974
145.000000000 178.063320974
145.200000000 177.887692715
145.400000000 177.887692715
145.600000000 177.536477009
145.800000000 177.360884863
146.000000000 177.360884863
146.200000000 177.185300011
146.400000000 177.009720176
146.600000000 176.834142940
146.800000000 176.658566025
147.000000000 176.658566025
147.200000000 176.482987011
147.400000000 176.307403624
147.600000000 176.131813445
147.800000000 175.956214195
148.000000000 175.956214195
148.200000000 175.956214195
148.400000000 175.780603457
148.600000000 175.780603457
148.800000000 175.429338264
149.000000000 175.253679114
149.200000000 175.253679114
149.400000000 175.077999082
149.600000000 174.902296043
149.800000000 174.902296043
150.000000000 174.726570340
150.200000000 174.550824735
150.400000000 174.375061918
150.600000000 174.375061918
150.800000000 174.023495832
151.000000000 173.847698084
151.200000000 173.847698084
151.400000000 173.671894166
151.600000000 173.671894166
151.800000000 173.496086915
152.000000000 173.144473300
152.200000000 173.144473300
152.400000000 172.968672463
152.600000000 172.968672463
152.800000000 172.792879333
153.000000000 172.617096601
153.200000000 172.617096601
153.400000000 172.441327098
153.600000000 172.265573516
153.800000000 172.265573516
154.000000000 172.089838685
154.200000000 171.914125294
154.400000000 171.738436179
154.600000000 171.738436179
154.800000000 171.562774029
155.000000000 171.387141675
155.200000000 171.211541808
155.400000000 171.035977258
155.600000000 171.035977258
155.800000000 170.860450718
156.000000000 170.684965017
156.200000000 170.509522845
156.400000000 170.509522845
156.600000000 170.334127040
156.800000000 170.158780283
157.000000000 170.158780283
157.200000000 169.983485413
157.400000000 169.633054447
157.600000000 169.633054447
157.800000000 169.633054447
158.000000000 169.457914336
158.200000000 169.457914336
158.400000000 169.107773304
158.600000000 169.107773304
158.800000000 168.932767742
159.000000000 168.932767742
159.200000000 168.582874825
159.400000000 168.582874825
159.600000000 168.582874825
159.800000000 168.407982828
160.000000000 168.233124085
160.200000000 168.058296205
160.400000000 167.883496934
160.600000000 167.708723877
160.800000000 167.708723877
161.000000000 167.533974782
161.200000000 167.359247253
161.400000000 167.184539044
161.600000000 167.009847751
161.800000000 166.835171128
162.000000000 166.835171128
162.200000000 166.835171128
162.400000000 166.485852453
162.600000000 166.485852453
162.800000000 166.311205754
163.000000000 166.136564429
163.200000000 166.136564429
163.400000000 166.136564429
163.600000000 165.961926082
163.800000000 165.787288467
164.000000000 165.787288467
164.200000000 165.612649182
164.400000000 165.438005979
164.600000000 165.263356464
164.800000000 165.088698381
165.000000000 165.088698381
165.200000000 164.914029391
165.400000000 164.739348491
165.600000000 164.739348491
165.800000000 164.564655774
166.000000000 164.389951525
166.200000000 164.215235888
166.400000000 164.040509153
166.600000000 164.040509153
166.800000000 163.865771464
167.000000000 163.691023106
167.200000000 163.516264226
167.400000000 163.516264226
167.600000000 163.166715901
167.800000000 163.166715901
168.000000000 163.166715901
168.200000000 162.991926887
168.400000000 162.817128213
168.600000000 162.642320169
168.800000000 162.642320169
169.000000000 162.642320169
169.200000000 162.467502893
169.400000000 162.292676677
169.600000000 162.292676677
169.800000000 162.117841666
170.000000000 161.942998145
170.200000000 161.768146259
170.400000000 161.768146259
170.600000000 161.593286295
170.800000000 161.243542854
171.000000000 161.243542854
171.200000000 161.068659808
171.400000000 160.893769548
171.600000000 160.718872219
171.800000000 160.893769548
172.000000000 160.718872219
172.200000000 160.543968106
172.400000000 160.369057357
172.600000000 160.194140254
172.800000000 160.194140254
173.000000000 160.194140254
173.200000000 160.019216947
173.400000000 159.844287865
173.600000000 159.844287865
173.800000000 159.669354115
174.000000000 159.494417230
174.200000000 159.319478599
174.400000000 159.144539751
174.600000000 159.144539751
174.800000000 158.969602078
175.000000000 159.144539751
175.200000000 158.794667107
175.400000000 158.794667107
175.600000000 158.444810978
175.800000000 158.269892738
176.000000000 158.269892738
176.200000000 158.094983046
176.400000000 157.920083284
176.600000000 157.745194988
176.800000000 157.745194988
177.000000000 157.570319547
177.200000000 157.395458491
177.400000000 157.395458491
177.600000000 157.220613209
177.800000000 157.220613209
178.000000000 157.045785231
178.200000000 157.045785231
178.400000000 156.870975947
178.600000000 156.696186892
178.800000000 156.521419447
179.000000000 156.521419447
179.200000000 156.346675149
179.400000000 156.346675149
179.600000000 155.997261690
179.800000000 155.822595449
180.000000000 155.822595449
180.200000000 155.647958193
180.400000000 155.473351313
180.600000000 155.298776338
180.800000000 155.298776338
181.000000000 155.124234657
181.200000000 154.949727801
181.400000000 154.949727801
181.600000000 154.775256710
181.800000000 154.775256710
182.000000000 154.600821716
182.200000000 154.600821716
182.400000000 154.426422924
182.600000000 154.252060582
182.800000000 154.252060582
183.000000000 154.252060582
183.200000000 153.903445821
183.400000000 153.903445821
183.600000000 153.729193755
183.800000000 153.554978855
184.000000000 153.554978855
184.200000000 153.380801220
184.400000000 153.206661105
184.600000000 153.206661105
184.800000000 152.858493999
185.000000000 152.858493999
185.200000000 152.684467364
185.400000000 152.510478957
185.600000000 152.510478957
185.800000000 152.336528888
186.000000000 152.336528888
186.200000000 152.162617402
186.400000000 151.988744608
186.600000000 151.814910756
186.800000000 151.814910756
187.000000000 151.814910756
187.200000000 151.641115953
187.400000000 151.467360446
187.600000000 151.467360446
187.800000000 151.293644343
188.000000000 151.119967892
188.200000000 150.946331201
188.400000000 150.946331201
188.600000000 150.772734517
188.800000000 150.772734517
189.000000000 150.599177947
189.200000000 150.425661745
189.400000000 150.252186010
189.600000000 150.078750996
189.800000000 149.905356745
190.000000000 149.905356745
190.200000000 149.732002213
190.400000000 149.732002213
190.600000000 149.558685135
190.800000000 149.385403345
191.000000000 149.385403345
191.200000000 149.212154538
191.400000000 149.038936553
191.600000000 149.038936553
191.800000000 148.865747079
192.000000000 148.865747079
192.200000000 148.692583955
192.400000000 148.519444877
192.600000000 148.519444877
192.800000000 148.346327679
193.000000000 148.346327679
193.200000000 148.173230056
193.400000000 148.000149843
193.600000000 148.000149843
193.800000000 147.827084737
194.000000000 147.827084737
194.200000000 147.480991039
194.400000000 147.307957982
194.600000000 147.307957982
194.800000000 147.134931089
195.000000000 146.961908198
195.200000000 146.961908198
195.400000000 146.788887006
195.600000000 146.615865345
195.800000000 146.615865345
196.000000000 146.442840913
196.200000000 146.269811543
196.400000000 146.096774929
196.600000000 146.096774929
196.800000000 146.096774929
197.000000000 145.923728913
197.200000000 145.923728913
197.400000000 145.750671181
197.600000000 145.750671181
197.800000000 145.577599574
198.000000000 145.404511788
198.200000000 145.404511788
198.400000000 145.058278872
198.600000000 145.058278872
198.800000000 144.711958314
199.000000000 144.711958314
199.200000000 144.538767991
199.400000000 144.538767991
199.600000000 144.365561134
199.800000000 144.192340486
200.000000000 144.192340486
200.200000000 144.019108645
200.400000000 143.845868348
200.600000000 143.845868348
200.800000000 143.672622195
201.000000000 143.672622195
201.200000000 143.499372923
201.400000000 143.326123131
201.600000000 143.326123131
201.800000000 143.152875557
202.000000000 143.152875557
202.200000000 142.979632797
202.400000000 142.979632797
202.600000000 142.806397597
202.800000000 142.633172545
203.000000000 142.459960387
203.200000000 142.286763720
203.400000000 142.113585281
203.600000000 141.940427669
203.800000000 141.767293622
204.000000000 141.767293622
204.200000000 141.594185736
204.400000000 141.594185736
204.600000000 141.421106757
204.800000000 141.421106757
205.000000000 141.075046031
205.200000000 141.075046031
205.400000000 140.902069626
205.600000000 140.902069626
205.800000000 140.729132796
206.000000000 140.729132796
206.200000000 140.556238140
206.400000000 140.383388396
206.600000000 140.383388396
206.800000000 140.210586164
207.000000000 140.210586164
207.200000000 140.037834179
207.400000000 139.865134636
207.600000000 139.865134636
207.800000000 139.692486692
208.000000000 139.347335777
208.200000000 139.347335777
208.400000000 139.174827953
208.600000000 139.174827953
208.800000000 139.002362026
209.000000000 138.829935502
209.200000000 138.657546022
209.400000000 138.657546022
209.600000000 138.485191089
209.800000000 138.312868352
210.000000000 138.312868352
210.200000000 138.312868352
210.400000000 138.140575304
210.600000000 138.140575304
210.800000000 137.968309596
211.000000000 137.796068729
211.200000000 137.623850345
211.400000000 137.623850345
211.600000000 137.451651948
211.800000000 137.451651948
212.000000000 137.279471180
212.200000000 137.107305544
212.400000000 136.935152687
212.600000000 136.935152687
212.800000000 136.935152687
213.000000000 136.763010106
213.200000000 136.590875448
213.400000000 136.246620052
213.600000000 136.246620052
213.800000000 136.074494460
214.000000000 135.902367081
214.200000000 135.902367081
214.400000000 135.730235421
214.600000000 135.558097121
214.800000000 135.558097121
215.000000000 135.385949683
215.200000000 135.213790755
215.400000000 135.041617834
215.600000000 135.213790755
215.800000000 135.041617834
216.000000000 134.869428821
216.200000000 134.869428821
216.400000000 134.697223635
216.600000000 134.525003414
216.800000000 134.525003414
217.000000000 134.352769173
217.200000000 134.180522061
217.400000000 134.180522061
217.600000000 134.008263087
217.800000000 133.835993409
218.000000000 133.835993409
218.200000000 133.491426106
218.400000000 133.491426106
218.600000000 133.319130648
218.800000000 133.146828805
219.000000000 133.146828805
219.200000000 133.146828805
219.400000000 132.802210152
219.600000000 132.802210152
219.800000000 132.629895503
220.000000000 132.629895503
220.200000000 132.457578797
220.400000000 132.285261039
220.600000000 132.112943385
220.800000000 132.112943385
221.000000000 132.112943385
221.200000000 132.112943385
221.400000000 131.940626846
221.600000000 131.596001572
221.800000000 131.596001572
222.000000000 131.596001572
222.200000000 131.423695000
222.400000000 131.251393866
222.600000000 131.251393866
222.800000000 131.079099321
223.000000000 131.079099321
223.200000000 131.079099321
223.400000000 130.734534183
223.600000000 130.562265751
223.800000000 130.390008233
224.000000000 130.390008233
224.200000000 130.217762641
224.400000000 130.217762641
224.600000000 130.045530124
224.800000000 129.873311497
225.000000000 129.701105907
225.200000000 129.701105907
225.400000000 129.528911394
225.600000000 129.528911394
225.800000000 129.356726138
226.000000000 129.184548161
226.200000000 129.012375644
226.400000000 129.012375644
226.600000000 128.668039250
226.800000000 128.668039250
227.000000000 128.668039250
227.200000000 128.495871579
227.400000000 128.323701774
227.600000000 128.323701774
227.800000000 127.979348037
228.000000000 127.979348037
228.200000000 127.979348037
228.400000000 127.807160307
228.600000000 127.807160307
228.800000000 127.634962856
229.000000000 127.634962856
229.200000000 127.462753715
229.400000000 127.290531056
229.600000000 127.290531056
229.800000000 127.118292912
230.000000000 126.946037455
230.200000000 126.946037455
230.400000000 126.773762718
230.600000000 126.601466873
230.800000000 126.429147952
231.000000000 126.429147952
231.200000000 126.084433437
231.400000000 126.084433437
231.600000000 125.912034046
231.800000000 125.912034046
232.000000000 125.912034046
232.200000000 125.567141444
232.400000000 125.567141444
232.600000000 125.567141444
232.800000000 125.394644437
233.000000000 125.222111141
233.200000000 125.222111141
233.400000000 125.049539590
233.600000000 125.049539590
233.800000000 124.876928467
234.000000000 124.876928467
234.200000000 124.531604692
234.400000000 124.531604692
234.600000000 124.531604692
234.800000000 124.358905029
235.000000000 124.186188904
235.200000000 123.840733171
235.400000000 123.840733171
235.600000000 123.668006581
235.800000000 123.668006581
236.000000000 123.495289564
236.200000000 123.322588560
236.400000000 123.149910152
236.600000000 123.149910152
236.800000000 122.977260772
237.000000000 122.804647003
237.200000000 122.804647003
237.400000000 122.459552194
237.600000000 122.459552194
237.800000000 122.287084170
238.000000000 122.114677790
238.200000000 122.114677790
238.400000000 121.942339493
238.600000000 121.942339493
238.800000000 121.770075863
239.000000000 121.770075863
239.200000000 121.597893332
239.400000000 121.425798481
239.600000000 121.081897719
239.800000000 121.081897719
240.000000000 120.910104824
240.200000000 120.566866617
240.400000000 120.566866617
240.600000000 120.395434327
240.800000000 120.224135206
241.000000000 120.052975836
241.200000000 119.881961937
241.400000000 119.711091666
241.600000000 119.540358387
241.800000000 119.369755532
242.000000000 119.199276399
242.200000000 119.028914420
242.400000000 118.858662892
242.600000000 118.858662892
242.800000000 118.348504947
243.000000000 118.348504947
243.200000000 118.008830431
243.400000000 117.839102489
243.600000000 117.669438622
243.800000000 117.499832127
244.000000000 117.160764857
244.200000000 116.821847598
244.400000000 116.652428652
244.600000000 116.313636887
244.800000000 116.144250798
245.000000000 115.636052218
245.200000000 115.297153159
245.400000000 114.958112202
245.600000000 114.449223252
245.800000000 114.109771612
246.000000000 113.770193769
246.200000000 113.430513448
246.400000000 112.920852731
246.600000000 112.411094851
246.800000000 111.901319948
247.000000000 111.221731911
247.200000000 110.712228551
247.400000000 110.202975066
247.600000000 109.694037859
247.800000000 109.185281036
248.000000000 108.506714978
248.200000000 107.827251829
248.400000000 107.316644728
248.600000000 106.633927631
248.800000000 106.120076355
249.000000000 105.259328452
249.200000000 104.739823930
249.400000000 104.044015936
249.600000000 103.346321431
249.800000000 102.822948669
250.000000000 102.300373941
250.200000000 101.779393959
250.400000000 101.088611937
250.600000000 100.745405515
250.800000000 100.233990618
251.000000000 99.559304841
251.200000000 99.056952779
251.400000000 98.554895102
251.600000000 98.050539530
251.800000000 97.542239521
252.000000000 97.372443557
252.200000000 96.696564839
252.400000000 96.363296644
252.600000000 96.035190659
252.800000000 95.554408089
253.000000000 95.239149950
253.200000000 94.768743309
253.400000000 94.453633528
253.600000000 94.134792185
253.800000000 93.810172772
254.000000000 93.312621768
254.200000000 92.975941694
254.400000000 92.636994949
254.600000000 92.297253113
254.800000000 91.789288614
255.000000000 91.620802445
255.200000000 91.117182495
255.400000000 91.117182495
255.600000000 90.614986352
255.800000000 90.280132809
256.000000000 90.112498598
256.200000000 89.608285709
256.400000000 89.608285709
256.600000000 89.271520822
256.800000000 89.103160668
257.000000000 88.934908992
257.200000000 88.599011649
257.400000000 88.431506339
257.600000000 88.097733399
257.800000000 87.931602774
258.000000000 87.765943651
258.200000000 87.435200517
258.400000000 87.103776270
258.600000000 87.103776270
258.800000000 86.937265790
259.000000000 86.769933453
259.200000000 86.431934607
259.400000000 86.088042282
259.600000000 85.913354916
259.800000000 85.736844380
260.000000000 85.558865703
260.200000000 85.379786357
260.400000000 85.379786357
260.600000000 85.019795964
260.800000000 84.839620000
261.000000000 84.839620000
261.200000000 84.659813530
261.400000000 84.480744171
261.600000000 84.302779392
261.800000000 84.302779392
262.000000000 84.126286803
262.200000000 83.951631629
262.400000000 83.951631629
262.600000000 83.778969875
262.800000000 83.608080866
263.000000000 83.608080866
263.200000000 83.438704720
263.400000000 83.438704720
263.600000000 83.270581415
263.800000000 83.103451076
264.000000000 82.937053675
264.200000000 82.937053675
264.400000000 82.937053675
264.600000000 82.771129335
264.800000000 82.605418038
265.000000000 82.605418038
265.200000000 82.439659896
265.400000000 82.273594896
265.600000000 82.273594896
265.800000000 82.273594896
266.000000000 82.106963151
266.200000000 81.939508549
266.400000000 82.106963151
266.600000000 81.771169347
266.800000000 81.771169347
267.000000000 81.771169347
267.200000000 81.771169347
267.400000000 81.602163648
267.600000000 81.602163648
267.800000000 81.432731481
268.000000000 81.432731481
268.200000000 81.432731481
268.400000000 81.432731481
268.600000000 81.263112734
268.800000000 81.263112734
269.000000000 81.093547432
269.200000000 80.924275465
269.400000000 80.755536857
269.600000000 80.755536857
269.800000000 80.587571499
270.000000000 80.587571499
270.200000000 80.420619413
270.400000000 80.254920490
270.600000000 80.254920490
270.800000000 80.254920490
271.000000000 80.254920490
271.200000000 80.090714756
271.400000000 80.090714756
271.600000000 79.928234309
271.800000000 79.928234309
272.000000000 79.767473305
272.200000000 79.767473305
272.400000000 79.767473305
272.600000000 79.608149549
272.800000000 79.608149549
273.000000000 79.608149549
273.200000000 79.449965494
273.400000000 79.449965494
273.600000000 79.292623469
273.800000000 79.449965494
274.000000000 79.292623469
274.200000000 79.135825928
274.400000000 78.979275196
274.600000000 78.979275196
274.800000000 78.979275196
275.000000000 78.822673734
275.200000000 78.822673734
275.400000000 78.822673734
275.600000000 78.822673734
275.800000000 78.822673734
276.000000000 78.665723861
276.200000000 78.665723861
276.400000000 78.665723861
276.600000000 78.822673734
276.800000000 78.665723861
277.000000000 78.665723861
277.200000000 78.508128037
277.400000000 78.508128037
277.600000000 78.508128037
277.800000000 78.665723861
278.000000000 78.508128037
278.200000000 78.349588588
278.400000000 78.349588588
278.600000000 78.508128037
278.800000000 78.349588588
279.000000000 78.508128037
279.200000000 78.508128037
279.400000000 78.508128037
279.600000000 78.508128037
279.800000000 78.508128037
280.000000000 78.508128037
280.200000000 78.665723861
280.400000000 78.665723861
280.600000000 78.665723861
280.800000000 78.665723861
281.000000000 78.822673734
281.200000000 78.822673734
281.400000000 78.822673734
281.600000000 78.979275196
281.800000000 78.979275196
282.000000000 78.979275196
282.200000000 78.979275196
282.400000000 79.135825928
282.600000000 79.135825928
282.800000000 79.292623469
283.000000000 79.292623469
283.200000000 79.292623469
283.400000000 79.292623469
283.600000000 79.449965494
283.800000000 79.292623469
284.000000000 79.449965494
284.200000000 79.449965494
284.400000000 79.449965494
284.600000000 79.449965494
284.800000000 79.449965494
285.000000000 79.449965494
285.200000000 79.608149549
285.400000000 79.608149549
285.600000000 79.608149549
285.800000000 79.449965494
286.000000000 79.608149549
