0.000000000 299.342261353
0.200000000 299.526221731
0.400000000 299.710155814
0.600000000 299.894059167
0.800000000 300.077927298
1.000000000 300.261759469
1.200000000 300.445559182
1.400000000 300.629330349
1.600000000 300.813076741
1.800000000 300.996802273
2.000000000 301.180510705
2.200000000 301.364205962
2.400000000 301.547891804
2.600000000 301.547891804
2.800000000 301.731572148
3.000000000 302.098931560
3.200000000 302.282618310
3.400000000 302.282618310
3.600000000 302.466314926
3.800000000 302.650025176
4.000000000 303.017502089
4.200000000 303.017502089
4.400000000 303.017502089
4.600000000 303.201276437
4.800000000 303.385079780
5.000000000 303.385079780
5.200000000 303.568916036
5.400000000 303.568916036
5.600000000 303.936702504
5.800000000 303.752788973
6.000000000 304.120660398
6.200000000 303.936702504
6.400000000 304.304666570
6.600000000 304.304666570
6.800000000 304.304666570
7.000000000 304.488724783
7.200000000 304.488724783
7.400000000 304.672838960
7.600000000 304.488724783
7.800000000 304.857012861
8.000000000 304.857012861
8.200000000 305.041250390
8.400000000 305.225553228
8.600000000 305.225553228
8.800000000 305.409918874
9.000000000 305.409918874
9.200000000 305.594344137
9.400000000 305.594344137
9.600000000 305.594344137
9.800000000 305.778825974
10.000000000 305.778825974
10.200000000 305.778825974
10.400000000 306.147946759
10.600000000 305.963361196
10.800000000 305.963361196
11.000000000 306.147946759
11.200000000 306.332579471
11.400000000 306.147946759
11.600000000 306.147946759
11.800000000 306.147946759
12.000000000 306.332579471
12.200000000 306.517256288
12.400000000 306.517256288
12.600000000 306.517256288
12.800000000 306.517256288
13.000000000 306.517256288
13.200000000 306.701974022
13.400000000 306.701974022
13.600000000 306.886729629
13.800000000 306.886729629
14.000000000 307.071519918
14.200000000 307.071519918
14.400000000 307.071519918
14.600000000 307.071519918
14.800000000 307.071519918
15.000000000 307.071519918
15.200000000 307.256341846
15.400000000 307.256341846
15.600000000 307.256341846
15.800000000 307.256341846
16.000000000 307.441192223
16.200000000 307.441192223
16.400000000 307.441192223
16.600000000 307.626068008
16.800000000 307.441192223
17.000000000 307.441192223
17.200000000 307.441192223
17.400000000 307.441192223
17.600000000 307.441192223
17.800000000 307.626068008
18.000000000 307.626068008
18.200000000 307.626068008
18.400000000 307.626068008
18.600000000 307.626068008
18.800000000 307.626068008
19.000000000 307.626068008
19.200000000 307.810966003
19.400000000 307.626068008
19.600000000 307.626068008
19.800000000 307.810966003
20.000000000 307.810966003
20.200000000 307.810966003
20.400000000 307.995883174
20.600000000 307.995883174
20.800000000 307.810966003
21.000000000 307.995883174
21.200000000 307.995883174
21.400000000 307.995883174
21.600000000 307.995883174
21.800000000 307.995883174
22.000000000 307.995883174
22.200000000 307.995883174
22.400000000 307.995883174
22.600000000 307.810966003
22.800000000 307.810966003
23.000000000 307.626068008
23.200000000 307.626068008
23.400000000 307.441192223
23.600000000 307.256341846
23.800000000 307.071519918
24.000000000 307.071519918
24.200000000 306.886729629
24.400000000 306.701974022
24.600000000 306.701974022
24.800000000 306.517256288
25.000000000 306.147946759
25.200000000 306.147946759
25.400000000 305.778825974
25.600000000 305.594344137
25.800000000 305.409918874
26.000000000 305.225553228
26.200000000 305.041250390
26.400000000 304.857012861
26.600000000 304.488724783
26.800000000 304.304666570
27.000000000 304.120660398
27.200000000 303.752788973
27.400000000 303.568916036
27.600000000 303.201276437
27.800000000 303.017502089
28.000000000 302.833752977
28.200000000 302.466314926
28.400000000 302.098931560
28.600000000 301.915250762
28.800000000 301.547891804
29.000000000 301.180510705
29.200000000 300.813076741
29.400000000 300.445559182
29.600000000 300.077927298
29.800000000 299.894059167
30.000000000 299.342261353
30.200000000 299.158279277
30.400000000 298.606247731
30.600000000 298.422223881
30.800000000 298.238200843
31.000000000 297.686182079
31.200000000 297.318256624
31.400000000 296.950442984
31.600000000 296.766589369
31.800000000 296.399011207
32.000000000 295.848034329
32.200000000 295.481029329
32.400000000 295.114316835
32.600000000 294.747928172
32.800000000 294.381842845
33.000000000 294.016008798
33.200000000 293.467613994
33.400000000 293.102178416
33.600000000 292.736810341
33.800000000 292.371457256
34.000000000 292.006066654
34.200000000 291.457795563
34.400000000 291.092081443
34.600000000 290.543078910
34.800000000 290.176713098
35.000000000 289.442932740
35.200000000 289.259285663
35.400000000 288.707964226
35.600000000 288.340165990
35.800000000 287.788225050
36.000000000 287.420179192
36.200000000 287.052126907
36.400000000 286.500152192
36.600000000 286.132315404
36.800000000 285.764657438
37.000000000 285.397231220
37.200000000 284.846641137
37.400000000 284.296766868
37.600000000 283.930530952
37.800000000 283.564529659
38.000000000 283.015887209
38.200000000 282.467565749
38.400000000 282.284841837
38.600000000 281.736755316
38.800000000 281.371389417
39.000000000 280.823286290
39.200000000 280.275007631
39.400000000 279.726434311
39.600000000 279.360545620
39.800000000 278.811532386
40.000000000 278.262404407
40.200000000 277.896311658
40.400000000 277.530252419
40.600000000 276.981300331
40.800000000 276.615472787
41.000000000 275.884307046
41.200000000 275.336494063
41.400000000 274.971616069
41.600000000 274.424832296
41.800000000 274.060618601
42.000000000 273.514665076
42.200000000 273.150884585
42.400000000 272.787210021
42.600000000 272.423602899
42.800000000 271.878234454
43.000000000 271.514627551
43.200000000 270.605231836
43.400000000 270.241221121
43.600000000 269.877009075
43.800000000 269.330329235
44.000000000 268.965718769
44.200000000 268.418719311
44.400000000 267.871801804
44.600000000 267.507337092
44.800000000 266.961012570
45.000000000 266.415317564
45.200000000 265.870457481
45.400000000 265.507782638
45.600000000 264.784058009
45.800000000 264.423039595
46.000000000 263.882363079
46.200000000 263.342445104
46.400000000 262.802989894
46.600000000 262.443464186
46.800000000 261.904123235
47.000000000 261.364456508
47.200000000 261.004351713
47.400000000 260.463485014
47.600000000 259.921504256
47.800000000 259.559462760
48.000000000 259.015418084
48.200000000 258.652154831
48.400000000 258.106560910
48.600000000 257.560309600
48.800000000 257.195877587
49.000000000 256.831304550
49.200000000 256.284312820
49.400000000 255.737343943
49.600000000 255.190601917
49.800000000 254.826333358
50.000000000 254.280373225
50.200000000 253.916726842
50.400000000 253.371800952
50.600000000 252.827591301
50.800000000 252.465218164
51.000000000 251.922361531
51.200000000 251.380412403
51.400000000 250.839442430
51.600000000 250.479375207
51.800000000 249.940196558
52.000000000 249.581361148
52.200000000 249.043856564
52.400000000 248.685890748
52.600000000 248.149277667
52.800000000 247.612803031
53.000000000 247.255083401
53.200000000 246.718178922
53.400000000 246.180620082
53.600000000 245.642109647
53.800000000 245.462343284
54.000000000 244.741681898
54.200000000 244.561103000
54.400000000 243.837464289
54.600000000 243.475037738
54.800000000 243.112348593
55.000000000 242.386609109
55.200000000 242.205176733
55.400000000 241.661099021
55.600000000 241.117630230
55.800000000 240.755833770
56.000000000 240.214179809
56.200000000 239.853924094
56.400000000 239.494377322
56.600000000 238.956162549
56.800000000 238.418947907
57.000000000 237.882366132
57.200000000 237.524815241
57.400000000 237.167273649
57.600000000 236.630740715
57.800000000 236.093616674
58.000000000 235.735024293
58.200000000 235.196099195
58.400000000 234.655634893
58.600000000 234.294486397
58.800000000 233.751762292
59.000000000 233.389431946
59.200000000 233.026812848
59.400000000 232.482572755
59.600000000 232.119691747
59.800000000 231.575551652
60.000000000 231.213065835
60.200000000 230.850922079
60.400000000 230.308577789
60.600000000 229.947749073
60.800000000 229.407731535
61.000000000 229.048436600
61.200000000 228.689619286
61.400000000 228.152109201
61.600000000 227.615211898
61.800000000 227.257483905
62.000000000 226.899822957
62.200000000 226.542146937
62.400000000 226.005425003
62.600000000 225.468207301
62.800000000 225.109649849
63.000000000 224.750674461
63.200000000 224.211457644
63.400000000 223.671503260
63.600000000 223.491387200
63.800000000 222.950743402
64.000000000 222.590137793
64.200000000 222.049104791
64.400000000 221.508090374
64.600000000 221.147517746
64.800000000 220.606954302
65.000000000 220.246857378
65.200000000 219.887048322
65.400000000 219.347914455
65.600000000 218.988840737
65.800000000 218.630012385
66.000000000 218.092166653
66.200000000 217.733825224
66.400000000 217.554710399
66.600000000 217.017545969
66.800000000 216.659550320
67.000000000 216.301612105
67.200000000 215.764749245
67.400000000 215.406828125
67.600000000 215.048863244
67.800000000 214.511784536
68.000000000 214.332722101
68.200000000 213.795433108
68.400000000 213.437160832
68.600000000 212.899643095
68.800000000 212.541230923
69.000000000 212.003522243
69.200000000 211.644995426
69.400000000 211.286429822
69.600000000 210.748517545
69.800000000 210.569198410
70.000000000 210.031203102
70.200000000 209.672514056
70.400000000 209.134468305
70.600000000 208.596446250
70.800000000 208.417118237
71.000000000 207.879194674
71.200000000 207.699912241
71.400000000 207.162163680
71.600000000 206.982952336
71.800000000 206.445455289
72.000000000 206.087253948
72.200000000 205.729171509
72.400000000 205.371220731
72.600000000 205.013414361
72.800000000 204.655763261
73.000000000 204.298269829
73.200000000 204.119582229
73.400000000 203.405226230
73.600000000 203.226735848
73.800000000 202.869873395
74.000000000 202.513168761
74.200000000 202.156621981
74.400000000 201.444002098
74.600000000 201.087929053
74.800000000 200.732013985
75.000000000 200.376256921
75.200000000 200.020657892
75.400000000 199.665215045
75.600000000 199.309917552
75.800000000 198.954751927
76.000000000 198.599704672
76.200000000 198.244762294
76.400000000 197.889911297
76.600000000 197.535138193
76.800000000 197.180429485
77.000000000 196.825771680
77.200000000 196.471151282
77.400000000 196.116554803
77.600000000 195.939261298
77.800000000 195.407379618
78.000000000 195.052773925
78.200000000 194.698139575
78.400000000 194.343473305
78.600000000 194.166128229
78.800000000 193.811414364
79.000000000 193.456668974
79.200000000 193.101892216
79.400000000 192.569668636
79.600000000 192.214814163
79.800000000 191.859928887
80.000000000 191.505012963
80.200000000 191.327543544
80.400000000 190.795089833
80.600000000 190.617590129
80.800000000 190.085046052
81.000000000 189.907516427
81.200000000 189.374894452
81.400000000 189.197348037
81.600000000 188.842256288
81.800000000 188.487176636
82.000000000 188.132121933
82.200000000 187.777105028
82.400000000 187.422138771
82.600000000 187.067236017
82.800000000 186.712409615
83.000000000 186.357672414
83.200000000 186.180341297
83.400000000 185.825761995
83.600000000 185.471304019
83.800000000 185.116980225
84.000000000 184.762802885
84.200000000 184.408777653
84.400000000 184.231822504
84.600000000 183.701189107
84.800000000 183.524389169
85.000000000 182.994225441
85.200000000 182.994225441
85.400000000 182.640981306
85.600000000 182.287897430
85.800000000 181.934975167
86.000000000 181.405897718
86.200000000 181.229620859
86.400000000 180.701039356
86.600000000 180.348861012
86.800000000 179.996851689
87.000000000 179.820910407
87.200000000 179.469146057
87.400000000 179.117523720
87.600000000 178.766024616
87.800000000 178.414629962
88.000000000 178.063320974
88.200000000 177.887692715
88.400000000 177.712078867
88.600000000 177.360884863
88.800000000 177.009720176
89.000000000 176.658566025
89.200000000 176.482987011
89.400000000 175.956214195
89.600000000 175.604978952
89.800000000 175.253679114
90.000000000 175.077999082
90.200000000 174.550824735
90.400000000 174.199284720
90.600000000 173.847698084
90.800000000 173.671894166
91.000000000 173.320279014
91.200000000 172.968672463
91.400000000 172.792879333
91.600000000 172.265573516
91.800000000 172.089838685
92.000000000 171.738436179
92.200000000 171.387141675
92.400000000 171.035977258
92.600000000 170.684965017
92.800000000 170.334127040
93.000000000 170.158780283
93.200000000 169.633054447
93.400000000 169.457914336
93.600000000 168.932767742
93.800000000 168.757802331
94.000000000 168.407982828
94.200000000 168.058296205
94.400000000 167.708723877
94.600000000 167.533974782
94.800000000 167.184539044
95.000000000 166.835171128
95.200000000 166.660506781
95.400000000 166.311205754
95.600000000 165.961926082
95.800000000 165.612649182
96.000000000 165.438005979
96.200000000 165.088698381
96.400000000 164.739348491
96.600000000 164.564655774
96.800000000 164.040509153
97.000000000 163.865771464
97.200000000 163.341495108
97.400000000 163.166715901
97.600000000 162.817128213
97.800000000 162.467502893
98.000000000 162.117841666
98.200000000 161.768146259
98.400000000 161.593286295
98.600000000 161.243542854
98.800000000 160.893769548
99.000000000 160.543968106
99.200000000 160.369057357
99.400000000 160.019216947
99.600000000 159.844287865
99.800000000 159.494417230
100.000000000 159.144539751
100.200000000 158.794667107
100.400000000 158.444810978
100.600000000 158.269892738
100.800000000 157.920083284
101.000000000 157.570319547
101.200000000 157.395458491
101.400000000 157.045785231
101.600000000 156.696186892
101.800000000 156.346675149
102.000000000 155.997261690
102.200000000 155.647958193
102.400000000 155.473351313
102.600000000 154.949727801
102.800000000 154.775256710
103.000000000 154.426422924
103.200000000 154.077734799
103.400000000 153.903445821
103.600000000 153.380801220
103.800000000 153.206661105
104.000000000 152.858493999
104.200000000 152.684467364
104.400000000 152.336528888
104.600000000 151.988744608
104.800000000 151.814910756
105.000000000 151.467360446
105.200000000 151.119967892
105.400000000 150.772734517
105.600000000 150.599177947
105.800000000 150.252186010
106.000000000 149.905356745
106.200000000 149.385403345
106.400000000 149.385403345
106.600000000 149.038936553
106.800000000 148.692583955
107.000000000 148.519444877
107.200000000 148.000149843
107.400000000 147.827084737
107.600000000 147.307957982
107.800000000 147.134931089
108.000000000 146.961908198
108.200000000 146.615865345
108.400000000 146.442840913
108.600000000 146.096774929
108.800000000 145.750671181
109.000000000 145.404511788
109.200000000 145.231405655
109.400000000 144.885129512
109.600000000 144.711958314
109.800000000 144.365561134
110.000000000 144.019108645
110.200000000 143.845868348
110.400000000 143.499372923
110.600000000 143.152875557
110.800000000 142.806397597
111.000000000 142.459960387
111.200000000 142.286763720
111.400000000 142.113585281
111.600000000 141.594185736
111.800000000 141.421106757
112.000000000 141.075046031
112.200000000 140.729132796
112.400000000 140.556238140
112.600000000 140.383388396
112.800000000 139.865134636
113.000000000 139.692486692
113.200000000 139.347335777
113.400000000 139.174827953
113.600000000 138.829935502
113.800000000 138.485191089
114.000000000 138.312868352
114.200000000 138.140575304
114.400000000 137.796068729
114.600000000 137.451651948
114.800000000 137.107305544
115.000000000 136.935152687
115.200000000 136.590875448
115.400000000 136.418746216
115.600000000 136.074494460
115.800000000 135.730235421
116.000000000 135.558097121
116.200000000 135.213790755
116.400000000 135.041617834
116.600000000 134.697223635
116.800000000 134.525003414
117.000000000 134.352769173
117.200000000 134.008263087
117.400000000 133.835993409
117.600000000 133.491426106
117.800000000 133.319130648
118.000000000 132.974521590
118.200000000 132.629895503
118.400000000 132.285261039
118.600000000 132.112943385
118.800000000 131.768312571
119.000000000 131.423695000
119.200000000 131.251393866
119.400000000 130.906812375
119.600000000 130.562265751
119.800000000 130.390008233
120.000000000 130.045530124
120.200000000 130.045530124
120.400000000 129.701105907
120.600000000 129.356726138
120.800000000 129.184548161
121.000000000 129.012375644
121.200000000 128.668039250
121.400000000 128.495871579
121.600000000 128.151527870
121.800000000 127.807160307
122.000000000 127.634962856
122.200000000 127.290531056
122.400000000 126.946037455
122.600000000 126.601466873
122.800000000 126.429147952
123.000000000 126.084433437
123.200000000 125.912034046
123.400000000 125.739603992
123.600000000 125.394644437
123.800000000 125.222111141
124.000000000 124.704281318
124.200000000 124.531604692
124.400000000 124.358905029
124.600000000 124.013462760
124.800000000 123.840733171
125.000000000 123.668006581
125.200000000 123.322588560
125.400000000 123.149910152
125.600000000 122.804647003
125.800000000 122.459552194
126.000000000 122.459552194
126.200000000 121.942339493
126.400000000 121.770075863
126.600000000 121.597893332
126.800000000 121.253797752
127.000000000 121.081897719
127.200000000 120.566866617
127.400000000 120.395434327
127.600000000 120.052975836
127.800000000 119.881961937
128.000000000 119.540358387
128.200000000 119.369755532
128.400000000 119.028914420
128.600000000 118.688515253
128.800000000 118.518464791
129.000000000 118.348504947
129.200000000 118.008830431
129.400000000 117.669438622
129.600000000 117.499832127
129.800000000 117.160764857
130.000000000 116.991290810
130.200000000 116.821847598
130.400000000 116.483027271
130.600000000 116.313636887
130.800000000 115.974862436
131.000000000 115.805465097
131.200000000 115.297153159
131.400000000 115.127653710
131.600000000 114.958112202
131.800000000 114.618894351
132.000000000 114.279514709
132.200000000 113.939997000
132.400000000 113.770193769
132.600000000 113.430513448
132.800000000 113.090754369
133.000000000 112.920852731
133.200000000 112.750940263
133.400000000 112.241167836
133.600000000 112.071241857
133.800000000 111.901319948
134.000000000 111.561500065
134.200000000 111.391608020
134.400000000 111.051874627
134.600000000 110.882039209
134.800000000 110.542445686
135.000000000 110.202975066
135.200000000 110.033293239
135.400000000 109.694037859
135.600000000 109.354864379
135.800000000 109.015685333
136.000000000 108.676413237
136.200000000 108.336960613
136.400000000 107.997239975
136.600000000 107.657163841
136.800000000 107.486965141
137.000000000 107.146191732
137.200000000 106.804844121
137.400000000 106.462834821
137.600000000 106.120076355
137.800000000 105.604342577
138.000000000 105.259328452
138.200000000 104.913259816
138.400000000 104.739823930
138.600000000 104.392273789
138.800000000 104.044015936
139.000000000 103.695286454
139.200000000 103.346321431
139.400000000 102.997356948
139.600000000 102.822948669
139.800000000 102.474427652
140.000000000 101.952827581
140.200000000 101.779393959
140.400000000 101.260805580
140.600000000 100.916802104
140.800000000 100.745405515
141.000000000 100.233990618
141.200000000 99.895649835
141.400000000 99.559304841
141.600000000 99.056952779
141.800000000 98.889695536
142.000000000 98.554895102
142.200000000 98.219073398
142.400000000 97.881478875
142.600000000 97.711981940
142.800000000 97.202786125
143.000000000 96.864654757
143.200000000 96.696564839
143.400000000 96.363296644
143.600000000 96.198502387
143.800000000 95.873516476
144.000000000 95.554408089
144.200000000 95.239149950
144.400000000 95.082287759
144.600000000 94.768743309
144.800000000 94.453633528
145.000000000 94.294814707
145.200000000 93.973295584
145.400000000 93.810172772
145.600000000 93.479651918
145.800000000 93.144657022
146.000000000 92.806659665
146.200000000 92.636994949
146.400000000 92.297253113
146.600000000 91.958187139
146.800000000 91.789288614
147.000000000 91.452665034
147.200000000 91.284812917
147.400000000 90.949710303
147.600000000 90.614986352
147.800000000 90.447607527
148.000000000 90.280132809
148.200000000 90.112498598
148.400000000 89.608285709
148.600000000 89.439919203
148.800000000 89.271520822
149.000000000 89.103160668
149.200000000 88.934908992
149.400000000 88.766835904
149.600000000 88.431506339
149.800000000 88.264390218
150.000000000 87.931602774
150.200000000 87.765943651
150.400000000 87.600548651
150.600000000 87.269682140
150.800000000 87.103776270
151.000000000 86.769933453
151.200000000 86.431934607
151.400000000 86.260833740
151.600000000 86.088042282
151.800000000 85.736844380
152.000000000 85.558865703
152.200000000 85.379786357
152.400000000 85.019795964
152.600000000 84.839620000
152.800000000 84.659813530
153.000000000 84.480744171
153.200000000 84.302779392
153.400000000 84.126286803
153.600000000 83.778969875
153.800000000 83.778969875
154.000000000 83.608080866
154.200000000 83.438704720
154.400000000 83.270581415
154.600000000 83.103451076
154.800000000 82.937053675
155.000000000 82.771129335
155.200000000 82.605418038
155.400000000 82.439659896
155.600000000 82.273594896
155.800000000 82.273594896
156.000000000 81.939508549
156.200000000 81.771169347
156.400000000 81.432731481
156.600000000 80.924275465
156.800000000 80.755536857
157.000000000 80.587571499
157.200000000 80.254920490
157.400000000 80.090714756
157.600000000 79.928234309
157.800000000 79.767473305
158.000000000 79.608149549
158.200000000 79.608149549
158.400000000 79.449965494
158.600000000 79.449965494
158.800000000 79.449965494
159.000000000 79.292623469
159.200000000 79.449965494
159.400000000 79.292623469
159.600000000 79.135825928
159.800000000 79.135825928
160.000000000 79.135825928
160.200000000 79.135825928
160.400000000 78.979275196
160.600000000 78.979275196
160.800000000 78.979275196
161.000000000 78.979275196
161.200000000 78.979275196
161.400000000 78.979275196
161.600000000 78.979275196
161.800000000 78.979275196
162.000000000 78.822673734
162.200000000 78.822673734
162.400000000 78.979275196
162.600000000 78.822673734
162.800000000 78.979275196
163.000000000 78.979275196
163.200000000 78.979275196
163.400000000 78.979275196
163.600000000 78.979275196
163.800000000 78.979275196
164.000000000 78.979275196
164.200000000 78.979275196
164.400000000 78.979275196
164.600000000 78.979275196
164.800000000 78.979275196
165.000000000 78.979275196
165.200000000 78.979275196
165.400000000 78.979275196
165.600000000 78.822673734
165.800000000 78.979275196
166.000000000 78.822673734
166.200000000 78.822673734
166.400000000 78.979275196
166.600000000 78.979275196
166.800000000 78.979275196
167.000000000 78.822673734
167.200000000 78.822673734
167.400000000 78.822673734
167.600000000 78.979275196
167.800000000 78.979275196
168.000000000 78.979275196
168.200000000 78.979275196
168.400000000 78.979275196
168.600000000 78.979275196
168.800000000 78.979275196
169.000000000 78.979275196
169.200000000 78.979275196
169.400000000 78.979275196
169.600000000 78.979275196
169.800000000 78.979275196
170.000000000 78.979275196
170.200000000 78.979275196
170.400000000 78.979275196
170.600000000 78.822673734
170.800000000 78.979275196
171.000000000 78.979275196
171.200000000 78.979275196
171.400000000 78.979275196
171.600000000 78.822673734
171.800000000 78.979275196
172.000000000 78.822673734
172.200000000 78.822673734
172.400000000 78.979275196
172.600000000 78.979275196
172.800000000 78.979275196
173.000000000 78.979275196
173.200000000 78.979275196
173.400000000 78.979275196
173.600000000 78.979275196
173.800000000 78.979275196
174.000000000 78.979275196
174.200000000 78.979275196
174.400000000 78.979275196
174.600000000 78.979275196
174.800000000 78.979275196
175.000000000 78.979275196
175.200000000 78.822673734
175.400000000 79.135825928
175.600000000 78.979275196
175.800000000 78.822673734
176.000000000 78.822673734
176.200000000 78.979275196
176.400000000 78.979275196
176.600000000 78.822673734
176.800000000 78.822673734
177.000000000 78.979275196
177.200000000 78.979275196
177.400000000 78.979275196
177.600000000 78.979275196
177.800000000 78.822673734
178.000000000 78.822673734
178.200000000 78.822673734
178.400000000 78.822673734
178.600000000 78.822673734
178.800000000 78.979275196
179.000000000 78.979275196
179.200000000 78.979275196
179.400000000 78.979275196
179.600000000 78.979275196
179.800000000 78.822673734
180.000000000 78.979275196
180.200000000 78.979275196
180.400000000 78.979275196
180.600000000 78.979275196
180.800000000 78.979275196
181.000000000 78.979275196
181.200000000 78.979275196
181.400000000 78.979275196
181.600000000 78.979275196
181.800000000 78.822673734
182.000000000 78.979275196
182.200000000 78.822673734
182.400000000 78.822673734
182.600000000 78.979275196
182.800000000 78.979275196
183.000000000 78.822673734
183.200000000 78.822673734
183.400000000 78.822673734
183.600000000 78.979275196
183.800000000 78.822673734
184.000000000 78.822673734
184.200000000 78.822673734
184.400000000 78.822673734
184.600000000 78.979275196
184.800000000 78.979275196
185.000000000 78.822673734
185.200000000 78.822673734
185.400000000 78.822673734
185.600000000 78.979275196
185.800000000 78.979275196
186.000000000 78.822673734
