0.000000000 110.194935904 7.543945312
0.200000000 110.266259495 7.548828125
0.400000000 110.337583070 7.553710937
0.600000000 110.408906661 7.558593750
0.800000000 110.480230237 7.563476562
1.000000000 110.551553827 7.568359375
1.200000000 110.622877403 7.573242187
1.400000000 110.694200993 7.578125000
1.600000000 110.765524569 7.583007812
1.800000000 110.836848160 7.587890625
2.000000000 110.908171735 7.592773437
2.200000000 110.979495326 7.597656250
2.400000000 111.050818902 7.602539062
2.600000000 111.050818902 7.602539062
2.800000000 111.122142492 7.607421875
3.000000000 111.264789658 7.617187500
3.200000000 111.336113234 7.622070312
3.400000000 111.336113234 7.622070312
3.600000000 111.407436824 7.626953125
3.800000000 111.478760400 7.631835937
4.000000000 111.621407566 7.641601562
4.200000000 111.621407566 7.641601562
4.400000000 111.621407566 7.641601562
4.600000000 111.692731157 7.646484375
4.800000000 111.764054733 7.651367187
5.000000000 111.764054733 7.651367187
5.200000000 111.835378323 7.656250000
5.400000000 111.835378323 7.656250000
5.600000000 111.978025489 7.666015625
5.800000000 111.906701899 7.661132812
6.000000000 112.049349065 7.670898437
6.200000000 111.978025489 7.666015625
6.400000000 112.120672656 7.675781250
6.600000000 112.120672656 7.675781250
6.800000000 112.120672656 7.675781250
7.000000000 112.191996231 7.680664062
7.200000000 112.191996231 7.680664062
7.400000000 112.263319822 7.685546875
7.600000000 112.191996231 7.680664062
7.800000000 112.334643398 7.690429687
8.000000000 112.334643398 7.690429687
8.200000000 112.405966988 7.695312500
8.400000000 112.477290564 7.700195312
8.600000000 112.477290564 7.700195312
8.800000000 112.548614154 7.705078125
9.000000000 112.548614154 7.705078125
9.200000000 112.619937730 7.709960937
9.400000000 112.619937730 7.709960937
9.600000000 112.619937730 7.709960937
9.800000000 112.691261320 7.714843750
10.000000000 112.691261320 7.714843750
10.200000000 112.691261320 7.714843750
10.400000000 112.833908487 7.724609375
10.600000000 112.762584896 7.719726562
10.800000000 112.762584896 7.719726562
11.000000000 112.833908487 7.724609375
11.200000000 112.905232063 7.729492187
11.400000000 112.833908487 7.724609375
11.600000000 112.833908487 7.724609375
11.800000000 112.833908487 7.724609375
12.000000000 112.905232063 7.729492187
12.200000000 112.976555653 7.734375000
12.400000000 112.976555653 7.734375000
12.600000000 112.976555653 7.734375000
12.800000000 112.976555653 7.734375000
13.000000000 112.976555653 7.734375000
13.200000000 113.047879229 7.739257812
13.400000000 113.047879229 7.739257812
13.600000000 113.119202819 7.744140625
13.800000000 113.119202819 7.744140625
14.000000000 113.190526395 7.749023437
14.200000000 113.190526395 7.749023437
14.400000000 113.190526395 7.749023437
14.600000000 113.190526395 7.749023437
14.800000000 113.190526395 7.749023437
15.000000000 113.190526395 7.749023437
15.200000000 113.261849985 7.753906250
15.400000000 113.261849985 7.753906250
15.600000000 113.261849985 7.753906250
15.800000000 113.261849985 7.753906250
16.000000000 113.333173561 7.758789062
16.200000000 113.333173561 7.758789062
16.400000000 113.333173561 7.758789062
16.600000000 113.404497152 7.763671875
16.800000000 113.333173561 7.758789062
17.000000000 113.333173561 7.758789062
17.200000000 113.333173561 7.758789062
17.400000000 113.333173561 7.758789062
17.600000000 113.333173561 7.758789062
17.800000000 113.404497152 7.763671875
18.000000000 113.404497152 7.763671875
18.200000000 113.404497152 7.763671875
18.400000000 113.404497152 7.763671875
18.600000000 113.404497152 7.763671875
18.800000000 113.404497152 7.763671875
19.000000000 113.404497152 7.763671875
19.200000000 113.475820727 7.768554687
19.400000000 113.404497152 7.763671875
19.600000000 113.404497152 7.763671875
19.800000000 113.475820727 7.768554687
20.000000000 113.475820727 7.768554687
20.200000000 113.475820727 7.768554687
20.400000000 113.547144318 7.773437500
20.600000000 113.547144318 7.773437500
20.800000000 113.475820727 7.768554687
21.000000000 113.547144318 7.773437500
21.200000000 113.547144318 7.773437500
21.400000000 113.547144318 7.773437500
21.600000000 113.547144318 7.773437500
21.800000000 113.547144318 7.773437500
22.000000000 113.547144318 7.773437500
22.200000000 113.547144318 7.773437500
22.400000000 113.547144318 7.773437500
22.600000000 113.475820727 7.768554687
22.800000000 113.475820727 7.768554687
23.000000000 113.404497152 7.763671875
23.200000000 113.404497152 7.763671875
23.400000000 113.333173561 7.758789062
23.600000000 113.261849985 7.753906250
23.800000000 113.190526395 7.749023437
24.000000000 113.190526395 7.749023437
24.200000000 113.119202819 7.744140625
24.400000000 113.047879229 7.739257812
24.600000000 113.047879229 7.739257812
24.800000000 112.976555653 7.734375000
25.000000000 112.833908487 7.724609375
25.200000000 112.833908487 7.724609375
25.400000000 112.691261320 7.714843750
25.600000000 112.619937730 7.709960937
25.800000000 112.548614154 7.705078125
26.000000000 112.477290564 7.700195312
26.200000000 112.405966988 7.695312500
26.400000000 112.334643398 7.690429687
26.600000000 112.191996231 7.680664062
26.800000000 112.120672656 7.675781250
27.000000000 112.049349065 7.670898437
27.200000000 111.906701899 7.661132812
27.400000000 111.835378323 7.656250000
27.600000000 111.692731157 7.646484375
27.800000000 111.621407566 7.641601562
28.000000000 111.550083991 7.636718750
28.200000000 111.407436824 7.626953125
28.400000000 111.264789658 7.617187500
28.600000000 111.193466068 7.612304687
28.800000000 111.050818902 7.602539062
29.000000000 110.908171735 7.592773437
29.200000000 110.765524569 7.583007812
29.400000000 110.622877403 7.573242187
29.600000000 110.480230237 7.563476562
29.800000000 110.408906661 7.558593750
30.000000000 110.194935904 7.543945312
30.200000000 110.123612328 7.539062500
30.400000000 109.909641572 7.524414062
30.600000000 109.838317996 7.519531250
30.800000000 109.766994405 7.514648437
31.000000000 109.553023663 7.500000000
31.200000000 109.410376497 7.490234375
31.400000000 109.267729331 7.480468750
31.600000000 109.196405741 7.475585937
31.800000000 109.053758574 7.465820312
32.000000000 108.839787832 7.451171875
32.200000000 108.697140666 7.441406250
32.400000000 108.554493500 7.431640625
32.600000000 108.411846334 7.421875000
32.800000000 108.269199167 7.412109375
33.000000000 108.126552001 7.402343750
33.200000000 107.912581245 7.387695312
33.400000000 107.769934078 7.377929687
33.600000000 107.627286912 7.368164062
33.800000000 107.484639746 7.358398437
34.000000000 107.341992580 7.348632812
34.200000000 107.128021838 7.333984375
34.400000000 106.985374671 7.324218750
34.600000000 106.771403915 7.309570312
34.800000000 106.628756748 7.299804687
35.000000000 106.343462416 7.280273437
35.200000000 106.272138840 7.275390625
35.400000000 106.058168084 7.260742187
35.600000000 105.915520917 7.250976562
35.800000000 105.701550175 7.236328125
36.000000000 105.558903009 7.226562500
36.200000000 105.416255843 7.216796875
36.400000000 105.202285086 7.202148437
36.600000000 105.059637920 7.192382812
36.800000000 104.916990754 7.182617187
37.000000000 104.774343587 7.172851562
37.200000000 104.560372845 7.158203125
37.400000000 104.346402089 7.143554687
37.600000000 104.203754923 7.133789062
37.800000000 104.061107756 7.124023437
38.000000000 103.847137014 7.109375000
38.200000000 103.633166258 7.094726562
38.400000000 103.561842682 7.089843750
38.600000000 103.347871925 7.075195312
38.800000000 103.205224759 7.065429687
39.000000000 102.991254017 7.050781250
39.200000000 102.777283260 7.036132812
39.400000000 102.563312518 7.021484375
39.600000000 102.420665352 7.011718750
39.800000000 102.206694595 6.997070312
40.000000000 101.992723853 6.982421875
40.200000000 101.850076687 6.972656250
40.400000000 101.707429521 6.962890625
40.600000000 101.493458764 6.948242187
40.800000000 101.350811598 6.938476562
41.000000000 101.065517266 6.918945312
41.200000000 100.851546524 6.904296875
41.400000000 100.708899357 6.894531250
41.600000000 100.494928601 6.879882812
41.800000000 100.352281434 6.870117187
42.000000000 100.138310692 6.855468750
42.200000000 99.995663526 6.845703125
42.400000000 99.853016360 6.835937500
42.600000000 99.710369194 6.826171875
42.800000000 99.496398437 6.811523437
43.000000000 99.353751271 6.801757812
43.200000000 98.997133363 6.777343750
43.400000000 98.854486196 6.767578125
43.600000000 98.711839030 6.757812500
43.800000000 98.497868273 6.743164062
44.000000000 98.355221107 6.733398437
44.200000000 98.141250365 6.718750000
44.400000000 97.927279609 6.704101562
44.600000000 97.784632442 6.694335937
44.800000000 97.570661700 6.679687500
45.000000000 97.356690944 6.665039062
45.200000000 97.142720202 6.650390625
45.400000000 97.000073035 6.640625000
45.600000000 96.714778703 6.621093750
45.800000000 96.572131537 6.611328125
46.000000000 96.358160780 6.596679687
46.200000000 96.144190038 6.582031250
46.400000000 95.930219281 6.567382812
46.600000000 95.787572115 6.557617187
46.800000000 95.573601373 6.542968750
47.000000000 95.359630616 6.528320312
47.200000000 95.216983450 6.518554687
47.400000000 95.003012708 6.503906250
47.600000000 94.789041952 6.489257812
47.800000000 94.646394785 6.479492187
48.000000000 94.432424043 6.464843750
48.200000000 94.289776877 6.455078125
48.400000000 94.075806120 6.440429687
48.600000000 93.861835378 6.425781250
48.800000000 93.719188212 6.416015625
49.000000000 93.576541046 6.406250000
49.200000000 93.362570289 6.391601562
49.400000000 93.148599547 6.376953125
49.600000000 92.934628791 6.362304687
49.800000000 92.791981624 6.352539062
50.000000000 92.578010882 6.337890625
50.200000000 92.435363716 6.328125000
50.400000000 92.221392959 6.313476562
50.600000000 92.007422217 6.298828125
50.800000000 91.864775051 6.289062500
51.000000000 91.650804294 6.274414062
51.200000000 91.436833552 6.259765625
51.400000000 91.222862796 6.245117187
51.600000000 91.080215630 6.235351562
51.800000000 90.866244888 6.220703125
52.000000000 90.723597721 6.210937500
52.200000000 90.509626965 6.196289062
52.400000000 90.366979798 6.186523437
52.600000000 90.153009056 6.171875000
52.800000000 89.939038300 6.157226562
53.000000000 89.796391134 6.147460937
53.200000000 89.582420391 6.132812500
53.400000000 89.368449635 6.118164062
53.600000000 89.154478893 6.103515625
53.800000000 89.083155302 6.098632812
54.000000000 88.797860970 6.079101562
54.200000000 88.726537394 6.074218750
54.400000000 88.441243062 6.054687500
54.600000000 88.298595895 6.044921875
54.800000000 88.155948729 6.035156250
55.000000000 87.870654397 6.015625000
55.200000000 87.799330806 6.010742187
55.400000000 87.585360064 5.996093750
55.600000000 87.371389308 5.981445312
55.800000000 87.228742141 5.971679687
56.000000000 87.014771399 5.957031250
56.200000000 86.872124233 5.947265625
56.400000000 86.729477067 5.937500000
56.600000000 86.515506310 5.922851562
56.800000000 86.301535568 5.908203125
57.000000000 86.087564812 5.893554687
57.200000000 85.944917645 5.883789062
57.400000000 85.802270479 5.874023437
57.600000000 85.588299737 5.859375000
57.800000000 85.374328980 5.844726562
58.000000000 85.231681814 5.834960937
58.200000000 85.017711072 5.820312500
58.400000000 84.803740316 5.805664062
58.600000000 84.661093149 5.795898437
58.800000000 84.447122407 5.781250000
59.000000000 84.304475241 5.771484375
59.200000000 84.161828075 5.761718750
59.400000000 83.947857318 5.747070312
59.600000000 83.805210152 5.737304687
59.800000000 83.591239410 5.722656250
60.000000000 83.448592244 5.712890625
60.200000000 83.305945077 5.703125000
60.400000000 83.091974321 5.688476562
60.600000000 82.949327155 5.678710937
60.800000000 82.735356413 5.664062500
61.000000000 82.592709246 5.654296875
61.200000000 82.450062080 5.644531250
61.400000000 82.236091323 5.629882812
61.600000000 82.022120581 5.615234375
61.800000000 81.879473415 5.605468750
62.000000000 81.736826249 5.595703125
62.200000000 81.594179083 5.585937500
62.400000000 81.380208326 5.571289062
62.600000000 81.166237584 5.556640625
62.800000000 81.023590418 5.546875000
63.000000000 80.880943252 5.537109375
63.200000000 80.666972495 5.522460937
63.400000000 80.453001753 5.507812500
63.600000000 80.381678162 5.502929687
63.800000000 80.167707420 5.488281250
64.000000000 80.025060254 5.478515625
64.200000000 79.811089498 5.463867187
64.400000000 79.597118755 5.449218750
64.600000000 79.454471589 5.439453125
64.800000000 79.240500833 5.424804687
65.000000000 79.097853666 5.415039062
65.200000000 78.955206500 5.405273437
65.400000000 78.741235758 5.390625000
65.600000000 78.598588592 5.380859375
65.800000000 78.455941426 5.371093750
66.000000000 78.241970669 5.356445312
66.200000000 78.099323503 5.346679687
66.400000000 78.027999927 5.341796875
66.600000000 77.814029170 5.327148437
66.800000000 77.671382004 5.317382812
67.000000000 77.528734838 5.307617187
67.200000000 77.314764096 5.292968750
67.400000000 77.172116930 5.283203125
67.600000000 77.029469763 5.273437500
67.800000000 76.815499007 5.258789062
68.000000000 76.744175431 5.253906250
68.200000000 76.530204674 5.239257812
68.400000000 76.387557508 5.229492187
68.600000000 76.173586766 5.214843750
68.800000000 76.030939600 5.205078125
69.000000000 75.816968843 5.190429687
69.200000000 75.674321677 5.180664062
69.400000000 75.531674511 5.170898437
69.600000000 75.317703769 5.156250000
69.800000000 75.246380178 5.151367187
70.000000000 75.032409436 5.136718750
70.200000000 74.889762270 5.126953125
70.400000000 74.675791513 5.112304687
70.600000000 74.461820771 5.097656250
70.800000000 74.390497181 5.092773437
71.000000000 74.176526439 5.078125000
71.200000000 74.105202848 5.073242187
71.400000000 73.891232106 5.058593750
71.600000000 73.819908516 5.053710937
71.800000000 73.605937774 5.039062500
72.000000000 73.463290608 5.029296875
72.200000000 73.320643441 5.019531250
72.400000000 73.177996275 5.009765625
72.600000000 73.035349109 5.000000000
72.800000000 72.892701943 4.990234375
73.000000000 72.750054777 4.980468750
73.200000000 72.678731186 4.975585937
73.400000000 72.393436854 4.956054687
73.600000000 72.322113278 4.951171875
73.800000000 72.179466112 4.941406250
74.000000000 72.036818945 4.931640625
74.200000000 71.894171779 4.921875000
74.400000000 71.608877447 4.902343750
74.600000000 71.466230280 4.892578125
74.800000000 71.323583114 4.882812500
75.000000000 71.180935948 4.873046875
75.200000000 71.038288782 4.863281250
75.400000000 70.895641616 4.853515625
75.600000000 70.752994449 4.843750000
75.800000000 70.610347283 4.833984375
76.000000000 70.467700117 4.824218750
76.200000000 70.325052951 4.814453125
76.400000000 70.182405784 4.804687500
76.600000000 70.039758618 4.794921875
76.800000000 69.897111452 4.785156250
77.000000000 69.754464286 4.775390625
77.200000000 69.611817119 4.765625000
77.400000000 69.469169953 4.755859375
77.600000000 69.397846363 4.750976562
77.800000000 69.183875621 4.736328125
78.000000000 69.041228455 4.726562500
78.200000000 68.898581288 4.716796875
78.400000000 68.755934122 4.707031250
78.600000000 68.684610532 4.702148437
78.800000000 68.541963365 4.692382812
79.000000000 68.399316199 4.682617187
79.200000000 68.256669033 4.672851562
79.400000000 68.042698291 4.658203125
79.600000000 67.900051125 4.648437500
79.800000000 67.757403959 4.638671875
80.000000000 67.614756792 4.628906250
80.200000000 67.543433202 4.624023437
80.400000000 67.329462460 4.609375000
80.600000000 67.258138869 4.604492187
80.800000000 67.044168127 4.589843750
81.000000000 66.972844537 4.584960937
81.200000000 66.758873795 4.570312500
81.400000000 66.687550204 4.565429687
81.600000000 66.544903038 4.555664062
81.800000000 66.402255872 4.545898437
82.000000000 66.259608706 4.536132812
82.200000000 66.116961540 4.526367187
82.400000000 65.974314373 4.516601562
82.600000000 65.831667207 4.506835937
82.800000000 65.689020041 4.497070312
83.000000000 65.546372875 4.487304687
83.200000000 65.475049299 4.482421875
83.400000000 65.332402133 4.472656250
83.600000000 65.189754966 4.462890625
83.800000000 65.047107800 4.453125000
84.000000000 64.904460634 4.443359375
84.200000000 64.761813468 4.433593750
84.400000000 64.690489877 4.428710937
84.600000000 64.476519135 4.414062500
84.800000000 64.405195545 4.409179687
85.000000000 64.191224803 4.394531250
85.200000000 64.191224803 4.394531250
85.400000000 64.048577637 4.384765625
85.600000000 63.905930470 4.375000000
85.800000000 63.763283304 4.365234375
86.000000000 63.549312547 4.350585937
86.200000000 63.477988972 4.345703125
86.400000000 63.264018215 4.331054687
86.600000000 63.121371049 4.321289062
86.800000000 62.978723883 4.311523437
87.000000000 62.907400307 4.306640625
87.200000000 62.764753141 4.296875000
87.400000000 62.622105974 4.287109375
87.600000000 62.479458808 4.277343750
87.800000000 62.336811642 4.267578125
88.000000000 62.194164476 4.257812500
88.200000000 62.122840885 4.252929687
88.400000000 62.051517309 4.248046875
88.600000000 61.908870143 4.238281250
88.800000000 61.766222977 4.228515625
89.000000000 61.623575811 4.218750000
89.200000000 61.552252220 4.213867187
89.400000000 61.338281478 4.199218750
89.600000000 61.195634312 4.189453125
89.800000000 61.052987146 4.179687500
90.000000000 60.981663555 4.174804687
90.200000000 60.767692813 4.160156250
90.400000000 60.625045647 4.150390625
90.600000000 60.482398481 4.140625000
90.800000000 60.411074890 4.135742187
91.000000000 60.268427724 4.125976562
91.200000000 60.125780558 4.116210937
91.400000000 60.054456982 4.111328125
91.600000000 59.840486226 4.096679687
91.800000000 59.769162650 4.091796875
92.000000000 59.626515483 4.082031250
92.200000000 59.483868317 4.072265625
92.400000000 59.341221151 4.062500000
92.600000000 59.198573985 4.052734375
92.800000000 59.055926819 4.042968750
93.000000000 58.984603228 4.038085937
93.200000000 58.770632486 4.023437500
93.400000000 58.699308896 4.018554687
93.600000000 58.485338154 4.003906250
93.800000000 58.414014563 3.999023437
94.000000000 58.271367397 3.989257812
94.200000000 58.128720231 3.979492187
94.400000000 57.986073065 3.969726562
94.600000000 57.914749489 3.964843750
94.800000000 57.772102323 3.955078125
95.000000000 57.629455156 3.945312500
95.200000000 57.558131566 3.940429687
95.400000000 57.415484400 3.930664062
95.600000000 57.272837233 3.920898437
95.800000000 57.130190067 3.911132812
96.000000000 57.058866491 3.906250000
96.200000000 56.916219325 3.896484375
96.400000000 56.773572159 3.886718750
96.600000000 56.702248569 3.881835937
96.800000000 56.488277826 3.867187500
97.000000000 56.416954236 3.862304687
97.200000000 56.202983494 3.847656250
97.400000000 56.131659904 3.842773437
97.600000000 55.989012737 3.833007812
97.800000000 55.846365571 3.823242187
98.000000000 55.703718405 3.813476562
98.200000000 55.561071239 3.803710937
98.400000000 55.489747663 3.798828125
98.600000000 55.347100497 3.789062500
98.800000000 55.204453330 3.779296875
99.000000000 55.061806164 3.769531250
99.200000000 54.990482574 3.764648437
99.400000000 54.847835408 3.754882812
99.600000000 54.776511832 3.750000000
99.800000000 54.633864665 3.740234375
100.000000000 54.491217499 3.730468750
100.200000000 54.348570333 3.720703125
100.400000000 54.205923167 3.710937500
100.600000000 54.134599576 3.706054687
100.800000000 53.991952410 3.696289062
101.000000000 53.849305244 3.686523437
101.200000000 53.777981668 3.681640625
101.400000000 53.635334502 3.671875000
101.600000000 53.492687336 3.662109375
101.800000000 53.350040169 3.652343750
102.000000000 53.207393003 3.642578125
102.200000000 53.064745837 3.632812500
102.400000000 52.993422247 3.627929687
102.600000000 52.779451505 3.613281250
102.800000000 52.708127914 3.608398437
103.000000000 52.565480748 3.598632812
103.200000000 52.422833582 3.588867187
103.400000000 52.351510006 3.583984375
103.600000000 52.137539249 3.569335937
103.800000000 52.066215673 3.564453125
104.000000000 51.923568507 3.554687500
104.200000000 51.852244917 3.549804687
104.400000000 51.709597751 3.540039062
104.600000000 51.566950584 3.530273437
104.800000000 51.495627008 3.525390625
105.000000000 51.352979842 3.515625000
105.200000000 51.210332676 3.505859375
105.400000000 51.067685510 3.496093750
105.600000000 50.996361919 3.491210937
105.800000000 50.853714753 3.481445312
106.000000000 50.711067587 3.471679687
106.200000000 50.497096845 3.457031250
106.400000000 50.497096845 3.457031250
106.600000000 50.354449679 3.447265625
106.800000000 50.211802512 3.437500000
107.000000000 50.140478922 3.432617187
107.200000000 49.926508180 3.417968750
107.400000000 49.855184590 3.413085937
107.600000000 49.641213848 3.398437500
107.800000000 49.569890257 3.393554687
108.000000000 49.498566681 3.388671875
108.200000000 49.355919515 3.378906250
108.400000000 49.284595925 3.374023437
108.600000000 49.141948758 3.364257812
108.800000000 48.999301592 3.354492187
109.000000000 48.856654426 3.344726562
109.200000000 48.785330850 3.339843750
109.400000000 48.642683684 3.330078125
109.600000000 48.571360093 3.325195312
109.800000000 48.428712927 3.315429687
110.000000000 48.286065761 3.305664062
110.200000000 48.214742185 3.300781250
110.400000000 48.072095019 3.291015625
110.600000000 47.929447853 3.281250000
110.800000000 47.786800687 3.271484375
111.000000000 47.644153520 3.261718750
111.200000000 47.572829930 3.256835937
111.400000000 47.501506354 3.251953125
111.600000000 47.287535597 3.237304687
111.800000000 47.216212022 3.232421875
112.000000000 47.073564855 3.222656250
112.200000000 46.930917689 3.212890625
112.400000000 46.859594099 3.208007812
112.600000000 46.788270523 3.203125000
112.800000000 46.574299766 3.188476562
113.000000000 46.502976190 3.183593750
113.200000000 46.360329024 3.173828125
113.400000000 46.289005434 3.168945312
113.600000000 46.146358268 3.159179687
113.800000000 46.003711101 3.149414062
114.000000000 45.932387526 3.144531250
114.200000000 45.861063935 3.139648437
114.400000000 45.718416769 3.129882812
114.600000000 45.575769603 3.120117187
114.800000000 45.433122436 3.110351562
115.000000000 45.361798861 3.105468750
115.200000000 45.219151694 3.095703125
115.400000000 45.147828104 3.090820312
115.600000000 45.005180938 3.081054687
115.800000000 44.862533772 3.071289062
116.000000000 44.791210196 3.066406250
116.200000000 44.648563030 3.056640625
116.400000000 44.577239439 3.051757812
116.600000000 44.434592273 3.041992187
116.800000000 44.363268697 3.037109375
117.000000000 44.291945107 3.032226562
117.200000000 44.149297940 3.022460937
117.400000000 44.077974365 3.017578125
117.600000000 43.935327198 3.007812500
117.800000000 43.864003608 3.002929687
118.000000000 43.721356442 2.993164062
118.200000000 43.578709275 2.983398437
118.400000000 43.436062109 2.973632812
118.600000000 43.364738533 2.968750000
118.800000000 43.222091367 2.958984375
119.000000000 43.079444201 2.949218750
119.200000000 43.008120611 2.944335937
119.400000000 42.865473444 2.934570312
119.600000000 42.722826278 2.924804687
119.800000000 42.651502702 2.919921875
120.000000000 42.508855536 2.910156250
120.200000000 42.508855536 2.910156250
120.400000000 42.366208370 2.900390625
120.600000000 42.223561204 2.890625000
120.800000000 42.152237613 2.885742187
121.000000000 42.080914037 2.880859375
121.200000000 41.938266871 2.871093750
121.400000000 41.866943281 2.866210937
121.600000000 41.724296115 2.856445312
121.800000000 41.581648948 2.846679687
122.000000000 41.510325372 2.841796875
122.200000000 41.367678206 2.832031250
122.400000000 41.225031040 2.822265625
122.600000000 41.082383874 2.812500000
122.800000000 41.011060283 2.807617187
123.000000000 40.868413117 2.797851562
123.200000000 40.797089541 2.792968750
123.400000000 40.725765951 2.788085937
123.600000000 40.583118785 2.778320312
123.800000000 40.511795209 2.773437500
124.000000000 40.297824452 2.758789062
124.200000000 40.226500876 2.753906250
124.400000000 40.155177286 2.749023437
124.600000000 40.012530120 2.739257812
124.800000000 39.941206544 2.734375000
125.000000000 39.869882954 2.729492187
125.200000000 39.727235787 2.719726562
125.400000000 39.655912212 2.714843750
125.600000000 39.513265045 2.705078125
125.800000000 39.370617879 2.695312500
126.000000000 39.370617879 2.695312500
126.200000000 39.156647122 2.680664062
126.400000000 39.085323547 2.675781250
126.600000000 39.013999956 2.670898437
126.800000000 38.871352790 2.661132812
127.000000000 38.800029214 2.656250000
127.200000000 38.586058457 2.641601562
127.400000000 38.514734882 2.636718750
127.600000000 38.372087715 2.626953125
127.800000000 38.300764125 2.622070312
128.000000000 38.158116959 2.612304687
128.200000000 38.086793383 2.607421875
128.400000000 37.944146217 2.597656250
128.600000000 37.801499051 2.587890625
128.800000000 37.730175460 2.583007812
129.000000000 37.658851884 2.578125000
129.200000000 37.516204718 2.568359375
129.400000000 37.373557552 2.558593750
129.600000000 37.302233961 2.553710937
129.800000000 37.159586795 2.543945312
130.000000000 37.088263219 2.539062500
130.200000000 37.016939629 2.534179687
130.400000000 36.874292463 2.524414062
130.600000000 36.802968887 2.519531250
130.800000000 36.660321721 2.509765625
131.000000000 36.588998130 2.504882812
131.200000000 36.375027388 2.490234375
131.400000000 36.303703798 2.485351562
131.600000000 36.232380222 2.480468750
131.800000000 36.089733056 2.470703125
132.000000000 35.947085890 2.460937500
132.200000000 35.804438723 2.451171875
132.400000000 35.733115133 2.446289062
132.600000000 35.590467967 2.436523437
132.800000000 35.447820800 2.426757812
133.000000000 35.376497225 2.421875000
133.200000000 35.305173634 2.416992187
133.400000000 35.091202892 2.402343750
133.600000000 35.019879302 2.397460937
133.800000000 34.948555726 2.392578125
134.000000000 34.805908560 2.382812500
134.200000000 34.734584969 2.377929687
134.400000000 34.591937803 2.368164062
134.600000000 34.520614227 2.363281250
134.800000000 34.377967061 2.353515625
135.000000000 34.235319895 2.343750000
135.200000000 34.163996304 2.338867187
135.400000000 34.021349138 2.329101562
135.600000000 33.878701972 2.319335937
135.800000000 33.736054806 2.309570312
136.000000000 33.593407639 2.299804687
136.200000000 33.450760473 2.290039062
136.400000000 33.308113307 2.280273437
136.600000000 33.165466141 2.270507812
136.800000000 33.094142565 2.265625000
137.000000000 32.951495399 2.255859375
137.200000000 32.808848233 2.246093750
137.400000000 32.666201066 2.236328125
137.600000000 32.523553900 2.226562500
137.800000000 32.309583143 2.211914062
138.000000000 32.166935977 2.202148437
138.200000000 32.024288811 2.192382812
138.400000000 31.952965235 2.187500000
138.600000000 31.810318069 2.177734375
138.800000000 31.667670903 2.167968750
139.000000000 31.525023736 2.158203125
139.200000000 31.382376570 2.148437500
139.400000000 31.239729404 2.138671875
139.600000000 31.168405814 2.133789062
139.800000000 31.025758647 2.124023437
140.000000000 30.811787905 2.109375000
140.200000000 30.740464315 2.104492187
140.400000000 30.526493573 2.089843750
140.600000000 30.383846407 2.080078125
140.800000000 30.312522816 2.075195312
141.000000000 30.098552074 2.060546875
141.200000000 29.955904908 2.050781250
141.400000000 29.813257742 2.041015625
141.600000000 29.599286985 2.026367187
141.800000000 29.527963409 2.021484375
142.000000000 29.385316243 2.011718750
142.200000000 29.242669077 2.001953125
142.400000000 29.100021911 1.992187500
142.600000000 29.028698320 1.987304687
142.800000000 28.814727578 1.972656250
143.000000000 28.672080412 1.962890625
143.200000000 28.600756822 1.958007812
143.400000000 28.458109655 1.948242187
143.600000000 28.386786079 1.943359375
143.800000000 28.244138913 1.933593750
144.000000000 28.101491747 1.923828125
144.200000000 27.958844581 1.914062500
144.400000000 27.887520990 1.909179687
144.600000000 27.744873824 1.899414062
144.800000000 27.602226658 1.889648437
145.000000000 27.530903082 1.884765625
145.200000000 27.388255916 1.875000000
145.400000000 27.316932325 1.870117187
145.600000000 27.174285159 1.860351562
145.800000000 27.031637993 1.850585937
146.000000000 26.888990827 1.840820312
146.200000000 26.817667251 1.835937500
146.400000000 26.675020085 1.826171875
146.600000000 26.532372918 1.816406250
146.800000000 26.461049328 1.811523437
147.000000000 26.318402162 1.801757812
147.200000000 26.247078586 1.796875000
147.400000000 26.104431420 1.787109375
147.600000000 25.961784254 1.777343750
147.800000000 25.890460663 1.772460937
148.000000000 25.819137087 1.767578125
148.200000000 25.747813497 1.762695312
148.400000000 25.533842755 1.748046875
148.600000000 25.462519164 1.743164062
148.800000000 25.391195589 1.738281250
149.000000000 25.319871998 1.733398437
149.200000000 25.248548422 1.728515625
149.400000000 25.177224832 1.723632812
149.600000000 25.034577666 1.713867187
149.800000000 24.963254090 1.708984375
150.000000000 24.820606924 1.699218750
150.200000000 24.749283333 1.694335937
150.400000000 24.677959758 1.689453125
150.600000000 24.535312591 1.679687500
150.800000000 24.463989001 1.674804687
151.000000000 24.321341835 1.665039062
151.200000000 24.178694668 1.655273437
151.400000000 24.107371093 1.650390625
151.600000000 24.036047502 1.645507812
151.800000000 23.893400336 1.635742187
152.000000000 23.822076760 1.630859375
152.200000000 23.750753170 1.625976562
152.400000000 23.608106004 1.616210937
152.600000000 23.536782428 1.611328125
152.800000000 23.465458837 1.606445312
153.000000000 23.394135261 1.601562500
153.200000000 23.322811671 1.596679687
153.400000000 23.251488095 1.591796875
153.600000000 23.108840929 1.582031250
153.800000000 23.108840929 1.582031250
154.000000000 23.037517339 1.577148437
154.200000000 22.966193763 1.572265625
154.400000000 22.894870172 1.567382812
154.600000000 22.823546597 1.562500000
154.800000000 22.752223006 1.557617187
155.000000000 22.680899430 1.552734375
155.200000000 22.609575840 1.547851562
155.400000000 22.538252264 1.542968750
155.600000000 22.466928674 1.538085937
155.800000000 22.466928674 1.538085937
156.000000000 22.324281507 1.528320312
156.200000000 22.252957932 1.523437500
156.400000000 22.110310765 1.513671875
156.600000000 21.896340009 1.499023437
156.800000000 21.825016433 1.494140625
157.000000000 21.753692843 1.489257812
157.200000000 21.611045676 1.479492187
157.400000000 21.539722100 1.474609375
157.600000000 21.468398510 1.469726562
157.800000000 21.397074934 1.464843750
158.000000000 21.325751344 1.459960937
158.200000000 21.325751344 1.459960937
158.400000000 21.254427768 1.455078125
158.600000000 21.254427768 1.455078125
158.800000000 21.254427768 1.455078125
159.000000000 21.183104178 1.450195312
159.200000000 21.254427768 1.455078125
159.400000000 21.183104178 1.450195312
159.600000000 21.111780602 1.445312500
159.800000000 21.111780602 1.445312500
160.000000000 21.111780602 1.445312500
160.200000000 21.111780602 1.445312500
160.400000000 21.040457011 1.440429687
160.600000000 21.040457011 1.440429687
160.800000000 21.040457011 1.440429687
161.000000000 21.040457011 1.440429687
161.200000000 21.040457011 1.440429687
161.400000000 21.040457011 1.440429687
161.600000000 21.040457011 1.440429687
161.800000000 21.040457011 1.440429687
162.000000000 20.969133436 1.435546875
162.200000000 20.969133436 1.435546875
162.400000000 21.040457011 1.440429687
162.600000000 20.969133436 1.435546875
162.800000000 21.040457011 1.440429687
163.000000000 21.040457011 1.440429687
163.200000000 21.040457011 1.440429687
163.400000000 21.040457011 1.440429687
163.600000000 21.040457011 1.440429687
163.800000000 21.040457011 1.440429687
164.000000000 21.040457011 1.440429687
164.200000000 21.040457011 1.440429687
164.400000000 21.040457011 1.440429687
164.600000000 21.040457011 1.440429687
164.800000000 21.040457011 1.440429687
165.000000000 21.040457011 1.440429687
165.200000000 21.040457011 1.440429687
165.400000000 21.040457011 1.440429687
165.600000000 20.969133436 1.435546875
165.800000000 21.040457011 1.440429687
166.000000000 20.969133436 1.435546875
166.200000000 20.969133436 1.435546875
166.400000000 21.040457011 1.440429687
166.600000000 21.040457011 1.440429687
166.800000000 21.040457011 1.440429687
167.000000000 20.969133436 1.435546875
167.200000000 20.969133436 1.435546875
167.400000000 20.969133436 1.435546875
167.600000000 21.040457011 1.440429687
167.800000000 21.040457011 1.440429687
168.000000000 21.040457011 1.440429687
168.200000000 21.040457011 1.440429687
168.400000000 21.040457011 1.440429687
168.600000000 21.040457011 1.440429687
168.800000000 21.040457011 1.440429687
169.000000000 21.040457011 1.440429687
169.200000000 21.040457011 1.440429687
169.400000000 21.040457011 1.440429687
169.600000000 21.040457011 1.440429687
169.800000000 21.040457011 1.440429687
170.000000000 21.040457011 1.440429687
170.200000000 21.040457011 1.440429687
170.400000000 21.040457011 1.440429687
170.600000000 20.969133436 1.435546875
170.800000000 21.040457011 1.440429687
171.000000000 21.040457011 1.440429687
171.200000000 21.040457011 1.440429687
171.400000000 21.040457011 1.440429687
171.600000000 20.969133436 1.435546875
171.800000000 21.040457011 1.440429687
172.000000000 20.969133436 1.435546875
172.200000000 20.969133436 1.435546875
172.400000000 21.040457011 1.440429687
172.600000000 21.040457011 1.440429687
172.800000000 21.040457011 1.440429687
173.000000000 21.040457011 1.440429687
173.200000000 21.040457011 1.440429687
173.400000000 21.040457011 1.440429687
173.600000000 21.040457011 1.440429687
173.800000000 21.040457011 1.440429687
174.000000000 21.040457011 1.440429687
174.200000000 21.040457011 1.440429687
174.400000000 21.040457011 1.440429687
174.600000000 21.040457011 1.440429687
174.800000000 21.040457011 1.440429687
175.000000000 21.040457011 1.440429687
175.200000000 20.969133436 1.435546875
175.400000000 21.111780602 1.445312500
175.600000000 21.040457011 1.440429687
175.800000000 20.969133436 1.435546875
176.000000000 20.969133436 1.435546875
176.200000000 21.040457011 1.440429687
176.400000000 21.040457011 1.440429687
176.600000000 20.969133436 1.435546875
176.800000000 20.969133436 1.435546875
177.000000000 21.040457011 1.440429687
177.200000000 21.040457011 1.440429687
177.400000000 21.040457011 1.440429687
177.600000000 21.040457011 1.440429687
177.800000000 20.969133436 1.435546875
178.000000000 20.969133436 1.435546875
178.200000000 20.969133436 1.435546875
178.400000000 20.969133436 1.435546875
178.600000000 20.969133436 1.435546875
178.800000000 21.040457011 1.440429687
179.000000000 21.040457011 1.440429687
179.200000000 21.040457011 1.440429687
179.400000000 21.040457011 1.440429687
179.600000000 21.040457011 1.440429687
179.800000000 20.969133436 1.435546875
180.000000000 21.040457011 1.440429687
180.200000000 21.040457011 1.440429687
180.400000000 21.040457011 1.440429687
180.600000000 21.040457011 1.440429687
180.800000000 21.040457011 1.440429687
181.000000000 21.040457011 1.440429687
181.200000000 21.040457011 1.440429687
181.400000000 21.040457011 1.440429687
181.600000000 21.040457011 1.440429687
181.800000000 20.969133436 1.435546875
182.000000000 21.040457011 1.440429687
182.200000000 20.969133436 1.435546875
182.400000000 20.969133436 1.435546875
182.600000000 21.040457011 1.440429687
182.800000000 21.040457011 1.440429687
183.000000000 20.969133436 1.435546875
183.200000000 20.969133436 1.435546875
183.400000000 20.969133436 1.435546875
183.600000000 21.040457011 1.440429687
183.800000000 20.969133436 1.435546875
184.000000000 20.969133436 1.435546875
184.200000000 20.969133436 1.435546875
184.400000000 20.969133436 1.435546875
184.600000000 21.040457011 1.440429687
184.800000000 21.040457011 1.440429687
185.000000000 20.969133436 1.435546875
185.200000000 20.969133436 1.435546875
185.400000000 20.969133436 1.435546875
185.600000000 21.040457011 1.440429687
185.800000000 21.040457011 1.440429687
186.000000000 20.969133436 1.435546875
