0.000000000 109.267729331 7.480468750
0.200000000 109.267729331 7.480468750
0.400000000 109.267729331 7.480468750
0.600000000 109.267729331 7.480468750
0.800000000 109.267729331 7.480468750
1.000000000 109.339052907 7.485351562
1.200000000 109.339052907 7.485351562
1.400000000 109.267729331 7.480468750
1.600000000 109.267729331 7.480468750
1.800000000 109.339052907 7.485351562
2.000000000 109.267729331 7.480468750
2.200000000 109.339052907 7.485351562
2.400000000 109.339052907 7.485351562
2.600000000 109.267729331 7.480468750
2.800000000 109.267729331 7.480468750
3.000000000 109.267729331 7.480468750
3.200000000 109.267729331 7.480468750
3.400000000 109.267729331 7.480468750
3.600000000 109.267729331 7.480468750
3.800000000 109.267729331 7.480468750
4.000000000 109.196405741 7.475585937
4.200000000 109.267729331 7.480468750
4.400000000 109.267729331 7.480468750
4.600000000 109.267729331 7.480468750
4.800000000 109.267729331 7.480468750
5.000000000 109.267729331 7.480468750
5.200000000 109.267729331 7.480468750
5.400000000 109.267729331 7.480468750
5.600000000 109.267729331 7.480468750
5.800000000 109.196405741 7.475585937
6.000000000 109.267729331 7.480468750
6.200000000 109.267729331 7.480468750
6.400000000 109.267729331 7.480468750
6.600000000 109.267729331 7.480468750
6.800000000 109.267729331 7.480468750
7.000000000 109.267729331 7.480468750
7.200000000 109.267729331 7.480468750
7.400000000 109.267729331 7.480468750
7.600000000 109.267729331 7.480468750
7.800000000 109.267729331 7.480468750
8.000000000 109.267729331 7.480468750
8.200000000 109.267729331 7.480468750
8.400000000 109.267729331 7.480468750
8.600000000 109.196405741 7.475585937
8.800000000 109.196405741 7.475585937
9.000000000 109.125082165 7.470703125
9.200000000 109.125082165 7.470703125
9.400000000 109.053758574 7.465820312
9.600000000 109.053758574 7.465820312
9.800000000 109.053758574 7.465820312
10.000000000 109.053758574 7.465820312
10.200000000 108.982434999 7.460937500
10.400000000 108.911111408 7.456054687
10.600000000 108.911111408 7.456054687
10.800000000 108.839787832 7.451171875
11.000000000 108.768464242 7.446289062
11.200000000 108.839787832 7.451171875
11.400000000 108.768464242 7.446289062
11.600000000 108.768464242 7.446289062
11.800000000 108.625817076 7.436523437
12.000000000 108.697140666 7.441406250
12.200000000 108.625817076 7.436523437
12.400000000 108.554493500 7.431640625
12.600000000 108.483169909 7.426757812
12.800000000 108.483169909 7.426757812
13.000000000 108.411846334 7.421875000
13.200000000 108.411846334 7.421875000
13.400000000 108.340522743 7.416992187
13.600000000 108.340522743 7.416992187
13.800000000 108.269199167 7.412109375
14.000000000 108.197875577 7.407226562
14.200000000 108.197875577 7.407226562
14.400000000 108.126552001 7.402343750
14.600000000 108.055228411 7.397460937
14.800000000 108.055228411 7.397460937
15.000000000 107.983904835 7.392578125
15.200000000 107.912581245 7.387695312
15.400000000 107.841257669 7.382812500
15.600000000 107.769934078 7.377929687
15.800000000 107.627286912 7.368164062
16.000000000 107.627286912 7.368164062
16.200000000 107.627286912 7.368164062
16.400000000 107.484639746 7.358398437
16.600000000 107.413316170 7.353515625
16.800000000 107.341992580 7.348632812
17.000000000 107.341992580 7.348632812
17.200000000 107.199345413 7.338867187
17.400000000 107.128021838 7.333984375
17.600000000 107.128021838 7.333984375
17.800000000 107.056698247 7.329101562
18.000000000 106.985374671 7.324218750
18.200000000 106.985374671 7.324218750
18.400000000 106.914051081 7.319335937
18.600000000 106.771403915 7.309570312
18.800000000 106.771403915 7.309570312
19.000000000 106.700080339 7.304687500
19.200000000 106.628756748 7.299804687
19.400000000 106.557433173 7.294921875
19.600000000 106.486109582 7.290039062
19.800000000 106.343462416 7.280273437
20.000000000 106.272138840 7.275390625
20.200000000 106.272138840 7.275390625
20.400000000 106.200815250 7.270507812
20.600000000 106.058168084 7.260742187
20.800000000 105.986844508 7.255859375
21.000000000 105.915520917 7.250976562
21.200000000 105.844197342 7.246093750
21.400000000 105.772873751 7.241210937
21.600000000 105.701550175 7.236328125
21.800000000 105.630226585 7.231445312
22.000000000 105.487579419 7.221679687
22.200000000 105.487579419 7.221679687
22.400000000 105.416255843 7.216796875
22.600000000 105.344932252 7.211914062
22.800000000 105.344932252 7.211914062
23.000000000 105.202285086 7.202148437
23.200000000 105.130961510 7.197265625
23.400000000 105.059637920 7.192382812
23.600000000 104.988314344 7.187500000
23.800000000 104.916990754 7.182617187
24.000000000 104.845667178 7.177734375
24.200000000 104.774343587 7.172851562
24.400000000 104.703020012 7.167968750
24.600000000 104.631696421 7.163085937
24.800000000 104.560372845 7.158203125
25.000000000 104.489049255 7.153320312
25.200000000 104.346402089 7.143554687
25.400000000 104.275078513 7.138671875
25.600000000 104.203754923 7.133789062
25.800000000 104.132431347 7.128906250
26.000000000 104.061107756 7.124023437
26.200000000 103.989784181 7.119140625
26.400000000 103.847137014 7.109375000
26.600000000 103.775813424 7.104492187
26.800000000 103.704489848 7.099609375
27.000000000 103.633166258 7.094726562
27.200000000 103.561842682 7.089843750
27.400000000 103.490519091 7.084960937
27.600000000 103.419195516 7.080078125
27.800000000 103.347871925 7.075195312
28.000000000 103.276548349 7.070312500
28.200000000 103.205224759 7.065429687
28.400000000 103.133901183 7.060546875
28.600000000 103.062577593 7.055664062
28.800000000 102.991254017 7.050781250
29.000000000 102.919930427 7.045898437
29.200000000 102.777283260 7.036132812
29.400000000 102.777283260 7.036132812
29.600000000 102.634636094 7.026367187
29.800000000 102.563312518 7.021484375
30.000000000 102.563312518 7.021484375
30.200000000 102.349341762 7.006835937
30.400000000 102.278018186 7.001953125
30.600000000 102.206694595 6.997070312
30.800000000 102.135371020 6.992187500
31.000000000 101.992723853 6.982421875
31.200000000 101.921400263 6.977539062
31.400000000 101.850076687 6.972656250
31.600000000 101.778753097 6.967773437
31.800000000 101.636105930 6.958007812
32.000000000 101.564782355 6.953125000
32.200000000 101.564782355 6.953125000
32.400000000 101.422135188 6.943359375
32.600000000 101.350811598 6.938476562
32.800000000 101.279488022 6.933593750
33.000000000 101.208164432 6.928710937
33.200000000 101.065517266 6.918945312
33.400000000 101.065517266 6.918945312
33.600000000 100.922870099 6.909179687
33.800000000 100.922870099 6.909179687
34.000000000 100.780222933 6.899414062
34.200000000 100.780222933 6.899414062
34.400000000 100.708899357 6.894531250
34.600000000 100.637575767 6.889648437
34.800000000 100.494928601 6.879882812
35.000000000 100.494928601 6.879882812
35.200000000 100.280957859 6.865234375
35.400000000 100.209634268 6.860351562
35.600000000 100.209634268 6.860351562
35.800000000 100.066987102 6.850585937
36.000000000 100.066987102 6.850585937
36.200000000 99.924339936 6.840820312
36.400000000 99.853016360 6.835937500
36.600000000 99.710369194 6.826171875
36.800000000 99.639045603 6.821289062
37.000000000 99.567722027 6.816406250
37.200000000 99.496398437 6.811523437
37.400000000 99.425074861 6.806640625
37.600000000 99.282427695 6.796875000
37.800000000 99.211104105 6.791992187
38.000000000 99.139780529 6.787109375
38.200000000 99.068456938 6.782226562
38.400000000 98.925809772 6.772460937
38.600000000 98.854486196 6.767578125
38.800000000 98.854486196 6.767578125
39.000000000 98.711839030 6.757812500
39.200000000 98.640515440 6.752929687
39.400000000 98.569191864 6.748046875
39.600000000 98.497868273 6.743164062
39.800000000 98.426544698 6.738281250
40.000000000 98.355221107 6.733398437
40.200000000 98.212573941 6.723632812
40.400000000 98.212573941 6.723632812
40.600000000 98.069926775 6.713867187
40.800000000 97.998603199 6.708984375
41.000000000 97.927279609 6.704101562
41.200000000 97.784632442 6.694335937
41.400000000 97.713308866 6.689453125
41.600000000 97.641985276 6.684570312
41.800000000 97.570661700 6.679687500
42.000000000 97.356690944 6.665039062
42.200000000 97.285367368 6.660156250
42.400000000 97.214043777 6.655273437
42.600000000 97.142720202 6.650390625
42.800000000 97.071396611 6.645507812
43.000000000 97.000073035 6.640625000
43.200000000 96.857425869 6.630859375
43.400000000 96.786102279 6.625976562
43.600000000 96.714778703 6.621093750
43.800000000 96.572131537 6.611328125
44.000000000 96.572131537 6.611328125
44.200000000 96.429484370 6.601562500
44.400000000 96.358160780 6.596679687
44.600000000 96.358160780 6.596679687
44.800000000 96.215513614 6.586914062
45.000000000 96.144190038 6.582031250
45.200000000 96.072866448 6.577148437
45.400000000 96.001542872 6.572265625
45.600000000 95.858895706 6.562500000
45.800000000 95.858895706 6.562500000
46.000000000 95.787572115 6.557617187
46.200000000 95.716248539 6.552734375
46.400000000 95.573601373 6.542968750
46.600000000 95.573601373 6.542968750
46.800000000 95.359630616 6.528320312
47.000000000 95.288307041 6.523437500
47.200000000 95.216983450 6.518554687
47.400000000 95.145659874 6.513671875
47.600000000 95.074336284 6.508789062
47.800000000 95.003012708 6.503906250
48.000000000 94.860365542 6.494140625
48.200000000 94.789041952 6.489257812
48.400000000 94.717718376 6.484375000
48.600000000 94.646394785 6.479492187
48.800000000 94.575071209 6.474609375
49.000000000 94.432424043 6.464843750
49.200000000 94.361100453 6.459960937
49.400000000 94.361100453 6.459960937
49.600000000 94.289776877 6.455078125
49.800000000 94.147129711 6.445312500
50.000000000 94.075806120 6.440429687
50.200000000 94.075806120 6.440429687
50.400000000 93.933158954 6.430664062
50.600000000 93.790511788 6.420898437
50.800000000 93.719188212 6.416015625
51.000000000 93.719188212 6.416015625
51.200000000 93.576541046 6.406250000
51.400000000 93.576541046 6.406250000
51.600000000 93.433893880 6.396484375
51.800000000 93.362570289 6.391601562
52.000000000 93.291246713 6.386718750
52.200000000 93.219923123 6.381835937
52.400000000 93.077275957 6.372070312
52.600000000 93.005952381 6.367187500
52.800000000 92.934628791 6.362304687
53.000000000 92.791981624 6.352539062
53.200000000 92.720658048 6.347656250
53.400000000 92.649334458 6.342773437
53.600000000 92.578010882 6.337890625
53.800000000 92.506687292 6.333007812
54.000000000 92.435363716 6.328125000
54.200000000 92.364040126 6.323242187
54.400000000 92.221392959 6.313476562
54.600000000 92.150069384 6.308593750
54.800000000 92.150069384 6.308593750
55.000000000 92.007422217 6.298828125
55.200000000 91.936098627 6.293945312
55.400000000 91.864775051 6.289062500
55.600000000 91.864775051 6.289062500
55.800000000 91.722127885 6.279296875
56.000000000 91.579480719 6.269531250
56.200000000 91.508157128 6.264648437
56.400000000 91.508157128 6.264648437
56.600000000 91.436833552 6.259765625
56.800000000 91.365509962 6.254882812
57.000000000 91.294186386 6.250000000
57.200000000 91.151539220 6.240234375
57.400000000 91.151539220 6.240234375
57.600000000 91.008892054 6.230468750
57.800000000 90.866244888 6.220703125
58.000000000 90.866244888 6.220703125
58.200000000 90.723597721 6.210937500
58.400000000 90.652274131 6.206054687
58.600000000 90.580950555 6.201171875
58.800000000 90.509626965 6.196289062
59.000000000 90.438303389 6.191406250
59.200000000 90.295656223 6.181640625
59.400000000 90.224332632 6.176757812
59.600000000 90.153009056 6.171875000
59.800000000 90.153009056 6.171875000
60.000000000 90.010361890 6.162109375
60.200000000 90.010361890 6.162109375
60.400000000 89.867714724 6.152343750
60.600000000 89.867714724 6.152343750
60.800000000 89.796391134 6.147460937
61.000000000 89.653743967 6.137695312
61.200000000 89.582420391 6.132812500
61.400000000 89.511096801 6.127929687
61.600000000 89.439773225 6.123046875
61.800000000 89.368449635 6.118164062
62.000000000 89.297126059 6.113281250
62.200000000 89.154478893 6.103515625
62.400000000 89.083155302 6.098632812
62.600000000 89.011831727 6.093750000
62.800000000 88.940508136 6.088867187
63.000000000 88.869184560 6.083984375
63.200000000 88.797860970 6.079101562
63.400000000 88.726537394 6.074218750
63.600000000 88.583890228 6.064453125
63.800000000 88.512566637 6.059570312
64.000000000 88.441243062 6.054687500
64.200000000 88.369919471 6.049804687
64.400000000 88.298595895 6.044921875
64.600000000 88.227272305 6.040039062
64.800000000 88.155948729 6.035156250
65.000000000 88.013301563 6.025390625
65.200000000 88.013301563 6.025390625
65.400000000 87.941977973 6.020507812
65.600000000 87.870654397 6.015625000
65.800000000 87.728007230 6.005859375
66.000000000 87.728007230 6.005859375
66.200000000 87.656683640 6.000976562
66.400000000 87.585360064 5.996093750
66.600000000 87.514036474 5.991210937
66.800000000 87.442712898 5.986328125
67.000000000 87.300065732 5.976562500
67.200000000 87.300065732 5.976562500
67.400000000 87.228742141 5.971679687
67.600000000 87.086094975 5.961914062
67.800000000 87.014771399 5.957031250
68.000000000 86.943447809 5.952148437
68.200000000 86.872124233 5.947265625
68.400000000 86.729477067 5.937500000
68.600000000 86.729477067 5.937500000
68.800000000 86.586829901 5.927734375
69.000000000 86.515506310 5.922851562
69.200000000 86.444182734 5.917968750
69.400000000 86.372859144 5.913085937
69.600000000 86.301535568 5.908203125
69.800000000 86.158888402 5.898437500
70.000000000 86.158888402 5.898437500
70.200000000 86.087564812 5.893554687
70.400000000 86.016241236 5.888671875
70.600000000 85.944917645 5.883789062
70.800000000 85.873594070 5.878906250
71.000000000 85.873594070 5.878906250
71.200000000 85.730946903 5.869140625
71.400000000 85.659623313 5.864257812
71.600000000 85.588299737 5.859375000
71.800000000 85.588299737 5.859375000
72.000000000 85.516976147 5.854492187
72.200000000 85.374328980 5.844726562
72.400000000 85.303005405 5.839843750
72.600000000 85.231681814 5.834960937
72.800000000 85.089034648 5.825195312
73.000000000 85.017711072 5.820312500
73.200000000 85.017711072 5.820312500
73.400000000 84.875063906 5.810546875
73.600000000 84.803740316 5.805664062
73.800000000 84.732416740 5.800781250
74.000000000 84.661093149 5.795898437
74.200000000 84.589769573 5.791015625
74.400000000 84.447122407 5.781250000
74.600000000 84.447122407 5.781250000
74.800000000 84.375798817 5.776367187
75.000000000 84.304475241 5.771484375
75.200000000 84.233151651 5.766601562
75.400000000 84.161828075 5.761718750
75.600000000 84.090504484 5.756835937
75.800000000 84.019180909 5.751953125
76.000000000 84.019180909 5.751953125
76.200000000 83.876533742 5.742187500
76.400000000 83.805210152 5.737304687
76.600000000 83.733886576 5.732421875
76.800000000 83.662562986 5.727539062
77.000000000 83.591239410 5.722656250
77.200000000 83.519915819 5.717773437
77.400000000 83.448592244 5.712890625
77.600000000 83.305945077 5.703125000
77.800000000 83.305945077 5.703125000
78.000000000 83.163297911 5.693359375
78.200000000 83.091974321 5.688476562
78.400000000 83.020650745 5.683593750
78.600000000 83.020650745 5.683593750
78.800000000 82.878003579 5.673828125
79.000000000 82.735356413 5.664062500
79.200000000 82.735356413 5.664062500
79.400000000 82.664032822 5.659179687
79.600000000 82.664032822 5.659179687
79.800000000 82.521385656 5.649414062
80.000000000 82.450062080 5.644531250
80.200000000 82.450062080 5.644531250
80.400000000 82.378738490 5.639648437
80.600000000 82.307414914 5.634765625
80.800000000 82.236091323 5.629882812
81.000000000 82.164767748 5.625000000
81.200000000 82.093444157 5.620117187
81.400000000 82.022120581 5.615234375
81.600000000 81.950796991 5.610351562
81.800000000 81.879473415 5.605468750
82.000000000 81.808149825 5.600585937
82.200000000 81.736826249 5.595703125
82.400000000 81.665502658 5.590820312
82.600000000 81.594179083 5.585937500
82.800000000 81.522855492 5.581054687
83.000000000 81.380208326 5.571289062
83.200000000 81.308884750 5.566406250
83.400000000 81.308884750 5.566406250
83.600000000 81.166237584 5.556640625
83.800000000 81.166237584 5.556640625
84.000000000 81.023590418 5.546875000
84.200000000 80.952266827 5.541992187
84.400000000 80.880943252 5.537109375
84.600000000 80.880943252 5.537109375
84.800000000 80.738296085 5.527343750
85.000000000 80.666972495 5.522460937
85.200000000 80.666972495 5.522460937
85.400000000 80.595648919 5.517578125
85.600000000 80.524325329 5.512695312
85.800000000 80.453001753 5.507812500
86.000000000 80.381678162 5.502929687
86.200000000 80.381678162 5.502929687
86.400000000 80.239030996 5.493164062
86.600000000 80.167707420 5.488281250
86.800000000 80.096383830 5.483398437
87.000000000 79.953736664 5.473632812
87.200000000 79.882413088 5.468750000
87.400000000 79.811089498 5.463867187
87.600000000 79.811089498 5.463867187
87.800000000 79.739765922 5.458984375
88.000000000 79.668442331 5.454101562
88.200000000 79.597118755 5.449218750
88.400000000 79.525795165 5.444335937
88.600000000 79.454471589 5.439453125
88.800000000 79.383147999 5.434570312
89.000000000 79.311824423 5.429687500
89.200000000 79.240500833 5.424804687
89.400000000 79.240500833 5.424804687
89.600000000 79.097853666 5.415039062
89.800000000 79.026530091 5.410156250
90.000000000 79.026530091 5.410156250
90.200000000 78.955206500 5.405273437
90.400000000 78.883882924 5.400390625
90.600000000 78.741235758 5.390625000
90.800000000 78.669912168 5.385742187
91.000000000 78.598588592 5.380859375
91.200000000 78.527265001 5.375976562
91.400000000 78.455941426 5.371093750
91.600000000 78.455941426 5.371093750
91.800000000 78.313294259 5.361328125
92.000000000 78.241970669 5.356445312
92.200000000 78.170647093 5.351562500
92.400000000 78.099323503 5.346679687
92.600000000 78.027999927 5.341796875
92.800000000 78.027999927 5.341796875
93.000000000 77.956676337 5.336914062
93.200000000 77.885352761 5.332031250
93.400000000 77.814029170 5.327148437
93.600000000 77.742705595 5.322265625
93.800000000 77.742705595 5.322265625
94.000000000 77.600058428 5.312500000
94.200000000 77.528734838 5.307617187
94.400000000 77.457411262 5.302734375
94.600000000 77.457411262 5.302734375
94.800000000 77.314764096 5.292968750
95.000000000 77.243440505 5.288085937
95.200000000 77.243440505 5.288085937
95.400000000 77.172116930 5.283203125
95.600000000 77.029469763 5.273437500
95.800000000 76.958146173 5.268554687
96.000000000 76.886822597 5.263671875
96.200000000 76.815499007 5.258789062
96.400000000 76.744175431 5.253906250
96.600000000 76.744175431 5.253906250
96.800000000 76.601528265 5.244140625
97.000000000 76.530204674 5.239257812
97.200000000 76.530204674 5.239257812
97.400000000 76.458881098 5.234375000
97.600000000 76.387557508 5.229492187
97.800000000 76.316233932 5.224609375
98.000000000 76.244910342 5.219726562
98.200000000 76.173586766 5.214843750
98.400000000 76.173586766 5.214843750
98.600000000 76.030939600 5.205078125
98.800000000 76.030939600 5.205078125
99.000000000 75.959616009 5.200195312
99.200000000 75.888292434 5.195312500
99.400000000 75.816968843 5.190429687
99.600000000 75.745645267 5.185546875
99.800000000 75.674321677 5.180664062
100.000000000 75.602998101 5.175781250
100.200000000 75.531674511 5.170898437
100.400000000 75.460350935 5.166015625
100.600000000 75.389027344 5.161132812
100.800000000 75.317703769 5.156250000
101.000000000 75.246380178 5.151367187
101.200000000 75.175056602 5.146484375
101.400000000 75.103733012 5.141601562
101.600000000 75.103733012 5.141601562
101.800000000 75.032409436 5.136718750
102.000000000 74.961085846 5.131835937
102.200000000 74.889762270 5.126953125
102.400000000 74.818438680 5.122070312
102.600000000 74.747115104 5.117187500
102.800000000 74.675791513 5.112304687
103.000000000 74.604467937 5.107421875
103.200000000 74.533144347 5.102539062
103.400000000 74.461820771 5.097656250
103.600000000 74.461820771 5.097656250
103.800000000 74.319173605 5.087890625
104.000000000 74.247850015 5.083007812
104.200000000 74.176526439 5.078125000
104.400000000 74.176526439 5.078125000
104.600000000 74.033879273 5.068359375
104.800000000 74.033879273 5.068359375
105.000000000 73.962555682 5.063476562
105.200000000 73.819908516 5.053710937
105.400000000 73.819908516 5.053710937
105.600000000 73.748584940 5.048828125
105.800000000 73.677261350 5.043945312
106.000000000 73.605937774 5.039062500
106.200000000 73.605937774 5.039062500
106.400000000 73.534614183 5.034179687
106.600000000 73.463290608 5.029296875
106.800000000 73.391967017 5.024414062
107.000000000 73.320643441 5.019531250
107.200000000 73.249319851 5.014648437
107.400000000 73.249319851 5.014648437
107.600000000 73.177996275 5.009765625
107.800000000 73.106672685 5.004882812
108.000000000 73.035349109 5.000000000
108.200000000 72.964025519 4.995117187
108.400000000 72.892701943 4.990234375
108.600000000 72.821378352 4.985351562
108.800000000 72.750054777 4.980468750
109.000000000 72.678731186 4.975585937
109.200000000 72.607407610 4.970703125
109.400000000 72.607407610 4.970703125
109.600000000 72.464760444 4.960937500
109.800000000 72.393436854 4.956054687
110.000000000 72.322113278 4.951171875
110.200000000 72.250789687 4.946289062
110.400000000 72.250789687 4.946289062
110.600000000 72.179466112 4.941406250
110.800000000 72.179466112 4.941406250
111.000000000 72.108142521 4.936523437
111.200000000 71.965495355 4.926757812
111.400000000 71.965495355 4.926757812
111.600000000 71.894171779 4.921875000
111.800000000 71.894171779 4.921875000
112.000000000 71.751524613 4.912109375
112.200000000 71.680201022 4.907226562
112.400000000 71.608877447 4.902343750
112.600000000 71.608877447 4.902343750
112.800000000 71.537553856 4.897460937
113.000000000 71.466230280 4.892578125
113.200000000 71.394906690 4.887695312
113.400000000 71.323583114 4.882812500
113.600000000 71.323583114 4.882812500
113.800000000 71.180935948 4.873046875
114.000000000 71.109612358 4.868164062
114.200000000 71.038288782 4.863281250
114.400000000 71.038288782 4.863281250
114.600000000 70.895641616 4.853515625
114.800000000 70.824318025 4.848632812
115.000000000 70.752994449 4.843750000
115.200000000 70.752994449 4.843750000
115.400000000 70.752994449 4.843750000
115.600000000 70.681670859 4.838867187
115.800000000 70.610347283 4.833984375
116.000000000 70.539023693 4.829101562
116.200000000 70.467700117 4.824218750
116.400000000 70.467700117 4.824218750
116.600000000 70.325052951 4.814453125
116.800000000 70.325052951 4.814453125
117.000000000 70.253729360 4.809570312
117.200000000 70.182405784 4.804687500
117.400000000 70.111082194 4.799804687
117.600000000 70.111082194 4.799804687
117.800000000 69.968435028 4.790039062
118.000000000 69.897111452 4.785156250
118.200000000 69.825787862 4.780273437
118.400000000 69.754464286 4.775390625
118.600000000 69.754464286 4.775390625
118.800000000 69.611817119 4.765625000
119.000000000 69.611817119 4.765625000
119.200000000 69.611817119 4.765625000
119.400000000 69.469169953 4.755859375
119.600000000 69.397846363 4.750976562
119.800000000 69.326522787 4.746093750
120.000000000 69.326522787 4.746093750
120.200000000 69.255199197 4.741210937
120.400000000 69.183875621 4.736328125
120.600000000 69.112552030 4.731445312
120.800000000 69.041228455 4.726562500
121.000000000 69.041228455 4.726562500
121.200000000 68.969904864 4.721679687
121.400000000 68.898581288 4.716796875
121.600000000 68.827257698 4.711914062
121.800000000 68.755934122 4.707031250
122.000000000 68.684610532 4.702148437
122.200000000 68.684610532 4.702148437
122.400000000 68.613286956 4.697265625
122.600000000 68.613286956 4.697265625
122.800000000 68.541963365 4.692382812
123.000000000 68.470639790 4.687500000
123.200000000 68.399316199 4.682617187
123.400000000 68.327992623 4.677734375
123.600000000 68.256669033 4.672851562
123.800000000 68.185345457 4.667968750
124.000000000 68.114021867 4.663085937
124.200000000 68.042698291 4.658203125
124.400000000 67.971374701 4.653320312
124.600000000 67.900051125 4.648437500
124.800000000 67.900051125 4.648437500
125.000000000 67.828727534 4.643554687
125.200000000 67.757403959 4.638671875
125.400000000 67.686080368 4.633789062
125.600000000 67.614756792 4.628906250
125.800000000 67.614756792 4.628906250
126.000000000 67.543433202 4.624023437
126.200000000 67.472109626 4.619140625
126.400000000 67.400786036 4.614257812
126.600000000 67.329462460 4.609375000
126.800000000 67.258138869 4.604492187
127.000000000 67.258138869 4.604492187
127.200000000 67.186815294 4.599609375
127.400000000 67.115491703 4.594726562
127.600000000 67.044168127 4.589843750
127.800000000 67.044168127 4.589843750
128.000000000 66.972844537 4.584960937
128.200000000 66.901520961 4.580078125
128.400000000 66.901520961 4.580078125
128.600000000 66.758873795 4.570312500
128.800000000 66.687550204 4.565429687
129.000000000 66.687550204 4.565429687
129.200000000 66.544903038 4.555664062
129.400000000 66.473579462 4.550781250
129.600000000 66.473579462 4.550781250
129.800000000 66.402255872 4.545898437
130.000000000 66.330932296 4.541015625
130.200000000 66.259608706 4.536132812
130.400000000 66.188285130 4.531250000
130.600000000 66.188285130 4.531250000
130.800000000 66.116961540 4.526367187
131.000000000 66.045637964 4.521484375
131.200000000 66.045637964 4.521484375
131.400000000 65.974314373 4.516601562
131.600000000 65.902990798 4.511718750
131.800000000 65.831667207 4.506835937
132.000000000 65.831667207 4.506835937
132.200000000 65.760343631 4.501953125
132.400000000 65.617696465 4.492187500
132.600000000 65.689020041 4.497070312
132.800000000 65.546372875 4.487304687
133.000000000 65.475049299 4.482421875
133.200000000 65.403725708 4.477539062
133.400000000 65.332402133 4.472656250
133.600000000 65.261078542 4.467773437
133.800000000 65.261078542 4.467773437
134.000000000 65.189754966 4.462890625
134.200000000 65.118431376 4.458007812
134.400000000 65.047107800 4.453125000
134.600000000 65.047107800 4.453125000
134.800000000 65.047107800 4.453125000
135.000000000 64.904460634 4.443359375
135.200000000 64.904460634 4.443359375
135.400000000 64.833137044 4.438476562
135.600000000 64.761813468 4.433593750
135.800000000 64.761813468 4.433593750
136.000000000 64.619166301 4.423828125
136.200000000 64.619166301 4.423828125
136.400000000 64.476519135 4.414062500
136.600000000 64.476519135 4.414062500
136.800000000 64.405195545 4.409179687
137.000000000 64.333871969 4.404296875
137.200000000 64.262548379 4.399414062
137.400000000 64.191224803 4.394531250
137.600000000 64.191224803 4.394531250
137.800000000 64.119901212 4.389648437
138.000000000 64.048577637 4.384765625
138.200000000 64.048577637 4.384765625
138.400000000 63.977254046 4.379882812
138.600000000 63.905930470 4.375000000
138.800000000 63.834606880 4.370117187
139.000000000 63.834606880 4.370117187
139.200000000 63.834606880 4.370117187
139.400000000 63.691959714 4.360351562
139.600000000 63.691959714 4.360351562
139.800000000 63.620636138 4.355468750
140.000000000 63.620636138 4.355468750
140.200000000 63.477988972 4.345703125
140.400000000 63.406665381 4.340820312
140.600000000 63.335341805 4.335937500
140.800000000 63.264018215 4.331054687
141.000000000 63.264018215 4.331054687
141.200000000 63.192694639 4.326171875
141.400000000 63.121371049 4.321289062
141.600000000 63.050047473 4.316406250
141.800000000 63.050047473 4.316406250
142.000000000 62.978723883 4.311523437
142.200000000 62.907400307 4.306640625
142.400000000 62.836076716 4.301757812
142.600000000 62.764753141 4.296875000
142.800000000 62.764753141 4.296875000
143.000000000 62.693429550 4.291992187
143.200000000 62.693429550 4.291992187
143.400000000 62.550782384 4.282226562
143.600000000 62.550782384 4.282226562
143.800000000 62.550782384 4.282226562
144.000000000 62.408135218 4.272460937
144.200000000 62.408135218 4.272460937
144.400000000 62.336811642 4.267578125
144.600000000 62.336811642 4.267578125
144.800000000 62.194164476 4.257812500
145.000000000 62.194164476 4.257812500
145.200000000 62.122840885 4.252929687
145.400000000 62.122840885 4.252929687
145.600000000 61.980193719 4.243164062
145.800000000 61.908870143 4.238281250
146.000000000 61.908870143 4.238281250
146.200000000 61.837546553 4.233398437
146.400000000 61.766222977 4.228515625
146.600000000 61.694899387 4.223632812
146.800000000 61.623575811 4.218750000
147.000000000 61.623575811 4.218750000
147.200000000 61.552252220 4.213867187
147.400000000 61.480928644 4.208984375
147.600000000 61.409605054 4.204101562
147.800000000 61.338281478 4.199218750
148.000000000 61.338281478 4.199218750
148.200000000 61.338281478 4.199218750
148.400000000 61.266957888 4.194335937
148.600000000 61.266957888 4.194335937
148.800000000 61.124310722 4.184570312
149.000000000 61.052987146 4.179687500
149.200000000 61.052987146 4.179687500
149.400000000 60.981663555 4.174804687
149.600000000 60.910339980 4.169921875
149.800000000 60.910339980 4.169921875
150.000000000 60.839016389 4.165039062
150.200000000 60.767692813 4.160156250
150.400000000 60.696369223 4.155273437
150.600000000 60.696369223 4.155273437
150.800000000 60.553722057 4.145507812
151.000000000 60.482398481 4.140625000
151.200000000 60.482398481 4.140625000
151.400000000 60.411074890 4.135742187
151.600000000 60.411074890 4.135742187
151.800000000 60.339751315 4.130859375
152.000000000 60.197104148 4.121093750
152.200000000 60.197104148 4.121093750
152.400000000 60.125780558 4.116210937
152.600000000 60.125780558 4.116210937
152.800000000 60.054456982 4.111328125
153.000000000 59.983133392 4.106445312
153.200000000 59.983133392 4.106445312
153.400000000 59.911809816 4.101562500
153.600000000 59.840486226 4.096679687
153.800000000 59.840486226 4.096679687
154.000000000 59.769162650 4.091796875
154.200000000 59.697839059 4.086914062
154.400000000 59.626515483 4.082031250
154.600000000 59.626515483 4.082031250
154.800000000 59.555191893 4.077148437
155.000000000 59.483868317 4.072265625
155.200000000 59.412544727 4.067382812
155.400000000 59.341221151 4.062500000
155.600000000 59.341221151 4.062500000
155.800000000 59.269897561 4.057617187
156.000000000 59.198573985 4.052734375
156.200000000 59.127250394 4.047851562
156.400000000 59.127250394 4.047851562
156.600000000 59.055926819 4.042968750
156.800000000 58.984603228 4.038085937
157.000000000 58.984603228 4.038085937
157.200000000 58.913279652 4.033203125
157.400000000 58.770632486 4.023437500
157.600000000 58.770632486 4.023437500
157.800000000 58.770632486 4.023437500
158.000000000 58.699308896 4.018554687
158.200000000 58.699308896 4.018554687
158.400000000 58.556661729 4.008789062
158.600000000 58.556661729 4.008789062
158.800000000 58.485338154 4.003906250
159.000000000 58.485338154 4.003906250
159.200000000 58.342690987 3.994140625
159.400000000 58.342690987 3.994140625
159.600000000 58.342690987 3.994140625
159.800000000 58.271367397 3.989257812
160.000000000 58.200043821 3.984375000
160.200000000 58.128720231 3.979492187
160.400000000 58.057396655 3.974609375
160.600000000 57.986073065 3.969726562
160.800000000 57.986073065 3.969726562
161.000000000 57.914749489 3.964843750
161.200000000 57.843425898 3.959960937
161.400000000 57.772102323 3.955078125
161.600000000 57.700778732 3.950195312
161.800000000 57.629455156 3.945312500
162.000000000 57.629455156 3.945312500
162.200000000 57.629455156 3.945312500
162.400000000 57.486807990 3.935546875
162.600000000 57.486807990 3.935546875
162.800000000 57.415484400 3.930664062
163.000000000 57.344160824 3.925781250
163.200000000 57.344160824 3.925781250
163.400000000 57.344160824 3.925781250
163.600000000 57.272837233 3.920898437
163.800000000 57.201513658 3.916015625
164.000000000 57.201513658 3.916015625
164.200000000 57.130190067 3.911132812
164.400000000 57.058866491 3.906250000
164.600000000 56.987542901 3.901367187
164.800000000 56.916219325 3.896484375
165.000000000 56.916219325 3.896484375
165.200000000 56.844895735 3.891601562
165.400000000 56.773572159 3.886718750
165.600000000 56.773572159 3.886718750
165.800000000 56.702248569 3.881835937
166.000000000 56.630924993 3.876953125
166.200000000 56.559601402 3.872070312
166.400000000 56.488277826 3.867187500
166.600000000 56.488277826 3.867187500
166.800000000 56.416954236 3.862304687
167.000000000 56.345630660 3.857421875
167.200000000 56.274307070 3.852539062
167.400000000 56.274307070 3.852539062
167.600000000 56.131659904 3.842773437
167.800000000 56.131659904 3.842773437
168.000000000 56.131659904 3.842773437
168.200000000 56.060336328 3.837890625
168.400000000 55.989012737 3.833007812
168.600000000 55.917689162 3.828125000
168.800000000 55.917689162 3.828125000
169.000000000 55.917689162 3.828125000
169.200000000 55.846365571 3.823242187
169.400000000 55.775041995 3.818359375
169.600000000 55.775041995 3.818359375
169.800000000 55.703718405 3.813476562
170.000000000 55.632394829 3.808593750
170.200000000 55.561071239 3.803710937
170.400000000 55.561071239 3.803710937
170.600000000 55.489747663 3.798828125
170.800000000 55.347100497 3.789062500
171.000000000 55.347100497 3.789062500
171.200000000 55.275776906 3.784179687
171.400000000 55.204453330 3.779296875
171.600000000 55.133129740 3.774414062
171.800000000 55.204453330 3.779296875
172.000000000 55.133129740 3.774414062
172.200000000 55.061806164 3.769531250
172.400000000 54.990482574 3.764648437
172.600000000 54.919158998 3.759765625
172.800000000 54.919158998 3.759765625
173.000000000 54.919158998 3.759765625
173.200000000 54.847835408 3.754882812
173.400000000 54.776511832 3.750000000
173.600000000 54.776511832 3.750000000
173.800000000 54.705188241 3.745117187
174.000000000 54.633864665 3.740234375
174.200000000 54.562541075 3.735351562
174.400000000 54.491217499 3.730468750
174.600000000 54.491217499 3.730468750
174.800000000 54.419893909 3.725585937
175.000000000 54.491217499 3.730468750
175.200000000 54.348570333 3.720703125
175.400000000 54.348570333 3.720703125
175.600000000 54.205923167 3.710937500
175.800000000 54.134599576 3.706054687
176.000000000 54.134599576 3.706054687
176.200000000 54.063276001 3.701171875
176.400000000 53.991952410 3.696289062
176.600000000 53.920628834 3.691406250
176.800000000 53.920628834 3.691406250
177.000000000 53.849305244 3.686523437
177.200000000 53.777981668 3.681640625
177.400000000 53.777981668 3.681640625
177.600000000 53.706658078 3.676757812
177.800000000 53.706658078 3.676757812
178.000000000 53.635334502 3.671875000
178.200000000 53.635334502 3.671875000
178.400000000 53.564010911 3.666992187
178.600000000 53.492687336 3.662109375
178.800000000 53.421363745 3.657226562
179.000000000 53.421363745 3.657226562
179.200000000 53.350040169 3.652343750
179.400000000 53.350040169 3.652343750
179.600000000 53.207393003 3.642578125
179.800000000 53.136069413 3.637695312
180.000000000 53.136069413 3.637695312
180.200000000 53.064745837 3.632812500
180.400000000 52.993422247 3.627929687
180.600000000 52.922098671 3.623046875
180.800000000 52.922098671 3.623046875
181.000000000 52.850775080 3.618164062
181.200000000 52.779451505 3.613281250
181.400000000 52.779451505 3.613281250
181.600000000 52.708127914 3.608398437
181.800000000 52.708127914 3.608398437
182.000000000 52.636804338 3.603515625
182.200000000 52.636804338 3.603515625
182.400000000 52.565480748 3.598632812
182.600000000 52.494157172 3.593750000
182.800000000 52.494157172 3.593750000
183.000000000 52.494157172 3.593750000
183.200000000 52.351510006 3.583984375
183.400000000 52.351510006 3.583984375
183.600000000 52.280186415 3.579101562
183.800000000 52.208862840 3.574218750
184.000000000 52.208862840 3.574218750
184.200000000 52.137539249 3.569335937
184.400000000 52.066215673 3.564453125
184.600000000 52.066215673 3.564453125
184.800000000 51.923568507 3.554687500
185.000000000 51.923568507 3.554687500
185.200000000 51.852244917 3.549804687
185.400000000 51.780921341 3.544921875
185.600000000 51.780921341 3.544921875
185.800000000 51.709597751 3.540039062
186.000000000 51.709597751 3.540039062
186.200000000 51.638274175 3.535156250
186.400000000 51.566950584 3.530273437
186.600000000 51.495627008 3.525390625
186.800000000 51.495627008 3.525390625
187.000000000 51.495627008 3.525390625
187.200000000 51.424303418 3.520507812
187.400000000 51.352979842 3.515625000
187.600000000 51.352979842 3.515625000
187.800000000 51.281656252 3.510742187
188.000000000 51.210332676 3.505859375
188.200000000 51.139009086 3.500976562
188.400000000 51.139009086 3.500976562
188.600000000 51.067685510 3.496093750
188.800000000 51.067685510 3.496093750
189.000000000 50.996361919 3.491210937
189.200000000 50.925038344 3.486328125
189.400000000 50.853714753 3.481445312
189.600000000 50.782391177 3.476562500
189.800000000 50.711067587 3.471679687
190.000000000 50.711067587 3.471679687
190.200000000 50.639744011 3.466796875
190.400000000 50.639744011 3.466796875
190.600000000 50.568420421 3.461914062
190.800000000 50.497096845 3.457031250
191.000000000 50.497096845 3.457031250
191.200000000 50.425773254 3.452148437
191.400000000 50.354449679 3.447265625
191.600000000 50.354449679 3.447265625
191.800000000 50.283126088 3.442382812
192.000000000 50.283126088 3.442382812
192.200000000 50.211802512 3.437500000
192.400000000 50.140478922 3.432617187
192.600000000 50.140478922 3.432617187
192.800000000 50.069155346 3.427734375
193.000000000 50.069155346 3.427734375
193.200000000 49.997831756 3.422851562
193.400000000 49.926508180 3.417968750
193.600000000 49.926508180 3.417968750
193.800000000 49.855184590 3.413085937
194.000000000 49.855184590 3.413085937
194.200000000 49.712537423 3.403320312
194.400000000 49.641213848 3.398437500
194.600000000 49.641213848 3.398437500
194.800000000 49.569890257 3.393554687
195.000000000 49.498566681 3.388671875
195.200000000 49.498566681 3.388671875
195.400000000 49.427243091 3.383789062
195.600000000 49.355919515 3.378906250
195.800000000 49.355919515 3.378906250
196.000000000 49.284595925 3.374023437
196.200000000 49.213272349 3.369140625
196.400000000 49.141948758 3.364257812
196.600000000 49.141948758 3.364257812
196.800000000 49.141948758 3.364257812
197.000000000 49.070625183 3.359375000
197.200000000 49.070625183 3.359375000
197.400000000 48.999301592 3.354492187
197.600000000 48.999301592 3.354492187
197.800000000 48.927978016 3.349609375
198.000000000 48.856654426 3.344726562
198.200000000 48.856654426 3.344726562
198.400000000 48.714007260 3.334960937
198.600000000 48.714007260 3.334960937
198.800000000 48.571360093 3.325195312
199.000000000 48.571360093 3.325195312
199.200000000 48.500036518 3.320312500
199.400000000 48.500036518 3.320312500
199.600000000 48.428712927 3.315429687
199.800000000 48.357389351 3.310546875
200.000000000 48.357389351 3.310546875
200.200000000 48.286065761 3.305664062
200.400000000 48.214742185 3.300781250
200.600000000 48.214742185 3.300781250
200.800000000 48.143418595 3.295898437
201.000000000 48.143418595 3.295898437
201.200000000 48.072095019 3.291015625
201.400000000 48.000771429 3.286132812
201.600000000 48.000771429 3.286132812
201.800000000 47.929447853 3.281250000
202.000000000 47.929447853 3.281250000
202.200000000 47.858124262 3.276367187
202.400000000 47.858124262 3.276367187
202.600000000 47.786800687 3.271484375
202.800000000 47.715477096 3.266601562
203.000000000 47.644153520 3.261718750
203.200000000 47.572829930 3.256835937
203.400000000 47.501506354 3.251953125
203.600000000 47.430182764 3.247070312
203.800000000 47.358859188 3.242187500
204.000000000 47.358859188 3.242187500
204.200000000 47.287535597 3.237304687
204.400000000 47.287535597 3.237304687
204.600000000 47.216212022 3.232421875
204.800000000 47.216212022 3.232421875
205.000000000 47.073564855 3.222656250
205.200000000 47.073564855 3.222656250
205.400000000 47.002241265 3.217773437
205.600000000 47.002241265 3.217773437
205.800000000 46.930917689 3.212890625
206.000000000 46.930917689 3.212890625
206.200000000 46.859594099 3.208007812
206.400000000 46.788270523 3.203125000
206.600000000 46.788270523 3.203125000
206.800000000 46.716946933 3.198242187
207.000000000 46.716946933 3.198242187
207.200000000 46.645623357 3.193359375
207.400000000 46.574299766 3.188476562
207.600000000 46.574299766 3.188476562
207.800000000 46.502976190 3.183593750
208.000000000 46.360329024 3.173828125
208.200000000 46.360329024 3.173828125
208.400000000 46.289005434 3.168945312
208.600000000 46.289005434 3.168945312
208.800000000 46.217681858 3.164062500
209.000000000 46.146358268 3.159179687
209.200000000 46.075034692 3.154296875
209.400000000 46.075034692 3.154296875
209.600000000 46.003711101 3.149414062
209.800000000 45.932387526 3.144531250
210.000000000 45.932387526 3.144531250
210.200000000 45.932387526 3.144531250
210.400000000 45.861063935 3.139648437
210.600000000 45.861063935 3.139648437
210.800000000 45.789740359 3.134765625
211.000000000 45.718416769 3.129882812
211.200000000 45.647093193 3.125000000
211.400000000 45.647093193 3.125000000
211.600000000 45.575769603 3.120117187
211.800000000 45.575769603 3.120117187
212.000000000 45.504446027 3.115234375
212.200000000 45.433122436 3.110351562
212.400000000 45.361798861 3.105468750
212.600000000 45.361798861 3.105468750
212.800000000 45.361798861 3.105468750
213.000000000 45.290475270 3.100585937
213.200000000 45.219151694 3.095703125
213.400000000 45.076504528 3.085937500
213.600000000 45.076504528 3.085937500
213.800000000 45.005180938 3.081054687
214.000000000 44.933857362 3.076171875
214.200000000 44.933857362 3.076171875
214.400000000 44.862533772 3.071289062
214.600000000 44.791210196 3.066406250
214.800000000 44.791210196 3.066406250
215.000000000 44.719886605 3.061523437
215.200000000 44.648563030 3.056640625
215.400000000 44.577239439 3.051757812
215.600000000 44.648563030 3.056640625
215.800000000 44.577239439 3.051757812
216.000000000 44.505915863 3.046875000
216.200000000 44.505915863 3.046875000
216.400000000 44.434592273 3.041992187
216.600000000 44.363268697 3.037109375
216.800000000 44.363268697 3.037109375
217.000000000 44.291945107 3.032226562
217.200000000 44.220621531 3.027343750
217.400000000 44.220621531 3.027343750
217.600000000 44.149297940 3.022460937
217.800000000 44.077974365 3.017578125
218.000000000 44.077974365 3.017578125
218.200000000 43.935327198 3.007812500
218.400000000 43.935327198 3.007812500
218.600000000 43.864003608 3.002929687
218.800000000 43.792680032 2.998046875
219.000000000 43.792680032 2.998046875
219.200000000 43.792680032 2.998046875
219.400000000 43.650032866 2.988281250
219.600000000 43.650032866 2.988281250
219.800000000 43.578709275 2.983398437
220.000000000 43.578709275 2.983398437
220.200000000 43.507385700 2.978515625
220.400000000 43.436062109 2.973632812
220.600000000 43.364738533 2.968750000
220.800000000 43.364738533 2.968750000
221.000000000 43.364738533 2.968750000
221.200000000 43.364738533 2.968750000
221.400000000 43.293414943 2.963867187
221.600000000 43.150767777 2.954101562
221.800000000 43.150767777 2.954101562
222.000000000 43.150767777 2.954101562
222.200000000 43.079444201 2.949218750
222.400000000 43.008120611 2.944335937
222.600000000 43.008120611 2.944335937
222.800000000 42.936797035 2.939453125
223.000000000 42.936797035 2.939453125
223.200000000 42.936797035 2.939453125
223.400000000 42.794149869 2.929687500
223.600000000 42.722826278 2.924804687
223.800000000 42.651502702 2.919921875
224.000000000 42.651502702 2.919921875
224.200000000 42.580179112 2.915039062
224.400000000 42.580179112 2.915039062
224.600000000 42.508855536 2.910156250
224.800000000 42.437531946 2.905273437
225.000000000 42.366208370 2.900390625
225.200000000 42.366208370 2.900390625
225.400000000 42.294884779 2.895507812
225.600000000 42.294884779 2.895507812
225.800000000 42.223561204 2.890625000
226.000000000 42.152237613 2.885742187
226.200000000 42.080914037 2.880859375
226.400000000 42.080914037 2.880859375
226.600000000 41.938266871 2.871093750
226.800000000 41.938266871 2.871093750
227.000000000 41.938266871 2.871093750
227.200000000 41.866943281 2.866210937
227.400000000 41.795619705 2.861328125
227.600000000 41.795619705 2.861328125
227.800000000 41.652972539 2.851562500
228.000000000 41.652972539 2.851562500
228.200000000 41.652972539 2.851562500
228.400000000 41.581648948 2.846679687
228.600000000 41.581648948 2.846679687
228.800000000 41.510325372 2.841796875
229.000000000 41.510325372 2.841796875
229.200000000 41.439001782 2.836914062
229.400000000 41.367678206 2.832031250
229.600000000 41.367678206 2.832031250
229.800000000 41.296354616 2.827148437
230.000000000 41.225031040 2.822265625
230.200000000 41.225031040 2.822265625
230.400000000 41.153707450 2.817382812
230.600000000 41.082383874 2.812500000
230.800000000 41.011060283 2.807617187
231.000000000 41.011060283 2.807617187
231.200000000 40.868413117 2.797851562
231.400000000 40.868413117 2.797851562
231.600000000 40.797089541 2.792968750
231.800000000 40.797089541 2.792968750
232.000000000 40.797089541 2.792968750
232.200000000 40.654442375 2.783203125
232.400000000 40.654442375 2.783203125
232.600000000 40.654442375 2.783203125
232.800000000 40.583118785 2.778320312
233.000000000 40.511795209 2.773437500
233.200000000 40.511795209 2.773437500
233.400000000 40.440471618 2.768554687
233.600000000 40.440471618 2.768554687
233.800000000 40.369148043 2.763671875
234.000000000 40.369148043 2.763671875
234.200000000 40.226500876 2.753906250
234.400000000 40.226500876 2.753906250
234.600000000 40.226500876 2.753906250
234.800000000 40.155177286 2.749023437
235.000000000 40.083853710 2.744140625
235.200000000 39.941206544 2.734375000
235.400000000 39.941206544 2.734375000
235.600000000 39.869882954 2.729492187
235.800000000 39.869882954 2.729492187
236.000000000 39.798559378 2.724609375
236.200000000 39.727235787 2.719726562
236.400000000 39.655912212 2.714843750
236.600000000 39.655912212 2.714843750
236.800000000 39.584588621 2.709960937
237.000000000 39.513265045 2.705078125
237.200000000 39.513265045 2.705078125
237.400000000 39.370617879 2.695312500
237.600000000 39.370617879 2.695312500
237.800000000 39.299294289 2.690429687
238.000000000 39.227970713 2.685546875
238.200000000 39.227970713 2.685546875
238.400000000 39.156647122 2.680664062
238.600000000 39.156647122 2.680664062
238.800000000 39.085323547 2.675781250
239.000000000 39.085323547 2.675781250
239.200000000 39.013999956 2.670898437
239.400000000 38.942676380 2.666015625
239.600000000 38.800029214 2.656250000
239.800000000 38.800029214 2.656250000
240.000000000 38.728705624 2.651367187
240.200000000 38.586058457 2.641601562
240.400000000 38.586058457 2.641601562
240.600000000 38.514734882 2.636718750
240.800000000 38.443411291 2.631835937
241.000000000 38.372087715 2.626953125
241.200000000 38.300764125 2.622070312
241.400000000 38.229440549 2.617187500
241.600000000 38.158116959 2.612304687
241.800000000 38.086793383 2.607421875
242.000000000 38.015469793 2.602539062
242.200000000 37.944146217 2.597656250
242.400000000 37.872822626 2.592773437
242.600000000 37.872822626 2.592773437
242.800000000 37.658851884 2.578125000
243.000000000 37.658851884 2.578125000
243.200000000 37.516204718 2.568359375
243.400000000 37.444881128 2.563476562
243.600000000 37.373557552 2.558593750
243.800000000 37.302233961 2.553710937
244.000000000 37.159586795 2.543945312
244.200000000 37.016939629 2.534179687
244.400000000 36.945616053 2.529296875
244.600000000 36.802968887 2.519531250
244.800000000 36.731645297 2.514648437
245.000000000 36.517674554 2.500000000
245.200000000 36.375027388 2.490234375
245.400000000 36.232380222 2.480468750
245.600000000 36.018409465 2.465820312
245.800000000 35.875762299 2.456054687
246.000000000 35.733115133 2.446289062
246.200000000 35.590467967 2.436523437
246.400000000 35.376497225 2.421875000
246.600000000 35.162526468 2.407226562
246.800000000 34.948555726 2.392578125
247.000000000 34.663261394 2.373046875
247.200000000 34.449290637 2.358398437
247.400000000 34.235319895 2.343750000
247.600000000 34.021349138 2.329101562
247.800000000 33.807378396 2.314453125
248.000000000 33.522084064 2.294921875
248.200000000 33.236789731 2.275390625
248.400000000 33.022818975 2.260742187
248.600000000 32.737524642 2.241210937
248.800000000 32.523553900 2.226562500
249.000000000 32.166935977 2.202148437
249.200000000 31.952965235 2.187500000
249.400000000 31.667670903 2.167968750
249.600000000 31.382376570 2.148437500
249.800000000 31.168405814 2.133789062
250.000000000 30.954435072 2.119140625
250.200000000 30.740464315 2.104492187
250.400000000 30.455169982 2.084960937
250.600000000 30.312522816 2.075195312
250.800000000 30.098552074 2.060546875
251.000000000 29.813257742 2.041015625
251.200000000 29.599286985 2.026367187
251.400000000 29.385316243 2.011718750
251.600000000 29.171345486 1.997070312
251.800000000 28.957374744 1.982421875
252.000000000 28.886051154 1.977539062
252.200000000 28.600756822 1.958007812
252.400000000 28.458109655 1.948242187
252.600000000 28.315462489 1.938476562
252.800000000 28.101491747 1.923828125
253.000000000 27.958844581 1.914062500
253.200000000 27.744873824 1.899414062
253.400000000 27.602226658 1.889648437
253.600000000 27.459579492 1.879882812
253.800000000 27.316932325 1.870117187
254.000000000 27.102961583 1.855468750
254.200000000 26.960314417 1.845703125
254.400000000 26.817667251 1.835937500
254.600000000 26.675020085 1.826171875
254.800000000 26.461049328 1.811523437
255.000000000 26.389725752 1.806640625
255.200000000 26.175754996 1.791992187
255.400000000 26.175754996 1.791992187
255.600000000 25.961784254 1.777343750
255.800000000 25.819137087 1.767578125
256.000000000 25.747813497 1.762695312
256.200000000 25.533842755 1.748046875
256.400000000 25.533842755 1.748046875
256.600000000 25.391195589 1.738281250
256.800000000 25.319871998 1.733398437
257.000000000 25.248548422 1.728515625
257.200000000 25.105901256 1.718750000
257.400000000 25.034577666 1.713867187
257.600000000 24.891930500 1.704101562
257.800000000 24.820606924 1.699218750
258.000000000 24.749283333 1.694335937
258.200000000 24.606636167 1.684570312
258.400000000 24.463989001 1.674804687
258.600000000 24.463989001 1.674804687
258.800000000 24.392665425 1.669921875
259.000000000 24.321341835 1.665039062
259.200000000 24.178694668 1.655273437
259.400000000 24.036047502 1.645507812
259.600000000 23.964723926 1.640625000
259.800000000 23.893400336 1.635742187
260.000000000 23.822076760 1.630859375
260.200000000 23.750753170 1.625976562
260.400000000 23.750753170 1.625976562
260.600000000 23.608106004 1.616210937
260.800000000 23.536782428 1.611328125
261.000000000 23.536782428 1.611328125
261.200000000 23.465458837 1.606445312
261.400000000 23.394135261 1.601562500
261.600000000 23.322811671 1.596679687
261.800000000 23.322811671 1.596679687
262.000000000 23.251488095 1.591796875
262.200000000 23.180164505 1.586914062
262.400000000 23.180164505 1.586914062
262.600000000 23.108840929 1.582031250
262.800000000 23.037517339 1.577148437
263.000000000 23.037517339 1.577148437
263.200000000 22.966193763 1.572265625
263.400000000 22.966193763 1.572265625
263.600000000 22.894870172 1.567382812
263.800000000 22.823546597 1.562500000
264.000000000 22.752223006 1.557617187
264.200000000 22.752223006 1.557617187
264.400000000 22.752223006 1.557617187
264.600000000 22.680899430 1.552734375
264.800000000 22.609575840 1.547851562
265.000000000 22.609575840 1.547851562
265.200000000 22.538252264 1.542968750
265.400000000 22.466928674 1.538085937
265.600000000 22.466928674 1.538085937
265.800000000 22.466928674 1.538085937
266.000000000 22.395605098 1.533203125
266.200000000 22.324281507 1.528320312
266.400000000 22.395605098 1.533203125
266.600000000 22.252957932 1.523437500
266.800000000 22.252957932 1.523437500
267.000000000 22.252957932 1.523437500
267.200000000 22.252957932 1.523437500
267.400000000 22.181634341 1.518554687
267.600000000 22.181634341 1.518554687
267.800000000 22.110310765 1.513671875
268.000000000 22.110310765 1.513671875
268.200000000 22.110310765 1.513671875
268.400000000 22.110310765 1.513671875
268.600000000 22.038987175 1.508789062
268.800000000 22.038987175 1.508789062
269.000000000 21.967663599 1.503906250
269.200000000 21.896340009 1.499023437
269.400000000 21.825016433 1.494140625
269.600000000 21.825016433 1.494140625
269.800000000 21.753692843 1.489257812
270.000000000 21.753692843 1.489257812
270.200000000 21.682369267 1.484375000
270.400000000 21.611045676 1.479492187
270.600000000 21.611045676 1.479492187
270.800000000 21.611045676 1.479492187
271.000000000 21.611045676 1.479492187
271.200000000 21.539722100 1.474609375
271.400000000 21.539722100 1.474609375
271.600000000 21.468398510 1.469726562
271.800000000 21.468398510 1.469726562
272.000000000 21.397074934 1.464843750
272.200000000 21.397074934 1.464843750
272.400000000 21.397074934 1.464843750
272.600000000 21.325751344 1.459960937
272.800000000 21.325751344 1.459960937
273.000000000 21.325751344 1.459960937
273.200000000 21.254427768 1.455078125
273.400000000 21.254427768 1.455078125
273.600000000 21.183104178 1.450195312
273.800000000 21.254427768 1.455078125
274.000000000 21.183104178 1.450195312
274.200000000 21.111780602 1.445312500
274.400000000 21.040457011 1.440429687
274.600000000 21.040457011 1.440429687
274.800000000 21.040457011 1.440429687
275.000000000 20.969133436 1.435546875
275.200000000 20.969133436 1.435546875
275.400000000 20.969133436 1.435546875
275.600000000 20.969133436 1.435546875
275.800000000 20.969133436 1.435546875
276.000000000 20.897809845 1.430664062
276.200000000 20.897809845 1.430664062
276.400000000 20.897809845 1.430664062
276.600000000 20.969133436 1.435546875
276.800000000 20.897809845 1.430664062
277.000000000 20.897809845 1.430664062
277.200000000 20.826486269 1.425781250
277.400000000 20.826486269 1.425781250
277.600000000 20.826486269 1.425781250
277.800000000 20.897809845 1.430664062
278.000000000 20.826486269 1.425781250
278.200000000 20.755162679 1.420898437
278.400000000 20.755162679 1.420898437
278.600000000 20.826486269 1.425781250
278.800000000 20.755162679 1.420898437
279.000000000 20.826486269 1.425781250
279.200000000 20.826486269 1.425781250
279.400000000 20.826486269 1.425781250
279.600000000 20.826486269 1.425781250
279.800000000 20.826486269 1.425781250
280.000000000 20.826486269 1.425781250
280.200000000 20.897809845 1.430664062
280.400000000 20.897809845 1.430664062
280.600000000 20.897809845 1.430664062
280.800000000 20.897809845 1.430664062
281.000000000 20.969133436 1.435546875
281.200000000 20.969133436 1.435546875
281.400000000 20.969133436 1.435546875
281.600000000 21.040457011 1.440429687
281.800000000 21.040457011 1.440429687
282.000000000 21.040457011 1.440429687
282.200000000 21.040457011 1.440429687
282.400000000 21.111780602 1.445312500
282.600000000 21.111780602 1.445312500
282.800000000 21.183104178 1.450195312
283.000000000 21.183104178 1.450195312
283.200000000 21.183104178 1.450195312
283.400000000 21.183104178 1.450195312
283.600000000 21.254427768 1.455078125
283.800000000 21.183104178 1.450195312
284.000000000 21.254427768 1.455078125
284.200000000 21.254427768 1.455078125
284.400000000 21.254427768 1.455078125
284.600000000 21.254427768 1.455078125
284.800000000 21.254427768 1.455078125
285.000000000 21.254427768 1.455078125
285.200000000 21.325751344 1.459960937
285.400000000 21.325751344 1.459960937
285.600000000 21.325751344 1.459960937
285.800000000 21.254427768 1.455078125
286.000000000 21.325751344 1.459960937
