0.000000000	7.480468750	7.480468750
0.200000000	7.480468750	7.480468750
0.400000000	7.480468750	7.480468750
0.600000000	7.480468750	7.480468750
0.800000000	7.480468750	7.480468750
1.000000000	7.485351562	7.485351562
1.200000000	7.485351562	7.485351562
1.400000000	7.480468750	7.480468750
1.600000000	7.480468750	7.480468750
1.800000000	7.485351562	7.485351562
2.000000000	7.480468750	7.480468750
2.200000000	7.485351562	7.485351562
2.400000000	7.485351562	7.485351562
2.600000000	7.480468750	7.480468750
2.800000000	7.480468750	7.480468750
3.000000000	7.480468750	7.480468750
3.200000000	7.480468750	7.480468750
3.400000000	7.480468750	7.480468750
3.600000000	7.480468750	7.480468750
3.800000000	7.480468750	7.480468750
4.000000000	7.475585937	7.475585937
4.200000000	7.480468750	7.480468750
4.400000000	7.480468750	7.480468750
4.600000000	7.480468750	7.480468750
4.800000000	7.480468750	7.480468750
5.000000000	7.480468750	7.480468750
5.200000000	7.480468750	7.480468750
5.400000000	7.480468750	7.480468750
5.600000000	7.480468750	7.480468750
5.800000000	7.475585937	7.475585937
6.000000000	7.480468750	7.480468750
6.200000000	7.480468750	7.480468750
6.400000000	7.480468750	7.480468750
6.600000000	7.480468750	7.480468750
6.800000000	7.480468750	7.480468750
7.000000000	7.480468750	7.480468750
7.200000000	7.480468750	7.480468750
7.400000000	7.480468750	7.480468750
7.600000000	7.480468750	7.480468750
7.800000000	7.480468750	7.480468750
8.000000000	7.480468750	7.480468750
8.200000000	7.480468750	7.480468750
8.400000000	7.480468750	7.480468750
8.600000000	7.475585937	7.475585937
8.800000000	7.475585937	7.475585937
9.000000000	7.470703125	7.470703125
9.200000000	7.470703125	7.470703125
9.400000000	7.465820312	7.465820312
9.600000000	7.465820312	7.465820312
9.800000000	7.465820312	7.465820312
10.000000000	7.465820312	7.465820312
10.200000000	7.460937500	7.460937500
10.400000000	7.456054687	7.456054687
10.600000000	7.456054687	7.456054687
10.800000000	7.451171875	7.451171875
11.000000000	7.446289062	7.446289062
11.200000000	7.451171875	7.451171875
11.400000000	7.446289062	7.446289062
11.600000000	7.446289062	7.446289062
11.800000000	7.436523437	7.436523437
12.000000000	7.441406250	7.441406250
12.200000000	7.436523437	7.436523437
12.400000000	7.431640625	7.431640625
12.600000000	7.426757812	7.426757812
12.800000000	7.426757812	7.426757812
13.000000000	7.421875000	7.421875000
13.200000000	7.421875000	7.421875000
13.400000000	7.416992187	7.416992187
13.600000000	7.416992187	7.416992187
13.800000000	7.412109375	7.412109375
14.000000000	7.407226562	7.407226562
14.200000000	7.407226562	7.407226562
14.400000000	7.402343750	7.402343750
14.600000000	7.397460937	7.397460937
14.800000000	7.397460937	7.397460937
15.000000000	7.392578125	7.392578125
15.200000000	7.387695312	7.387695312
15.400000000	7.382812500	7.382812500
15.600000000	7.377929687	7.377929687
15.800000000	7.368164062	7.368164062
16.000000000	7.368164062	7.368164062
16.200000000	7.368164062	7.368164062
16.400000000	7.358398437	7.358398437
16.600000000	7.353515625	7.353515625
16.800000000	7.348632812	7.348632812
17.000000000	7.348632812	7.348632812
17.200000000	7.338867187	7.338867187
17.400000000	7.333984375	7.333984375
17.600000000	7.333984375	7.333984375
17.800000000	7.329101562	7.329101562
18.000000000	7.324218750	7.324218750
18.200000000	7.324218750	7.324218750
18.400000000	7.319335937	7.319335937
18.600000000	7.309570312	7.309570312
18.800000000	7.309570312	7.309570312
19.000000000	7.304687500	7.304687500
19.200000000	7.299804687	7.299804687
19.400000000	7.294921875	7.294921875
19.600000000	7.290039062	7.290039062
19.800000000	7.280273437	7.280273437
20.000000000	7.275390625	7.275390625
20.200000000	7.275390625	7.275390625
20.400000000	7.270507812	7.270507812
20.600000000	7.260742187	7.260742187
20.800000000	7.255859375	7.255859375
21.000000000	7.250976562	7.250976562
21.200000000	7.246093750	7.246093750
21.400000000	7.241210937	7.241210937
21.600000000	7.236328125	7.236328125
21.800000000	7.231445312	7.231445312
22.000000000	7.221679687	7.221679687
22.200000000	7.221679687	7.221679687
22.400000000	7.216796875	7.216796875
22.600000000	7.211914062	7.211914062
22.800000000	7.211914062	7.211914062
23.000000000	7.202148437	7.202148437
23.200000000	7.197265625	7.197265625
23.400000000	7.192382812	7.192382812
23.600000000	7.187500000	7.187500000
23.800000000	7.182617187	7.182617187
24.000000000	7.177734375	7.177734375
24.200000000	7.172851562	7.172851562
24.400000000	7.167968750	7.167968750
24.600000000	7.163085937	7.163085937
24.800000000	7.158203125	7.158203125
25.000000000	7.153320312	7.153320312
25.200000000	7.143554687	7.143554687
25.400000000	7.138671875	7.138671875
25.600000000	7.133789062	7.133789062
25.800000000	7.128906250	7.128906250
26.000000000	7.124023437	7.124023437
26.200000000	7.119140625	7.119140625
26.400000000	7.109375000	7.109375000
26.600000000	7.104492187	7.104492187
26.800000000	7.099609375	7.099609375
27.000000000	7.094726562	7.094726562
27.200000000	7.089843750	7.089843750
27.400000000	7.084960937	7.084960937
27.600000000	7.080078125	7.080078125
27.800000000	7.075195312	7.075195312
28.000000000	7.070312500	7.070312500
28.200000000	7.065429687	7.065429687
28.400000000	7.060546875	7.060546875
28.600000000	7.055664062	7.055664062
28.800000000	7.050781250	7.050781250
29.000000000	7.045898437	7.045898437
29.200000000	7.036132812	7.036132812
29.400000000	7.036132812	7.036132812
29.600000000	7.026367187	7.026367187
29.800000000	7.021484375	7.021484375
30.000000000	7.021484375	7.021484375
30.200000000	7.006835937	7.006835937
30.400000000	7.001953125	7.001953125
30.600000000	6.997070312	6.997070312
30.800000000	6.992187500	6.992187500
31.000000000	6.982421875	6.982421875
31.200000000	6.977539062	6.977539062
31.400000000	6.972656250	6.972656250
31.600000000	6.967773437	6.967773437
31.800000000	6.958007812	6.958007812
32.000000000	6.953125000	6.953125000
32.200000000	6.953125000	6.953125000
32.400000000	6.943359375	6.943359375
32.600000000	6.938476562	6.938476562
32.800000000	6.933593750	6.933593750
33.000000000	6.928710937	6.928710937
33.200000000	6.918945312	6.918945312
33.400000000	6.918945312	6.918945312
33.600000000	6.909179687	6.909179687
33.800000000	6.909179687	6.909179687
34.000000000	6.899414062	6.899414062
34.200000000	6.899414062	6.899414062
34.400000000	6.894531250	6.894531250
34.600000000	6.889648437	6.889648437
34.800000000	6.879882812	6.879882812
35.000000000	6.879882812	6.879882812
35.200000000	6.865234375	6.865234375
35.400000000	6.860351562	6.860351562
35.600000000	6.860351562	6.860351562
35.800000000	6.850585937	6.850585937
36.000000000	6.850585937	6.850585937
36.200000000	6.840820312	6.840820312
36.400000000	6.835937500	6.835937500
36.600000000	6.826171875	6.826171875
36.800000000	6.821289062	6.821289062
37.000000000	6.816406250	6.816406250
37.200000000	6.811523437	6.811523437
37.400000000	6.806640625	6.806640625
37.600000000	6.796875000	6.796875000
37.800000000	6.791992187	6.791992187
38.000000000	6.787109375	6.787109375
38.200000000	6.782226562	6.782226562
38.400000000	6.772460937	6.772460937
38.600000000	6.767578125	6.767578125
38.800000000	6.767578125	6.767578125
39.000000000	6.757812500	6.757812500
39.200000000	6.752929687	6.752929687
39.400000000	6.748046875	6.748046875
39.600000000	6.743164062	6.743164062
39.800000000	6.738281250	6.738281250
40.000000000	6.733398437	6.733398437
40.200000000	6.723632812	6.723632812
40.400000000	6.723632812	6.723632812
40.600000000	6.713867187	6.713867187
40.800000000	6.708984375	6.708984375
41.000000000	6.704101562	6.704101562
41.200000000	6.694335937	6.694335937
41.400000000	6.689453125	6.689453125
41.600000000	6.684570312	6.684570312
41.800000000	6.679687500	6.679687500
42.000000000	6.665039062	6.665039062
42.200000000	6.660156250	6.660156250
42.400000000	6.655273437	6.655273437
42.600000000	6.650390625	6.650390625
42.800000000	6.645507812	6.645507812
43.000000000	6.640625000	6.640625000
43.200000000	6.630859375	6.630859375
43.400000000	6.625976562	6.625976562
43.600000000	6.621093750	6.621093750
43.800000000	6.611328125	6.611328125
44.000000000	6.611328125	6.611328125
44.200000000	6.601562500	6.601562500
44.400000000	6.596679687	6.596679687
44.600000000	6.596679687	6.596679687
44.800000000	6.586914062	6.586914062
45.000000000	6.582031250	6.582031250
45.200000000	6.577148437	6.577148437
45.400000000	6.572265625	6.572265625
45.600000000	6.562500000	6.562500000
45.800000000	6.562500000	6.562500000
46.000000000	6.557617187	6.557617187
46.200000000	6.552734375	6.552734375
46.400000000	6.542968750	6.542968750
46.600000000	6.542968750	6.542968750
46.800000000	6.528320312	6.528320312
47.000000000	6.523437500	6.523437500
47.200000000	6.518554687	6.518554687
47.400000000	6.513671875	6.513671875
47.600000000	6.508789062	6.508789062
47.800000000	6.503906250	6.503906250
48.000000000	6.494140625	6.494140625
48.200000000	6.489257812	6.489257812
48.400000000	6.484375000	6.484375000
48.600000000	6.479492187	6.479492187
48.800000000	6.474609375	6.474609375
49.000000000	6.464843750	6.464843750
49.200000000	6.459960937	6.459960937
49.400000000	6.459960937	6.459960937
49.600000000	6.455078125	6.455078125
49.800000000	6.445312500	6.445312500
50.000000000	6.440429687	6.440429687
50.200000000	6.440429687	6.440429687
50.400000000	6.430664062	6.430664062
50.600000000	6.420898437	6.420898437
50.800000000	6.416015625	6.416015625
51.000000000	6.416015625	6.416015625
51.200000000	6.406250000	6.406250000
51.400000000	6.406250000	6.406250000
51.600000000	6.396484375	6.396484375
51.800000000	6.391601562	6.391601562
52.000000000	6.386718750	6.386718750
52.200000000	6.381835937	6.381835937
52.400000000	6.372070312	6.372070312
52.600000000	6.367187500	6.367187500
52.800000000	6.362304687	6.362304687
53.000000000	6.352539062	6.352539062
53.200000000	6.347656250	6.347656250
53.400000000	6.342773437	6.342773437
53.600000000	6.337890625	6.337890625
53.800000000	6.333007812	6.333007812
54.000000000	6.328125000	6.328125000
54.200000000	6.323242187	6.323242187
54.400000000	6.313476562	6.313476562
54.600000000	6.308593750	6.308593750
54.800000000	6.308593750	6.308593750
55.000000000	6.298828125	6.298828125
55.200000000	6.293945312	6.293945312
55.400000000	6.289062500	6.289062500
55.600000000	6.289062500	6.289062500
55.800000000	6.279296875	6.279296875
56.000000000	6.269531250	6.269531250
56.200000000	6.264648437	6.264648437
56.400000000	6.264648437	6.264648437
56.600000000	6.259765625	6.259765625
56.800000000	6.254882812	6.254882812
57.000000000	6.250000000	6.250000000
57.200000000	6.240234375	6.240234375
57.400000000	6.240234375	6.240234375
57.600000000	6.230468750	6.230468750
57.800000000	6.220703125	6.220703125
58.000000000	6.220703125	6.220703125
58.200000000	6.210937500	6.210937500
58.400000000	6.206054687	6.206054687
58.600000000	6.201171875	6.201171875
58.800000000	6.196289062	6.196289062
59.000000000	6.191406250	6.191406250
59.200000000	6.181640625	6.181640625
59.400000000	6.176757812	6.176757812
59.600000000	6.171875000	6.171875000
59.800000000	6.171875000	6.171875000
60.000000000	6.162109375	6.162109375
60.200000000	6.162109375	6.162109375
60.400000000	6.152343750	6.152343750
60.600000000	6.152343750	6.152343750
60.800000000	6.147460937	6.147460937
61.000000000	6.137695312	6.137695312
61.200000000	6.132812500	6.132812500
61.400000000	6.127929687	6.127929687
61.600000000	6.123046875	6.123046875
61.800000000	6.118164062	6.118164062
62.000000000	6.113281250	6.113281250
62.200000000	6.103515625	6.103515625
62.400000000	6.098632812	6.098632812
62.600000000	6.093750000	6.093750000
62.800000000	6.088867187	6.088867187
63.000000000	6.083984375	6.083984375
63.200000000	6.079101562	6.079101562
63.400000000	6.074218750	6.074218750
63.600000000	6.064453125	6.064453125
63.800000000	6.059570312	6.059570312
64.000000000	6.054687500	6.054687500
64.200000000	6.049804687	6.049804687
64.400000000	6.044921875	6.044921875
64.600000000	6.040039062	6.040039062
64.800000000	6.035156250	6.035156250
65.000000000	6.025390625	6.025390625
65.200000000	6.025390625	6.025390625
65.400000000	6.020507812	6.020507812
65.600000000	6.015625000	6.015625000
65.800000000	6.005859375	6.005859375
66.000000000	6.005859375	6.005859375
66.200000000	6.000976562	6.000976562
66.400000000	5.996093750	5.996093750
66.600000000	5.991210937	5.991210937
66.800000000	5.986328125	5.986328125
67.000000000	5.976562500	5.976562500
67.200000000	5.976562500	5.976562500
67.400000000	5.971679687	5.971679687
67.600000000	5.961914062	5.961914062
67.800000000	5.957031250	5.957031250
68.000000000	5.952148437	5.952148437
68.200000000	5.947265625	5.947265625
68.400000000	5.937500000	5.937500000
68.600000000	5.937500000	5.937500000
68.800000000	5.927734375	5.927734375
69.000000000	5.922851562	5.922851562
69.200000000	5.917968750	5.917968750
69.400000000	5.913085937	5.913085937
69.600000000	5.908203125	5.908203125
69.800000000	5.898437500	5.898437500
70.000000000	5.898437500	5.898437500
70.200000000	5.893554687	5.893554687
70.400000000	5.888671875	5.888671875
70.600000000	5.883789062	5.883789062
70.800000000	5.878906250	5.878906250
71.000000000	5.878906250	5.878906250
71.200000000	5.869140625	5.869140625
71.400000000	5.864257812	5.864257812
71.600000000	5.859375000	5.859375000
71.800000000	5.859375000	5.859375000
72.000000000	5.854492187	5.854492187
72.200000000	5.844726562	5.844726562
72.400000000	5.839843750	5.839843750
72.600000000	5.834960937	5.834960937
72.800000000	5.825195312	5.825195312
73.000000000	5.820312500	5.820312500
73.200000000	5.820312500	5.820312500
73.400000000	5.810546875	5.810546875
73.600000000	5.805664062	5.805664062
73.800000000	5.800781250	5.800781250
74.000000000	5.795898437	5.795898437
74.200000000	5.791015625	5.791015625
74.400000000	5.781250000	5.781250000
74.600000000	5.781250000	5.781250000
74.800000000	5.776367187	5.776367187
75.000000000	5.771484375	5.771484375
75.200000000	5.766601562	5.766601562
75.400000000	5.761718750	5.761718750
75.600000000	5.756835937	5.756835937
75.800000000	5.751953125	5.751953125
76.000000000	5.751953125	5.751953125
76.200000000	5.742187500	5.742187500
76.400000000	5.737304687	5.737304687
76.600000000	5.732421875	5.732421875
76.800000000	5.727539062	5.727539062
77.000000000	5.722656250	5.722656250
77.200000000	5.717773437	5.717773437
77.400000000	5.712890625	5.712890625
77.600000000	5.703125000	5.703125000
77.800000000	5.703125000	5.703125000
78.000000000	5.693359375	5.693359375
78.200000000	5.688476562	5.688476562
78.400000000	5.683593750	5.683593750
78.600000000	5.683593750	5.683593750
78.800000000	5.673828125	5.673828125
79.000000000	5.664062500	5.664062500
79.200000000	5.664062500	5.664062500
79.400000000	5.659179687	5.659179687
79.600000000	5.659179687	5.659179687
79.800000000	5.649414062	5.649414062
80.000000000	5.644531250	5.644531250
80.200000000	5.644531250	5.644531250
80.400000000	5.639648437	5.639648437
80.600000000	5.634765625	5.634765625
80.800000000	5.629882812	5.629882812
81.000000000	5.625000000	5.625000000
81.200000000	5.620117187	5.620117187
81.400000000	5.615234375	5.615234375
81.600000000	5.610351562	5.610351562
81.800000000	5.605468750	5.605468750
82.000000000	5.600585937	5.600585937
82.200000000	5.595703125	5.595703125
82.400000000	5.590820312	5.590820312
82.600000000	5.585937500	5.585937500
82.800000000	5.581054687	5.581054687
83.000000000	5.571289062	5.571289062
83.200000000	5.566406250	5.566406250
83.400000000	5.566406250	5.566406250
83.600000000	5.556640625	5.556640625
83.800000000	5.556640625	5.556640625
84.000000000	5.546875000	5.546875000
84.200000000	5.541992187	5.541992187
84.400000000	5.537109375	5.537109375
84.600000000	5.537109375	5.537109375
84.800000000	5.527343750	5.527343750
85.000000000	5.522460937	5.522460937
85.200000000	5.522460937	5.522460937
85.400000000	5.517578125	5.517578125
85.600000000	5.512695312	5.512695312
85.800000000	5.507812500	5.507812500
86.000000000	5.502929687	5.502929687
86.200000000	5.502929687	5.502929687
86.400000000	5.493164062	5.493164062
86.600000000	5.488281250	5.488281250
86.800000000	5.483398437	5.483398437
87.000000000	5.473632812	5.473632812
87.200000000	5.468750000	5.468750000
87.400000000	5.463867187	5.463867187
87.600000000	5.463867187	5.463867187
87.800000000	5.458984375	5.458984375
88.000000000	5.454101562	5.454101562
88.200000000	5.449218750	5.449218750
88.400000000	5.444335937	5.444335937
88.600000000	5.439453125	5.439453125
88.800000000	5.434570312	5.434570312
89.000000000	5.429687500	5.429687500
89.200000000	5.424804687	5.424804687
89.400000000	5.424804687	5.424804687
89.600000000	5.415039062	5.415039062
89.800000000	5.410156250	5.410156250
90.000000000	5.410156250	5.410156250
90.200000000	5.405273437	5.405273437
90.400000000	5.400390625	5.400390625
90.600000000	5.390625000	5.390625000
90.800000000	5.385742187	5.385742187
91.000000000	5.380859375	5.380859375
91.200000000	5.375976562	5.375976562
91.400000000	5.371093750	5.371093750
91.600000000	5.371093750	5.371093750
91.800000000	5.361328125	5.361328125
92.000000000	5.356445312	5.356445312
92.200000000	5.351562500	5.351562500
92.400000000	5.346679687	5.346679687
92.600000000	5.341796875	5.341796875
92.800000000	5.341796875	5.341796875
93.000000000	5.336914062	5.336914062
93.200000000	5.332031250	5.332031250
93.400000000	5.327148437	5.327148437
93.600000000	5.322265625	5.322265625
93.800000000	5.322265625	5.322265625
94.000000000	5.312500000	5.312500000
94.200000000	5.307617187	5.307617187
94.400000000	5.302734375	5.302734375
94.600000000	5.302734375	5.302734375
94.800000000	5.292968750	5.292968750
95.000000000	5.288085937	5.288085937
95.200000000	5.288085937	5.288085937
95.400000000	5.283203125	5.283203125
95.600000000	5.273437500	5.273437500
95.800000000	5.268554687	5.268554687
96.000000000	5.263671875	5.263671875
96.200000000	5.258789062	5.258789062
96.400000000	5.253906250	5.253906250
96.600000000	5.253906250	5.253906250
96.800000000	5.244140625	5.244140625
97.000000000	5.239257812	5.239257812
97.200000000	5.239257812	5.239257812
97.400000000	5.234375000	5.234375000
97.600000000	5.229492187	5.229492187
97.800000000	5.224609375	5.224609375
98.000000000	5.219726562	5.219726562
98.200000000	5.214843750	5.214843750
98.400000000	5.214843750	5.214843750
98.600000000	5.205078125	5.205078125
98.800000000	5.205078125	5.205078125
99.000000000	5.200195312	5.200195312
99.200000000	5.195312500	5.195312500
99.400000000	5.190429687	5.190429687
99.600000000	5.185546875	5.185546875
99.800000000	5.180664062	5.180664062
100.000000000	5.175781250	5.175781250
100.200000000	5.170898437	5.170898437
100.400000000	5.166015625	5.166015625
100.600000000	5.161132812	5.161132812
100.800000000	5.156250000	5.156250000
101.000000000	5.151367187	5.151367187
101.200000000	5.146484375	5.146484375
101.400000000	5.141601562	5.141601562
101.600000000	5.141601562	5.141601562
101.800000000	5.136718750	5.136718750
102.000000000	5.131835937	5.131835937
102.200000000	5.126953125	5.126953125
102.400000000	5.122070312	5.122070312
102.600000000	5.117187500	5.117187500
102.800000000	5.112304687	5.112304687
103.000000000	5.107421875	5.107421875
103.200000000	5.102539062	5.102539062
103.400000000	5.097656250	5.097656250
103.600000000	5.097656250	5.097656250
103.800000000	5.087890625	5.087890625
104.000000000	5.083007812	5.083007812
104.200000000	5.078125000	5.078125000
104.400000000	5.078125000	5.078125000
104.600000000	5.068359375	5.068359375
104.800000000	5.068359375	5.068359375
105.000000000	5.063476562	5.063476562
105.200000000	5.053710937	5.053710937
105.400000000	5.053710937	5.053710937
105.600000000	5.048828125	5.048828125
105.800000000	5.043945312	5.043945312
106.000000000	5.039062500	5.039062500
106.200000000	5.039062500	5.039062500
106.400000000	5.034179687	5.034179687
106.600000000	5.029296875	5.029296875
106.800000000	5.024414062	5.024414062
107.000000000	5.019531250	5.019531250
107.200000000	5.014648437	5.014648437
107.400000000	5.014648437	5.014648437
107.600000000	5.009765625	5.009765625
107.800000000	5.004882812	5.004882812
108.000000000	5.000000000	5.000000000
108.200000000	4.995117187	4.995117187
108.400000000	4.990234375	4.990234375
108.600000000	4.985351562	4.985351562
108.800000000	4.980468750	4.980468750
109.000000000	4.975585937	4.975585937
109.200000000	4.970703125	4.970703125
109.400000000	4.970703125	4.970703125
109.600000000	4.960937500	4.960937500
109.800000000	4.956054687	4.956054687
110.000000000	4.951171875	4.951171875
110.200000000	4.946289062	4.946289062
110.400000000	4.946289062	4.946289062
110.600000000	4.941406250	4.941406250
110.800000000	4.941406250	4.941406250
111.000000000	4.936523437	4.936523437
111.200000000	4.926757812	4.926757812
111.400000000	4.926757812	4.926757812
111.600000000	4.921875000	4.921875000
111.800000000	4.921875000	4.921875000
112.000000000	4.912109375	4.912109375
112.200000000	4.907226562	4.907226562
112.400000000	4.902343750	4.902343750
112.600000000	4.902343750	4.902343750
112.800000000	4.897460937	4.897460937
113.000000000	4.892578125	4.892578125
113.200000000	4.887695312	4.887695312
113.400000000	4.882812500	4.882812500
113.600000000	4.882812500	4.882812500
113.800000000	4.873046875	4.873046875
114.000000000	4.868164062	4.868164062
114.200000000	4.863281250	4.863281250
114.400000000	4.863281250	4.863281250
114.600000000	4.853515625	4.853515625
114.800000000	4.848632812	4.848632812
115.000000000	4.843750000	4.843750000
115.200000000	4.843750000	4.843750000
115.400000000	4.843750000	4.843750000
115.600000000	4.838867187	4.838867187
115.800000000	4.833984375	4.833984375
116.000000000	4.829101562	4.829101562
116.200000000	4.824218750	4.824218750
116.400000000	4.824218750	4.824218750
116.600000000	4.814453125	4.814453125
116.800000000	4.814453125	4.814453125
117.000000000	4.809570312	4.809570312
117.200000000	4.804687500	4.804687500
117.400000000	4.799804687	4.799804687
117.600000000	4.799804687	4.799804687
117.800000000	4.790039062	4.790039062
118.000000000	4.785156250	4.785156250
118.200000000	4.780273437	4.780273437
118.400000000	4.775390625	4.775390625
118.600000000	4.775390625	4.775390625
118.800000000	4.765625000	4.765625000
119.000000000	4.765625000	4.765625000
119.200000000	4.765625000	4.765625000
119.400000000	4.755859375	4.755859375
119.600000000	4.750976562	4.750976562
119.800000000	4.746093750	4.746093750
120.000000000	4.746093750	4.746093750
120.200000000	4.741210937	4.741210937
120.400000000	4.736328125	4.736328125
120.600000000	4.731445312	4.731445312
120.800000000	4.726562500	4.726562500
121.000000000	4.726562500	4.726562500
121.200000000	4.721679687	4.721679687
121.400000000	4.716796875	4.716796875
121.600000000	4.711914062	4.711914062
121.800000000	4.707031250	4.707031250
122.000000000	4.702148437	4.702148437
122.200000000	4.702148437	4.702148437
122.400000000	4.697265625	4.697265625
122.600000000	4.697265625	4.697265625
122.800000000	4.692382812	4.692382812
123.000000000	4.687500000	4.687500000
123.200000000	4.682617187	4.682617187
123.400000000	4.677734375	4.677734375
123.600000000	4.672851562	4.672851562
123.800000000	4.667968750	4.667968750
124.000000000	4.663085937	4.663085937
124.200000000	4.658203125	4.658203125
124.400000000	4.653320312	4.653320312
124.600000000	4.648437500	4.648437500
124.800000000	4.648437500	4.648437500
125.000000000	4.643554687	4.643554687
125.200000000	4.638671875	4.638671875
125.400000000	4.633789062	4.633789062
125.600000000	4.628906250	4.628906250
125.800000000	4.628906250	4.628906250
126.000000000	4.624023437	4.624023437
126.200000000	4.619140625	4.619140625
126.400000000	4.614257812	4.614257812
126.600000000	4.609375000	4.609375000
126.800000000	4.604492187	4.604492187
127.000000000	4.604492187	4.604492187
127.200000000	4.599609375	4.599609375
127.400000000	4.594726562	4.594726562
127.600000000	4.589843750	4.589843750
127.800000000	4.589843750	4.589843750
128.000000000	4.584960937	4.584960937
128.200000000	4.580078125	4.580078125
128.400000000	4.580078125	4.580078125
128.600000000	4.570312500	4.570312500
128.800000000	4.565429687	4.565429687
129.000000000	4.565429687	4.565429687
129.200000000	4.555664062	4.555664062
129.400000000	4.550781250	4.550781250
129.600000000	4.550781250	4.550781250
129.800000000	4.545898437	4.545898437
130.000000000	4.541015625	4.541015625
130.200000000	4.536132812	4.536132812
130.400000000	4.531250000	4.531250000
130.600000000	4.531250000	4.531250000
130.800000000	4.526367187	4.526367187
131.000000000	4.521484375	4.521484375
131.200000000	4.521484375	4.521484375
131.400000000	4.516601562	4.516601562
131.600000000	4.511718750	4.511718750
131.800000000	4.506835937	4.506835937
132.000000000	4.506835937	4.506835937
132.200000000	4.501953125	4.501953125
132.400000000	4.492187500	4.492187500
132.600000000	4.497070312	4.497070312
132.800000000	4.487304687	4.487304687
133.000000000	4.482421875	4.482421875
133.200000000	4.477539062	4.477539062
133.400000000	4.472656250	4.472656250
133.600000000	4.467773437	4.467773437
133.800000000	4.467773437	4.467773437
134.000000000	4.462890625	4.462890625
134.200000000	4.458007812	4.458007812
134.400000000	4.453125000	4.453125000
134.600000000	4.453125000	4.453125000
134.800000000	4.453125000	4.453125000
135.000000000	4.443359375	4.443359375
135.200000000	4.443359375	4.443359375
135.400000000	4.438476562	4.438476562
135.600000000	4.433593750	4.433593750
135.800000000	4.433593750	4.433593750
136.000000000	4.423828125	4.423828125
136.200000000	4.423828125	4.423828125
136.400000000	4.414062500	4.414062500
136.600000000	4.414062500	4.414062500
136.800000000	4.409179687	4.409179687
137.000000000	4.404296875	4.404296875
137.200000000	4.399414062	4.399414062
137.400000000	4.394531250	4.394531250
137.600000000	4.394531250	4.394531250
137.800000000	4.389648437	4.389648437
138.000000000	4.384765625	4.384765625
138.200000000	4.384765625	4.384765625
138.400000000	4.379882812	4.379882812
138.600000000	4.375000000	4.375000000
138.800000000	4.370117187	4.370117187
139.000000000	4.370117187	4.370117187
139.200000000	4.370117187	4.370117187
139.400000000	4.360351562	4.360351562
139.600000000	4.360351562	4.360351562
139.800000000	4.355468750	4.355468750
140.000000000	4.355468750	4.355468750
140.200000000	4.345703125	4.345703125
140.400000000	4.340820312	4.340820312
140.600000000	4.335937500	4.335937500
140.800000000	4.331054687	4.331054687
141.000000000	4.331054687	4.331054687
141.200000000	4.326171875	4.326171875
141.400000000	4.321289062	4.321289062
141.600000000	4.316406250	4.316406250
141.800000000	4.316406250	4.316406250
142.000000000	4.311523437	4.311523437
142.200000000	4.306640625	4.306640625
142.400000000	4.301757812	4.301757812
142.600000000	4.296875000	4.296875000
142.800000000	4.296875000	4.296875000
143.000000000	4.291992187	4.291992187
143.200000000	4.291992187	4.291992187
143.400000000	4.282226562	4.282226562
143.600000000	4.282226562	4.282226562
143.800000000	4.282226562	4.282226562
144.000000000	4.272460937	4.272460937
144.200000000	4.272460937	4.272460937
144.400000000	4.267578125	4.267578125
144.600000000	4.267578125	4.267578125
144.800000000	4.257812500	4.257812500
145.000000000	4.257812500	4.257812500
145.200000000	4.252929687	4.252929687
145.400000000	4.252929687	4.252929687
145.600000000	4.243164062	4.243164062
145.800000000	4.238281250	4.238281250
146.000000000	4.238281250	4.238281250
146.200000000	4.233398437	4.233398437
146.400000000	4.228515625	4.228515625
146.600000000	4.223632812	4.223632812
146.800000000	4.218750000	4.218750000
147.000000000	4.218750000	4.218750000
147.200000000	4.213867187	4.213867187
147.400000000	4.208984375	4.208984375
147.600000000	4.204101562	4.204101562
147.800000000	4.199218750	4.199218750
148.000000000	4.199218750	4.199218750
148.200000000	4.199218750	4.199218750
148.400000000	4.194335937	4.194335937
148.600000000	4.194335937	4.194335937
148.800000000	4.184570312	4.184570312
149.000000000	4.179687500	4.179687500
149.200000000	4.179687500	4.179687500
149.400000000	4.174804687	4.174804687
149.600000000	4.169921875	4.169921875
149.800000000	4.169921875	4.169921875
150.000000000	4.165039062	4.165039062
150.200000000	4.160156250	4.160156250
150.400000000	4.155273437	4.155273437
150.600000000	4.155273437	4.155273437
150.800000000	4.145507812	4.145507812
151.000000000	4.140625000	4.140625000
151.200000000	4.140625000	4.140625000
151.400000000	4.135742187	4.135742187
151.600000000	4.135742187	4.135742187
151.800000000	4.130859375	4.130859375
152.000000000	4.121093750	4.121093750
152.200000000	4.121093750	4.121093750
152.400000000	4.116210937	4.116210937
152.600000000	4.116210937	4.116210937
152.800000000	4.111328125	4.111328125
153.000000000	4.106445312	4.106445312
153.200000000	4.106445312	4.106445312
153.400000000	4.101562500	4.101562500
153.600000000	4.096679687	4.096679687
153.800000000	4.096679687	4.096679687
154.000000000	4.091796875	4.091796875
154.200000000	4.086914062	4.086914062
154.400000000	4.082031250	4.082031250
154.600000000	4.082031250	4.082031250
154.800000000	4.077148437	4.077148437
155.000000000	4.072265625	4.072265625
155.200000000	4.067382812	4.067382812
155.400000000	4.062500000	4.062500000
155.600000000	4.062500000	4.062500000
155.800000000	4.057617187	4.057617187
156.000000000	4.052734375	4.052734375
156.200000000	4.047851562	4.047851562
156.400000000	4.047851562	4.047851562
156.600000000	4.042968750	4.042968750
156.800000000	4.038085937	4.038085937
157.000000000	4.038085937	4.038085937
157.200000000	4.033203125	4.033203125
157.400000000	4.023437500	4.023437500
157.600000000	4.023437500	4.023437500
157.800000000	4.023437500	4.023437500
158.000000000	4.018554687	4.018554687
158.200000000	4.018554687	4.018554687
158.400000000	4.008789062	4.008789062
158.600000000	4.008789062	4.008789062
158.800000000	4.003906250	4.003906250
159.000000000	4.003906250	4.003906250
159.200000000	3.994140625	3.994140625
159.400000000	3.994140625	3.994140625
159.600000000	3.994140625	3.994140625
159.800000000	3.989257812	3.989257812
160.000000000	3.984375000	3.984375000
160.200000000	3.979492187	3.979492187
160.400000000	3.974609375	3.974609375
160.600000000	3.969726562	3.969726562
160.800000000	3.969726562	3.969726562
161.000000000	3.964843750	3.964843750
161.200000000	3.959960937	3.959960937
161.400000000	3.955078125	3.955078125
161.600000000	3.950195312	3.950195312
161.800000000	3.945312500	3.945312500
162.000000000	3.945312500	3.945312500
162.200000000	3.945312500	3.945312500
162.400000000	3.935546875	3.935546875
162.600000000	3.935546875	3.935546875
162.800000000	3.930664062	3.930664062
163.000000000	3.925781250	3.925781250
163.200000000	3.925781250	3.925781250
163.400000000	3.925781250	3.925781250
163.600000000	3.920898437	3.920898437
163.800000000	3.916015625	3.916015625
164.000000000	3.916015625	3.916015625
164.200000000	3.911132812	3.911132812
164.400000000	3.906250000	3.906250000
164.600000000	3.901367187	3.901367187
164.800000000	3.896484375	3.896484375
165.000000000	3.896484375	3.896484375
165.200000000	3.891601562	3.891601562
165.400000000	3.886718750	3.886718750
165.600000000	3.886718750	3.886718750
165.800000000	3.881835937	3.881835937
166.000000000	3.876953125	3.876953125
166.200000000	3.872070312	3.872070312
166.400000000	3.867187500	3.867187500
166.600000000	3.867187500	3.867187500
166.800000000	3.862304687	3.862304687
167.000000000	3.857421875	3.857421875
167.200000000	3.852539062	3.852539062
167.400000000	3.852539062	3.852539062
167.600000000	3.842773437	3.842773437
167.800000000	3.842773437	3.842773437
168.000000000	3.842773437	3.842773437
168.200000000	3.837890625	3.837890625
168.400000000	3.833007812	3.833007812
168.600000000	3.828125000	3.828125000
168.800000000	3.828125000	3.828125000
169.000000000	3.828125000	3.828125000
169.200000000	3.823242187	3.823242187
169.400000000	3.818359375	3.818359375
169.600000000	3.818359375	3.818359375
169.800000000	3.813476562	3.813476562
170.000000000	3.808593750	3.808593750
170.200000000	3.803710937	3.803710937
170.400000000	3.803710937	3.803710937
170.600000000	3.798828125	3.798828125
170.800000000	3.789062500	3.789062500
171.000000000	3.789062500	3.789062500
171.200000000	3.784179687	3.784179687
171.400000000	3.779296875	3.779296875
171.600000000	3.774414062	3.774414062
171.800000000	3.779296875	3.779296875
172.000000000	3.774414062	3.774414062
172.200000000	3.769531250	3.769531250
172.400000000	3.764648437	3.764648437
172.600000000	3.759765625	3.759765625
172.800000000	3.759765625	3.759765625
173.000000000	3.759765625	3.759765625
173.200000000	3.754882812	3.754882812
173.400000000	3.750000000	3.750000000
173.600000000	3.750000000	3.750000000
173.800000000	3.745117187	3.745117187
174.000000000	3.740234375	3.740234375
174.200000000	3.735351562	3.735351562
174.400000000	3.730468750	3.730468750
174.600000000	3.730468750	3.730468750
174.800000000	3.725585937	3.725585937
175.000000000	3.730468750	3.730468750
175.200000000	3.720703125	3.720703125
175.400000000	3.720703125	3.720703125
175.600000000	3.710937500	3.710937500
175.800000000	3.706054687	3.706054687
176.000000000	3.706054687	3.706054687
176.200000000	3.701171875	3.701171875
176.400000000	3.696289062	3.696289062
176.600000000	3.691406250	3.691406250
176.800000000	3.691406250	3.691406250
177.000000000	3.686523437	3.686523437
177.200000000	3.681640625	3.681640625
177.400000000	3.681640625	3.681640625
177.600000000	3.676757812	3.676757812
177.800000000	3.676757812	3.676757812
178.000000000	3.671875000	3.671875000
178.200000000	3.671875000	3.671875000
178.400000000	3.666992187	3.666992187
178.600000000	3.662109375	3.662109375
178.800000000	3.657226562	3.657226562
179.000000000	3.657226562	3.657226562
179.200000000	3.652343750	3.652343750
179.400000000	3.652343750	3.652343750
179.600000000	3.642578125	3.642578125
179.800000000	3.637695312	3.637695312
180.000000000	3.637695312	3.637695312
180.200000000	3.632812500	3.632812500
180.400000000	3.627929687	3.627929687
180.600000000	3.623046875	3.623046875
180.800000000	3.623046875	3.623046875
181.000000000	3.618164062	3.618164062
181.200000000	3.613281250	3.613281250
181.400000000	3.613281250	3.613281250
181.600000000	3.608398437	3.608398437
181.800000000	3.608398437	3.608398437
182.000000000	3.603515625	3.603515625
182.200000000	3.603515625	3.603515625
182.400000000	3.598632812	3.598632812
182.600000000	3.593750000	3.593750000
182.800000000	3.593750000	3.593750000
183.000000000	3.593750000	3.593750000
183.200000000	3.583984375	3.583984375
183.400000000	3.583984375	3.583984375
183.600000000	3.579101562	3.579101562
183.800000000	3.574218750	3.574218750
184.000000000	3.574218750	3.574218750
184.200000000	3.569335937	3.569335937
184.400000000	3.564453125	3.564453125
184.600000000	3.564453125	3.564453125
184.800000000	3.554687500	3.554687500
185.000000000	3.554687500	3.554687500
185.200000000	3.549804687	3.549804687
185.400000000	3.544921875	3.544921875
185.600000000	3.544921875	3.544921875
185.800000000	3.540039062	3.540039062
186.000000000	3.540039062	3.540039062
186.200000000	3.535156250	3.535156250
186.400000000	3.530273437	3.530273437
186.600000000	3.525390625	3.525390625
186.800000000	3.525390625	3.525390625
187.000000000	3.525390625	3.525390625
187.200000000	3.520507812	3.520507812
187.400000000	3.515625000	3.515625000
187.600000000	3.515625000	3.515625000
187.800000000	3.510742187	3.510742187
188.000000000	3.505859375	3.505859375
188.200000000	3.500976562	3.500976562
188.400000000	3.500976562	3.500976562
188.600000000	3.496093750	3.496093750
188.800000000	3.496093750	3.496093750
189.000000000	3.491210937	3.491210937
189.200000000	3.486328125	3.486328125
189.400000000	3.481445312	3.481445312
189.600000000	3.476562500	3.476562500
189.800000000	3.471679687	3.471679687
190.000000000	3.471679687	3.471679687
190.200000000	3.466796875	3.466796875
190.400000000	3.466796875	3.466796875
190.600000000	3.461914062	3.461914062
190.800000000	3.457031250	3.457031250
191.000000000	3.457031250	3.457031250
191.200000000	3.452148437	3.452148437
191.400000000	3.447265625	3.447265625
191.600000000	3.447265625	3.447265625
191.800000000	3.442382812	3.442382812
192.000000000	3.442382812	3.442382812
192.200000000	3.437500000	3.437500000
192.400000000	3.432617187	3.432617187
192.600000000	3.432617187	3.432617187
192.800000000	3.427734375	3.427734375
193.000000000	3.427734375	3.427734375
193.200000000	3.422851562	3.422851562
193.400000000	3.417968750	3.417968750
193.600000000	3.417968750	3.417968750
193.800000000	3.413085937	3.413085937
194.000000000	3.413085937	3.413085937
194.200000000	3.403320312	3.403320312
194.400000000	3.398437500	3.398437500
194.600000000	3.398437500	3.398437500
194.800000000	3.393554687	3.393554687
195.000000000	3.388671875	3.388671875
195.200000000	3.388671875	3.388671875
195.400000000	3.383789062	3.383789062
195.600000000	3.378906250	3.378906250
195.800000000	3.378906250	3.378906250
196.000000000	3.374023437	3.374023437
196.200000000	3.369140625	3.369140625
196.400000000	3.364257812	3.364257812
196.600000000	3.364257812	3.364257812
196.800000000	3.364257812	3.364257812
197.000000000	3.359375000	3.359375000
197.200000000	3.359375000	3.359375000
197.400000000	3.354492187	3.354492187
197.600000000	3.354492187	3.354492187
197.800000000	3.349609375	3.349609375
198.000000000	3.344726562	3.344726562
198.200000000	3.344726562	3.344726562
198.400000000	3.334960937	3.334960937
198.600000000	3.334960937	3.334960937
198.800000000	3.325195312	3.325195312
199.000000000	3.325195312	3.325195312
199.200000000	3.320312500	3.320312500
199.400000000	3.320312500	3.320312500
199.600000000	3.315429687	3.315429687
199.800000000	3.310546875	3.310546875
200.000000000	3.310546875	3.310546875
200.200000000	3.305664062	3.305664062
200.400000000	3.300781250	3.300781250
200.600000000	3.300781250	3.300781250
200.800000000	3.295898437	3.295898437
201.000000000	3.295898437	3.295898437
201.200000000	3.291015625	3.291015625
201.400000000	3.286132812	3.286132812
201.600000000	3.286132812	3.286132812
201.800000000	3.281250000	3.281250000
202.000000000	3.281250000	3.281250000
202.200000000	3.276367187	3.276367187
202.400000000	3.276367187	3.276367187
202.600000000	3.271484375	3.271484375
202.800000000	3.266601562	3.266601562
203.000000000	3.261718750	3.261718750
203.200000000	3.256835937	3.256835937
203.400000000	3.251953125	3.251953125
203.600000000	3.247070312	3.247070312
203.800000000	3.242187500	3.242187500
204.000000000	3.242187500	3.242187500
204.200000000	3.237304687	3.237304687
204.400000000	3.237304687	3.237304687
204.600000000	3.232421875	3.232421875
204.800000000	3.232421875	3.232421875
205.000000000	3.222656250	3.222656250
205.200000000	3.222656250	3.222656250
205.400000000	3.217773437	3.217773437
205.600000000	3.217773437	3.217773437
205.800000000	3.212890625	3.212890625
206.000000000	3.212890625	3.212890625
206.200000000	3.208007812	3.208007812
206.400000000	3.203125000	3.203125000
206.600000000	3.203125000	3.203125000
206.800000000	3.198242187	3.198242187
207.000000000	3.198242187	3.198242187
207.200000000	3.193359375	3.193359375
207.400000000	3.188476562	3.188476562
207.600000000	3.188476562	3.188476562
207.800000000	3.183593750	3.183593750
208.000000000	3.173828125	3.173828125
208.200000000	3.173828125	3.173828125
208.400000000	3.168945312	3.168945312
208.600000000	3.168945312	3.168945312
208.800000000	3.164062500	3.164062500
209.000000000	3.159179687	3.159179687
209.200000000	3.154296875	3.154296875
209.400000000	3.154296875	3.154296875
209.600000000	3.149414062	3.149414062
209.800000000	3.144531250	3.144531250
210.000000000	3.144531250	3.144531250
210.200000000	3.144531250	3.144531250
210.400000000	3.139648437	3.139648437
210.600000000	3.139648437	3.139648437
210.800000000	3.134765625	3.134765625
211.000000000	3.129882812	3.129882812
211.200000000	3.125000000	3.125000000
211.400000000	3.125000000	3.125000000
211.600000000	3.120117187	3.120117187
211.800000000	3.120117187	3.120117187
212.000000000	3.115234375	3.115234375
212.200000000	3.110351562	3.110351562
212.400000000	3.105468750	3.105468750
212.600000000	3.105468750	3.105468750
212.800000000	3.105468750	3.105468750
213.000000000	3.100585937	3.100585937
213.200000000	3.095703125	3.095703125
213.400000000	3.085937500	3.085937500
213.600000000	3.085937500	3.085937500
213.800000000	3.081054687	3.081054687
214.000000000	3.076171875	3.076171875
214.200000000	3.076171875	3.076171875
214.400000000	3.071289062	3.071289062
214.600000000	3.066406250	3.066406250
214.800000000	3.066406250	3.066406250
215.000000000	3.061523437	3.061523437
215.200000000	3.056640625	3.056640625
215.400000000	3.051757812	3.051757812
215.600000000	3.056640625	3.056640625
215.800000000	3.051757812	3.051757812
216.000000000	3.046875000	3.046875000
216.200000000	3.046875000	3.046875000
216.400000000	3.041992187	3.041992187
216.600000000	3.037109375	3.037109375
216.800000000	3.037109375	3.037109375
217.000000000	3.032226562	3.032226562
217.200000000	3.027343750	3.027343750
217.400000000	3.027343750	3.027343750
217.600000000	3.022460937	3.022460937
217.800000000	3.017578125	3.017578125
218.000000000	3.017578125	3.017578125
218.200000000	3.007812500	3.007812500
218.400000000	3.007812500	3.007812500
218.600000000	3.002929687	3.002929687
218.800000000	2.998046875	2.998046875
219.000000000	2.998046875	2.998046875
219.200000000	2.998046875	2.998046875
219.400000000	2.988281250	2.988281250
219.600000000	2.988281250	2.988281250
219.800000000	2.983398437	2.983398437
220.000000000	2.983398437	2.983398437
220.200000000	2.978515625	2.978515625
220.400000000	2.973632812	2.973632812
220.600000000	2.968750000	2.968750000
220.800000000	2.968750000	2.968750000
221.000000000	2.968750000	2.968750000
221.200000000	2.968750000	2.968750000
221.400000000	2.963867187	2.963867187
221.600000000	2.954101562	2.954101562
221.800000000	2.954101562	2.954101562
222.000000000	2.954101562	2.954101562
222.200000000	2.949218750	2.949218750
222.400000000	2.944335937	2.944335937
222.600000000	2.944335937	2.944335937
222.800000000	2.939453125	2.939453125
223.000000000	2.939453125	2.939453125
223.200000000	2.939453125	2.939453125
223.400000000	2.929687500	2.929687500
223.600000000	2.924804687	2.924804687
223.800000000	2.919921875	2.919921875
224.000000000	2.919921875	2.919921875
224.200000000	2.915039062	2.915039062
224.400000000	2.915039062	2.915039062
224.600000000	2.910156250	2.910156250
224.800000000	2.905273437	2.905273437
225.000000000	2.900390625	2.900390625
225.200000000	2.900390625	2.900390625
225.400000000	2.895507812	2.895507812
225.600000000	2.895507812	2.895507812
225.800000000	2.890625000	2.890625000
226.000000000	2.885742187	2.885742187
226.200000000	2.880859375	2.880859375
226.400000000	2.880859375	2.880859375
226.600000000	2.871093750	2.871093750
226.800000000	2.871093750	2.871093750
227.000000000	2.871093750	2.871093750
227.200000000	2.866210937	2.866210937
227.400000000	2.861328125	2.861328125
227.600000000	2.861328125	2.861328125
227.800000000	2.851562500	2.851562500
228.000000000	2.851562500	2.851562500
228.200000000	2.851562500	2.851562500
228.400000000	2.846679687	2.846679687
228.600000000	2.846679687	2.846679687
228.800000000	2.841796875	2.841796875
229.000000000	2.841796875	2.841796875
229.200000000	2.836914062	2.836914062
229.400000000	2.832031250	2.832031250
229.600000000	2.832031250	2.832031250
229.800000000	2.827148437	2.827148437
230.000000000	2.822265625	2.822265625
230.200000000	2.822265625	2.822265625
230.400000000	2.817382812	2.817382812
230.600000000	2.812500000	2.812500000
230.800000000	2.807617187	2.807617187
231.000000000	2.807617187	2.807617187
231.200000000	2.797851562	2.797851562
231.400000000	2.797851562	2.797851562
231.600000000	2.792968750	2.792968750
231.800000000	2.792968750	2.792968750
232.000000000	2.792968750	2.792968750
232.200000000	2.783203125	2.783203125
232.400000000	2.783203125	2.783203125
232.600000000	2.783203125	2.783203125
232.800000000	2.778320312	2.778320312
233.000000000	2.773437500	2.773437500
233.200000000	2.773437500	2.773437500
233.400000000	2.768554687	2.768554687
233.600000000	2.768554687	2.768554687
233.800000000	2.763671875	2.763671875
234.000000000	2.763671875	2.763671875
234.200000000	2.753906250	2.753906250
234.400000000	2.753906250	2.753906250
234.600000000	2.753906250	2.753906250
234.800000000	2.749023437	2.749023437
235.000000000	2.744140625	2.744140625
235.200000000	2.734375000	2.734375000
235.400000000	2.734375000	2.734375000
235.600000000	2.729492187	2.729492187
235.800000000	2.729492187	2.729492187
236.000000000	2.724609375	2.724609375
236.200000000	2.719726562	2.719726562
236.400000000	2.714843750	2.714843750
236.600000000	2.714843750	2.714843750
236.800000000	2.709960937	2.709960937
237.000000000	2.705078125	2.705078125
237.200000000	2.705078125	2.705078125
237.400000000	2.695312500	2.695312500
237.600000000	2.695312500	2.695312500
237.800000000	2.690429687	2.690429687
238.000000000	2.685546875	2.685546875
238.200000000	2.685546875	2.685546875
238.400000000	2.680664062	2.680664062
238.600000000	2.680664062	2.680664062
238.800000000	2.675781250	2.675781250
239.000000000	2.675781250	2.675781250
239.200000000	2.670898437	2.670898437
239.400000000	2.666015625	2.666015625
239.600000000	2.656250000	2.656250000
239.800000000	2.656250000	2.656250000
240.000000000	2.651367187	2.651367187
240.200000000	2.641601562	2.641601562
240.400000000	2.641601562	2.641601562
240.600000000	2.636718750	2.636718750
240.800000000	2.631835937	2.631835937
241.000000000	2.626953125	2.626953125
241.200000000	2.622070312	2.622070312
241.400000000	2.617187500	2.617187500
241.600000000	2.612304687	2.612304687
241.800000000	2.607421875	2.607421875
242.000000000	2.602539062	2.602539062
242.200000000	2.597656250	2.597656250
242.400000000	2.592773437	2.592773437
242.600000000	2.592773437	2.592773437
242.800000000	2.578125000	2.578125000
243.000000000	2.578125000	2.578125000
243.200000000	2.568359375	2.568359375
243.400000000	2.563476562	2.563476562
243.600000000	2.558593750	2.558593750
243.800000000	2.553710937	2.553710937
244.000000000	2.543945312	2.543945312
244.200000000	2.534179687	2.534179687
244.400000000	2.529296875	2.529296875
244.600000000	2.519531250	2.519531250
244.800000000	2.514648437	2.514648437
245.000000000	2.500000000	2.500000000
245.200000000	2.490234375	2.490234375
245.400000000	2.480468750	2.480468750
245.600000000	2.465820312	2.465820312
245.800000000	2.456054687	2.456054687
246.000000000	2.446289062	2.446289062
246.200000000	2.436523437	2.436523437
246.400000000	2.421875000	2.421875000
246.600000000	2.407226562	2.407226562
246.800000000	2.392578125	2.392578125
247.000000000	2.373046875	2.373046875
247.200000000	2.358398437	2.358398437
247.400000000	2.343750000	2.343750000
247.600000000	2.329101562	2.329101562
247.800000000	2.314453125	2.314453125
248.000000000	2.294921875	2.294921875
248.200000000	2.275390625	2.275390625
248.400000000	2.260742187	2.260742187
248.600000000	2.241210937	2.241210937
248.800000000	2.226562500	2.226562500
249.000000000	2.202148437	2.202148437
249.200000000	2.187500000	2.187500000
249.400000000	2.167968750	2.167968750
249.600000000	2.148437500	2.148437500
249.800000000	2.133789062	2.133789062
250.000000000	2.119140625	2.119140625
250.200000000	2.104492187	2.104492187
250.400000000	2.084960937	2.084960937
250.600000000	2.075195312	2.075195312
250.800000000	2.060546875	2.060546875
251.000000000	2.041015625	2.041015625
251.200000000	2.026367187	2.026367187
251.400000000	2.011718750	2.011718750
251.600000000	1.997070312	1.997070312
251.800000000	1.982421875	1.982421875
252.000000000	1.977539062	1.977539062
252.200000000	1.958007812	1.958007812
252.400000000	1.948242187	1.948242187
252.600000000	1.938476562	1.938476562
252.800000000	1.923828125	1.923828125
253.000000000	1.914062500	1.914062500
253.200000000	1.899414062	1.899414062
253.400000000	1.889648437	1.889648437
253.600000000	1.879882812	1.879882812
253.800000000	1.870117187	1.870117187
254.000000000	1.855468750	1.855468750
254.200000000	1.845703125	1.845703125
254.400000000	1.835937500	1.835937500
254.600000000	1.826171875	1.826171875
254.800000000	1.811523437	1.811523437
255.000000000	1.806640625	1.806640625
255.200000000	1.791992187	1.791992187
255.400000000	1.791992187	1.791992187
255.600000000	1.777343750	1.777343750
255.800000000	1.767578125	1.767578125
256.000000000	1.762695312	1.762695312
256.200000000	1.748046875	1.748046875
256.400000000	1.748046875	1.748046875
256.600000000	1.738281250	1.738281250
256.800000000	1.733398437	1.733398437
257.000000000	1.728515625	1.728515625
257.200000000	1.718750000	1.718750000
257.400000000	1.713867187	1.713867187
257.600000000	1.704101562	1.704101562
257.800000000	1.699218750	1.699218750
258.000000000	1.694335937	1.694335937
258.200000000	1.684570312	1.684570312
258.400000000	1.674804687	1.674804687
258.600000000	1.674804687	1.674804687
258.800000000	1.669921875	1.669921875
259.000000000	1.665039062	1.665039062
259.200000000	1.655273437	1.655273437
259.400000000	1.645507812	1.645507812
259.600000000	1.640625000	1.640625000
259.800000000	1.635742187	1.635742187
260.000000000	1.630859375	1.630859375
260.200000000	1.625976562	1.625976562
260.400000000	1.625976562	1.625976562
260.600000000	1.616210937	1.616210937
260.800000000	1.611328125	1.611328125
261.000000000	1.611328125	1.611328125
261.200000000	1.606445312	1.606445312
261.400000000	1.601562500	1.601562500
261.600000000	1.596679687	1.596679687
261.800000000	1.596679687	1.596679687
262.000000000	1.591796875	1.591796875
262.200000000	1.586914062	1.586914062
262.400000000	1.586914062	1.586914062
262.600000000	1.582031250	1.582031250
262.800000000	1.577148437	1.577148437
263.000000000	1.577148437	1.577148437
263.200000000	1.572265625	1.572265625
263.400000000	1.572265625	1.572265625
263.600000000	1.567382812	1.567382812
263.800000000	1.562500000	1.562500000
264.000000000	1.557617187	1.557617187
264.200000000	1.557617187	1.557617187
264.400000000	1.557617187	1.557617187
264.600000000	1.552734375	1.552734375
264.800000000	1.547851562	1.547851562
265.000000000	1.547851562	1.547851562
265.200000000	1.542968750	1.542968750
265.400000000	1.538085937	1.538085937
265.600000000	1.538085937	1.538085937
265.800000000	1.538085937	1.538085937
266.000000000	1.533203125	1.533203125
266.200000000	1.528320312	1.528320312
266.400000000	1.533203125	1.533203125
266.600000000	1.523437500	1.523437500
266.800000000	1.523437500	1.523437500
267.000000000	1.523437500	1.523437500
267.200000000	1.523437500	1.523437500
267.400000000	1.518554687	1.518554687
267.600000000	1.518554687	1.518554687
267.800000000	1.513671875	1.513671875
268.000000000	1.513671875	1.513671875
268.200000000	1.513671875	1.513671875
268.400000000	1.513671875	1.513671875
268.600000000	1.508789062	1.508789062
268.800000000	1.508789062	1.508789062
269.000000000	1.503906250	1.503906250
269.200000000	1.499023437	1.499023437
269.400000000	1.494140625	1.494140625
269.600000000	1.494140625	1.494140625
269.800000000	1.489257812	1.489257812
270.000000000	1.489257812	1.489257812
270.200000000	1.484375000	1.484375000
270.400000000	1.479492187	1.479492187
270.600000000	1.479492187	1.479492187
270.800000000	1.479492187	1.479492187
271.000000000	1.479492187	1.479492187
271.200000000	1.474609375	1.474609375
271.400000000	1.474609375	1.474609375
271.600000000	1.469726562	1.469726562
271.800000000	1.469726562	1.469726562
272.000000000	1.464843750	1.464843750
272.200000000	1.464843750	1.464843750
272.400000000	1.464843750	1.464843750
272.600000000	1.459960937	1.459960937
272.800000000	1.459960937	1.459960937
273.000000000	1.459960937	1.459960937
273.200000000	1.455078125	1.455078125
273.400000000	1.455078125	1.455078125
273.600000000	1.450195312	1.450195312
273.800000000	1.455078125	1.455078125
274.000000000	1.450195312	1.450195312
274.200000000	1.445312500	1.445312500
274.400000000	1.440429687	1.440429687
274.600000000	1.440429687	1.440429687
274.800000000	1.440429687	1.440429687
275.000000000	1.435546875	1.435546875
275.200000000	1.435546875	1.435546875
275.400000000	1.435546875	1.435546875
275.600000000	1.435546875	1.435546875
275.800000000	1.435546875	1.435546875
276.000000000	1.430664062	1.430664062
276.200000000	1.430664062	1.430664062
276.400000000	1.430664062	1.430664062
276.600000000	1.435546875	1.435546875
276.800000000	1.430664062	1.430664062
277.000000000	1.430664062	1.430664062
277.200000000	1.425781250	1.425781250
277.400000000	1.425781250	1.425781250
277.600000000	1.425781250	1.425781250
277.800000000	1.430664062	1.430664062
278.000000000	1.425781250	1.425781250
278.200000000	1.420898437	1.420898437
278.400000000	1.420898437	1.420898437
278.600000000	1.425781250	1.425781250
278.800000000	1.420898437	1.420898437
279.000000000	1.425781250	1.425781250
279.200000000	1.425781250	1.425781250
279.400000000	1.425781250	1.425781250
279.600000000	1.425781250	1.425781250
279.800000000	1.425781250	1.425781250
280.000000000	1.425781250	1.425781250
280.200000000	1.430664062	1.430664062
280.400000000	1.430664062	1.430664062
280.600000000	1.430664062	1.430664062
280.800000000	1.430664062	1.430664062
281.000000000	1.435546875	1.435546875
281.200000000	1.435546875	1.435546875
281.400000000	1.435546875	1.435546875
281.600000000	1.440429687	1.440429687
281.800000000	1.440429687	1.440429687
282.000000000	1.440429687	1.440429687
282.200000000	1.440429687	1.440429687
282.400000000	1.445312500	1.445312500
282.600000000	1.445312500	1.445312500
282.800000000	1.450195312	1.450195312
283.000000000	1.450195312	1.450195312
283.200000000	1.450195312	1.450195312
283.400000000	1.450195312	1.450195312
283.600000000	1.455078125	1.455078125
283.800000000	1.450195312	1.450195312
284.000000000	1.455078125	1.455078125
284.200000000	1.455078125	1.455078125
284.400000000	1.455078125	1.455078125
284.600000000	1.455078125	1.455078125
284.800000000	1.455078125	1.455078125
285.000000000	1.455078125	1.455078125
285.200000000	1.459960937	1.459960937
285.400000000	1.459960937	1.459960937
285.600000000	1.459960937	1.459960937
285.800000000	1.455078125	1.455078125
286.000000000	1.459960937	1.459960937
